383.72024360928424		295.2648621664214
358.8646353605776		323.83982158153873
309.02466065321534		217.5056156509576
314.93896360088087		242.00572265291996
214.21623930852488		263.04251765098917
225.2477200258453		332.3701429154436
262.6723523851841		269.9178230616389
264.7743560002491		345.4842210444794
388.7433433370446		267.186146762421
234.93387512297463		260.4415839910519
254.90753453263113		185.55618960547056
214.80535831776615		276.9675716137091
286.20260291839634		204.49535246381015
276.46202643404536		208.85434787780662
294.25348365197476		231.4076289205309
335.30772519905906		264.0574385662581
268.9568669775106		295.41568726080766
260.91963020822607		163.3392926757588
282.9380237259627		228.25622820810887
290.484241171878		251.09069421938682
281.17857909566146		247.31606780211445
301.6651543155326		288.53775846893836
275.9582538418243		252.157631808809
298.88081835545654		210.79081908292775
304.84456175010854		245.80169294830176
282.2559551167434		237.6780678049123
255.93087828407917		319.92890970305126
213.5681752456893		304.736219790104
301.7392011283488		328.2626392997336
275.5632820986624		306.9300150481189
353.2769703166622		280.3352791518087
253.60876278008817		285.60773763697347
258.8692800401099		303.10028578599395
213.8568879755777		304.4900375152151
334.31392233679037		304.021590838104
306.94919822322447		249.11137336990242
263.82237270355387		215.02349297909365
291.08843797225273		343.85805443725354
268.82932085415075		278.10534990708356
327.54968525842986		252.22968061703313
242.0372073569719		266.133339786316
291.84273893708223		237.72427236381608
328.72753011831503		252.64844417810573
284.1022566102778		232.6846030707603
273.2404291436856		235.59833041663708
283.0919249146862		259.1731430146985
218.87015520270054		241.9459612647462
204.620532404606		288.4806947328714
256.48969812553275		182.05117996010853
333.84180012337964		302.74662476023457
347.71680819213645		341.9316362116547
284.0037458605076		271.9434065772121
277.2092851111531		301.041427715853
242.25858385094207		318.2835246987455
251.8810251799296		230.75543282010204
242.1201402317131		305.37554832407585
265.8778597990903		226.2257243853998
310.88816367665265		162.8032389486188
302.2586378475137		238.40693993637515
295.11639458736715		251.99327946964263
323.76647869274905		288.0135945296044
332.46512807342447		287.48793365183707
243.77710481631075		214.32266116632798
261.67809986079203		212.22164282006818
260.63185949980453		324.1424224831035
257.21999626027576		344.81584211176084
357.5597570060148		268.76389027299143
195.43958426936317		260.0761849657199
309.2999303438686		274.83725311901276
297.9272576591397		250.31514138551472
279.2782459483126		245.66161846259763
238.02105533288372		282.62930465790527
335.282065938276		228.022688677599
290.8452617828335		259.1819501844819
226.90825537556805		265.89875732978487
269.9070484458558		224.7992928199664
300.8015428594559		244.94588274491872
270.46411977521507		294.7740246307845
320.52303356254146		319.06831398272476
178.98796318049102		319.86844847891825
305.7320273547916		258.12259314482264
262.90891447882035		229.77645836762267
241.65850141810594		231.95848703868722
226.27361601699607		305.0158513376662
262.6885745043429		308.16944779354685
288.8413454001619		271.751028346535
280.0488329399039		342.22951981273127
234.36437369250933		223.2465331669601
336.50594106741806		290.0503375597474
263.7082778553254		334.60677747573976
315.39037155420556		232.36945909493616
212.27008724841846		320.5770124321998
291.71617587288074		304.64797972679503
305.47703030179645		214.39752734115248
286.76680572765883		265.0258465944695
254.8207972104854		193.33144256465525
271.34723680421934		237.07316875546022
271.24074004383033		260.5888484302538
339.8924598363658		381.44640556004964
340.95046938496716		356.7496002332055
363.55135201043544		367.92837426699367
297.52548580181787		195.5960503662869
285.49456092867126		244.94304311496518
262.1408095349926		349.6357476671152
255.5893848002732		244.85609945687946
314.67778832892753		229.43429483932036
307.4530033076952		235.22382034540482
240.91067259878966		183.2454325077311
292.4270798436426		308.42177183286356
316.7246142678431		256.0455469218395
285.99739911880494		353.18081112953405
324.3205082628674		324.7752635946687
317.3677838568731		240.84070347729022
222.06348759103693		319.1946871433935
226.67322254919208		351.6471172738144
337.02917044080067		287.52236529906594
375.6336761472236		258.4965115629768
240.84953508813365		291.5531800291704
208.96658922252544		283.11590324033597
292.5550148970844		179.92112090894778
340.2205320347658		290.515364196455
261.92638239993096		203.57529913138768
220.39518105598233		226.3666807357928
311.4068042431505		195.1500995928568
298.67384475288924		251.78465428009991
218.75825754132262		301.7265120411727
275.17132524881055		234.93157676568464
312.3356426221249		303.7798946568169
288.2988940141332		182.38379831302024
263.3680692602527		246.6194564396601
274.9355887342941		312.05683822041647
211.38393890536653		310.43614838119163
254.148703104772		286.3446376962552
244.0742807166806		318.05834344030785
305.8462714939308		256.2088750017014
303.5601958874673		314.88402250984785
271.88583224843836		297.2140033527673
360.85422199559287		273.4031545861391
350.52385349943467		352.9650324067248
323.98218104039506		251.28160560794794
293.96946533266174		282.3468860051458
160.0410128192573		306.0010538970358
230.1685756284635		243.1023778967187
300.9913343987372		223.57117687120297
223.48664885176242		213.17209048427637
180.77988874090994		269.58924662320186
206.73767825684712		331.1241655391235
259.7068961659653		260.8033184630539
232.35337883236298		335.99686802791155
247.48883434367514		219.28763234644958
302.79657859315313		237.05903234862612
278.88774873767056		198.4763866865502
208.54848709722404		295.32728784330885
233.35284276293964		196.76761783819495
299.58272175186397		206.91754089545174
280.95529268051644		254.24290055959807
254.1968642597253		218.41653860790788
249.6360005602038		339.3901056340326
270.87167324347575		234.58370067352405
281.21789616983585		317.4211255022083
260.1825519748607		296.1480091695916
232.0846036151557		331.816196722081
321.0799171244668		314.23554327814816
277.6223194235849		276.0474406493219
246.4423177348242		281.5116510474588
283.9378969535565		286.39270915693294
241.99721239527096		186.14346991898196
271.79820313456435		309.9958329168372
186.21601637289348		318.29346470224255
274.1705525825415		180.75339259784292
378.2653558850264		282.93027577618216
226.9505421868518		317.7501121960143
290.15349088614647		255.4924565079499
256.8293358501213		259.79504304504366
187.3798308220718		234.72407468701698
363.3936159085225		274.7243436182893
323.3554317703743		274.526185916183
325.20851428097444		225.14424639125946
224.9506704818805		320.6211700320418
240.56588278274722		330.81922643521455
294.6141579705588		246.66378733457827
342.1403875377009		292.47618799952915
272.34973261177214		202.5823123256769
258.72217782556874		235.07211261673072
262.0467526153898		285.0084359721537
284.1647481499861		296.75453363858503
224.47449997486146		309.0256800022937
230.71254139380437		260.1122124066547
231.82867193240503		293.6038794288721
268.1258629179769		251.1102701110081
283.4816390419235		241.74247919921893
334.55518835202395		317.58879297447237
324.9387305513471		314.15636807410027
281.447584530491		333.3944080459645
285.8443308261709		222.48690397505595
270.7628751611817		232.17199455412083
298.5627985996498		277.6020676435814
242.3952952638087		158.80471046797416
210.31682601588602		314.81045800538334
242.35895998636013		248.08695535068398
308.38589248420504		331.5682349048409
203.27476530421654		253.22637689799237
304.80382157468097		245.77715331239145
275.116185354714		276.6079608679229
276.2238247990027		229.74806516777753
296.0697129828988		180.87154604230997
283.2806862392618		199.43079263848202
273.94151992568993		230.97913275073375
220.4336719196135		266.06493117572154
259.5836416689617		285.1401959598309
303.54304218215793		313.4639922332823
337.4820089390837		302.4418067018049
252.4913619990738		292.8721518577494
297.09542155088724		270.1802403310724
320.9594067761909		201.14011860496777
242.29538967856507		199.8153764641622
287.3556800113109		244.09143711413753
287.5598528935575		290.1555525271526
257.84146486477084		307.2805131774656
253.24912856690943		259.2437731127736
190.31587538292752		332.7288980338227
293.1442725976792		296.03307115741876
288.3269183706285		233.33278796749062
268.90383577238606		209.92869223731108
345.1971860442418		218.83400616489396
321.7810392939532		341.33577875141003
215.1146016199516		249.29165175089423
343.88040658443657		209.7207942380014
293.4233938692325		188.0520313416421
289.42183762574416		266.36293971525646
322.2298940644916		289.3099083735847
296.8479920402143		278.72059587187994
263.993870222026		157.47107757703554
246.93139210830984		255.94693706108282
233.25085477163384		290.9689562124488
291.2237503217899		204.39840454669002
333.0437797065482		314.5410094248626
233.72863303781264		282.07349511580196
341.70178394402234		280.640603501564
254.9605859457766		234.58263028427498
369.75296752428187		305.47719387089074
253.6372841873903		355.12074142662897
271.1805890704195		299.08950492115196
277.47059007277994		286.87216218186103
234.3344302993994		236.4393204475813
335.8673459838762		347.0518122209933
302.08370007369314		318.8515349799479
266.6937835116608		213.99322381455372
266.7566215090171		254.91267208603804
277.8885018035401		300.84931667151534
318.2684272408093		194.744113093767
297.74513630994625		292.9101375243253
317.9094443161397		284.0109753667502
228.25597874524692		309.36246825632605
265.8109271312735		257.2995645427626
193.20009047769815		389.2667786983216
363.86372345275333		225.38635467035027
270.02455022420975		185.56418629472273
201.97529151670653		289.53623303024216
246.5721603153616		300.493715875298
325.4250348134344		263.66377000581144
309.5408027931708		247.8359639184678
323.1410030354528		283.1952136602295
324.07425171373006		226.55734545706866
270.9043404648738		327.0837686009903
279.6054555611307		248.5688339652415
204.85981209370672		261.96932745756754
254.64040500468997		323.10829928765475
204.35043145373348		332.7413915422725
295.5577180523368		194.30817865617922
265.4785514217716		276.40042958002266
208.70943718388514		275.34231714458815
221.06581619110426		356.38458643742416
203.97166006249063		317.02291362782006
307.73797982750233		296.40007412460164
189.41895574627034		334.1928059963022
266.9479706183849		300.0815107929258
210.28843255346655		295.6931627594622
273.8128682146909		226.41439810735872
206.4912873849338		257.1022969151744
316.7349840809507		184.47990205373213
261.8407274151946		285.78436604092184
328.98464943347597		263.90373731645104
178.24214183778406		351.31776087249995
323.09920304056476		272.13942138280044
327.51582868085467		214.11855711397249
296.41739659123357		198.63430144519754
264.2367995141301		299.5054173007187
271.225025834896		353.6781789705476
295.427258797095		406.2693116361721
207.70477075650186		333.87806054709995
260.4098077946221		224.86513139965706
262.6490621706454		274.0391410034037
342.08435210858414		220.22272248277687
308.6259913076578		231.3457675780358
322.3289036972591		188.8628183370187
280.76948466365684		285.2774392242038
262.1912634601571		189.65092336418553
220.18062572965218		232.95333901451704
283.35876595074177		231.73781099797293
259.9235346861869		288.41038180984697
354.8233005783681		194.0012499154653
263.0552587249299		296.5857980638358
243.49733211503494		237.84697531674956
252.38123631575488		262.4643667530321
303.2159315326434		275.24842202951265
226.10428308871488		321.7414657261676
299.2318429667673		306.5347767196987
336.89003506299036		219.5081108435168
255.7405282743935		242.48281591911652
233.71338958601422		228.2999544943701
265.98575055227093		285.7184948731031
284.5224099215429		271.6208336347864
315.49069498094224		265.71018157535855
326.5062421745415		286.425590473577
326.8378958808104		304.12593526441674
255.05347001885127		369.04371012507823
260.75711256372495		288.80595408923
263.23779353745095		334.3534292494968
289.6805667487452		176.2997156139562
289.2508475924269		219.8904525836056
312.4842161030809		235.80071969010532
214.82248546467488		252.14175182853924
306.57030607303574		264.709538379563
309.738677071049		172.84610387741478
273.58554417695194		242.85479201317074
353.33796026227594		218.3022305995429
277.80703828790337		234.57543687737768
252.611474805286		289.2439889160369
224.05500900535677		387.5805752857595
293.2991076416994		326.9241300210403
216.63655264031104		316.57984038652233
211.80849807094083		299.7459707199369
271.8119309751144		225.99120281756672
272.97307159953687		263.73539087018804
363.3096309676521		283.544259991786
300.04159264072325		355.0960613550084
312.0871892183375		216.8436309133362
320.92325688468134		320.26249821813167
278.6623483841269		221.53658615263325
237.81312509199245		267.8723108843466
307.59340789141163		337.21951369395487
249.71801040718293		253.1171107200416
251.03660749803188		239.61598729916506
244.32050146530426		249.77859740253993
309.4598413963486		252.30748814786784
173.69776750455466		247.03032575479799
329.1963139425273		276.6444916298319
299.05261692466615		377.0429859915748
341.44252439424304		164.78328590059107
263.2995623137311		260.1403602356365
211.5278028328362		330.57112933301715
348.9671079155291		276.61343285593705
277.34153752113747		282.4686461813394
270.2382860796998		326.9346451216706
263.42764239422354		242.0506989726955
303.3525541999882		301.80477989346065
277.77599742059294		291.4109196919229
299.8111794538192		370.84272091333975
219.16731577423968		270.1454548983611
241.96893077614484		316.5469389423142
276.1708846565184		237.50365329321298
319.6345803405475		194.433486342423
317.68431977737396		351.74940436185335
331.83214006317627		206.03084369438164
186.74056390727932		361.63429967375544
310.84326043773257		285.3601031162561
258.7591302170948		339.31640756196634
261.14295364194237		273.8722542217116
252.5617721186757		273.13175100813896
278.4024407138353		277.74023157374864
299.4592758252866		251.04386128878588
249.96244045562818		297.0327860643839
238.00664609081338		269.753138548912
272.94323788093243		293.7741935630731
258.541463773409		300.3541871455884
296.5788401031021		194.1730459563225
282.42057380048857		294.2956652175492
316.8222499775115		333.5503832413393
316.9179712548009		257.98520727450443
271.11331980565603		168.3042253304363
277.882588843694		261.2613836772419
163.22001751997144		237.51474659386022
243.04876922240393		290.96949991956683
238.56087205723412		322.6144285042503
202.16729379953009		274.77170197610684
299.86132620545993		260.28200905993356
277.55587828243534		247.31056052895713
289.9819586241596		241.94382696487082
256.71922351427617		297.5671621111741
265.87094946481665		288.5670552622346
210.41892220316817		322.6506835571229
213.45591903901231		287.16176637758724
240.69090445904882		243.96174970372238
279.6756794066947		292.27165194855155
347.5113212417813		207.51522568587205
236.4462524618196		269.9868055582546
322.1308734995751		285.54819319604076
280.7705934352375		298.3466629044019
303.3028375880867		320.4490073922082
277.9735502417302		258.27269188838
229.08537798330119		275.3960882178317
286.6527002850868		294.5505694233623
290.7403712384383		232.8622787736563
317.63365786317763		253.8976189009575
306.6424653702022		137.87127319811592
232.67353627410495		275.06304924680165
343.9875892172138		330.6011463051117
328.42324929194683		298.7883344359249
214.26005877438803		365.8053016784357
221.3537344267841		276.1612146048436
295.44585138503106		264.0900034074771
292.3771789792734		286.26357570512573
359.35464514453645		321.9524442544009
288.40121580743556		269.05120528763837
263.6087308811565		257.07968341778883
289.43850788814945		221.20944014472994
341.4145820841682		345.3749456636856
267.62080619028296		219.42484518996483
234.56736059750423		308.14191534637814
226.23319876894948		357.90261434777307
261.04981011213835		216.94199007829022
202.2870510002619		239.8708328554746
248.77241016069692		321.1460769791454
269.8569664100218		249.23619018552324
234.0293710319084		281.52357721844686
207.42170923460156		292.62627350038974
212.46764076159795		308.2575666043558
356.54059327516217		290.1802784499361
221.2750000895986		262.7361226965121
310.57344196945775		339.14622693452804
210.4420449769005		228.3851712282385
258.4597822738811		293.0766531134845
284.94602741500853		274.3015329267795
290.7924573353782		216.28844727387798
278.05992159883886		230.36858851145638
139.6147208439903		221.32302273085403
305.3331876026771		246.75853282556773
187.79123619456874		357.34107763246396
193.7243493722507		361.9497159341359
292.19068929317206		259.19282137077744
216.99336357191035		319.64219965690506
278.4342799767477		288.87955495977883
333.4743321760139		270.3668461208424
318.0314578615561		280.61376722797206
346.2113498039743		317.3364531225432
280.9937845175019		257.75405555268026
235.701991428938		274.20765364545565
306.0377894890115		337.3046417014308
358.6382022682636		254.67474098305954
240.79634740340313		310.0621914041768
300.02668424682327		160.8526328632459
273.0078488312883		290.6237645939502
367.8833978528627		241.86959093028798
351.94469354862986		249.86206473014087
297.74149549953745		221.41629829661878
304.40781337340337		222.50302812095097
236.42782025797757		315.86930835987596
307.6181378483987		189.2564075628623
295.81254876150916		240.1471495461576
336.9823306433218		328.36365635668375
292.052408772746		225.52408881911919
252.46733189896008		298.2794051488781
256.63652777047866		301.917650067772
287.86583363316043		289.2060252729873
272.47129813309505		235.88803551106923
312.7319147852115		184.72291302757623
212.18508980539448		297.54503322578836
311.46066610187626		195.85161957147727
261.99414456348535		311.4137638520484
190.74911567588526		279.5373502008267
217.2624936147364		335.7426926233119
222.20881330743197		212.6344807898201
298.7576211006613		278.24592780195735
269.03729211639865		270.7423233389502
279.03499196432955		243.55536744262577
309.58691346831216		171.72373063949394
292.5608519319548		173.1556200343353
272.513518082858		249.51124879356442
270.3080065967518		238.31606161498522
335.2994428492821		230.80307023135288
296.1835360554353		233.29767179862145
268.92395109822775		281.6841690599025
366.4264667836135		150.98479097618747
276.11821642204717		333.9644786847816
279.9601182838064		262.10701020019917
221.54077617579355		241.65829543605201
257.08195452407426		197.45900709929793
291.1470615805485		201.8549443428937
324.80640843346913		214.425462216425
337.8410864844588		275.0574541617242
252.40778425671343		250.52761796189753
233.12230993645483		284.8753721895247
216.4569658511605		193.70550704358183
342.1813126295884		331.69892283183106
219.85058105643998		308.16054524059865
310.1449816853616		220.78453727639763
225.4556906550622		246.6403524889033
335.1321097421045		198.36877096346188
292.56974618303684		188.8454291008684
285.1913690876136		339.97634890147305
297.2941935026087		262.5738468637615
272.7528021099002		290.1445535728133
372.1723077969508		294.4266741077592
231.70508672842		252.38082673739478
185.17598721262866		315.7879580014597
174.48138729865536		173.23593675445477
230.1147496443958		349.1436225448114
288.3626415754969		205.07161129011132
194.18399882663454		255.77718504976323
213.9110838272758		255.1347619244719
294.66568754533535		299.29874531458455
269.84279871601115		234.58478362132928
190.79505500409067		244.6195578366713
334.2440524429044		248.4630694953195
237.86673983607434		318.66681178810046
343.40367640460903		228.9152237617014
264.13051373247947		355.2981519461618
254.93791895370978		274.2581769746032
302.46143102606237		288.41520370600347
278.4916390733665		327.24925237782236
298.7700286409735		234.83449441019758
227.79029462400172		267.26703748040364
341.113528016989		281.3211605494874
188.0611077137122		286.0080215913072
322.95332731719884		240.5059603664172
320.3873873211357		221.43754711229963
245.8826436176945		270.10416174668524
226.84925813237658		327.56039274332966
334.2458173847855		316.8631173625331
332.83482822784384		202.15639139664512
257.3452576222675		251.00397177265987
295.91580584451486		330.3657429010163
258.89325839939147		217.74939797769886
328.2889861153828		268.1606822014548
237.1669718745792		334.1221925834099
207.8816439772076		276.31714355535155
244.98778163665722		266.529774737367
313.35488007659137		228.8146482483698
279.65762032971		309.1551991126252
315.6636534017703		205.19645841984178
282.9458198933836		265.7863049452228
323.7863899188148		361.57884518171176
347.4002194777753		251.3697475590503
265.920209687638		194.462424313991
293.4694057619718		246.29834016817233
292.8161684891537		189.2129442911986
322.03414177323157		266.2599931478072
250.15879494215466		252.97474714095043
324.4811152772237		190.11755185875302
249.8138310088768		380.5039134246341
327.5847007441222		294.59635626343396
293.211042188673		325.2175062373986
251.54445967193598		314.50492672757457
243.43676974335244		302.3355240562391
302.4678805831244		286.7862640926688
282.90611515639375		220.1482175173046
336.1182732808615		257.1484702422612
229.08113648733837		354.05719180367817
325.8328516625369		186.29157376086374
282.7407060170785		304.543395572739
238.00264957227336		325.4553514074463
248.10667977562247		297.20631167023936
246.88295968447744		255.3791137743783
143.5149051940262		388.76747902742
278.72386305542716		216.72214493202395
317.85461785802914		218.86296390945486
383.53436607673336		249.7747952062043
272.91489782997996		323.3158629681851
310.550007278106		211.8369462371927
240.23422102039098		256.9130367890779
268.7603570104997		184.30026567398684
293.92471046178866		226.8536562906124
274.1176745529199		237.04437067052018
314.015723575759		238.03156291196825
259.66970493439635		318.61491177122474
286.01133317482555		233.3086632873662
313.07190349543623		231.44453930156294
276.69685542305575		249.9061206399194
161.24054142325122		358.31950289137677
288.8375814999286		302.8230428887969
199.84441086513658		293.5630036698119
295.813432525782		350.3873384843823
274.10947040151467		251.63889323820467
259.7113730920715		284.90538190945904
336.70738296436235		240.53486426458267
329.0840431281892		229.81322925497693
313.17816904902173		251.22982287238892
232.00583136788012		290.71244083881993
220.4070410675575		386.51102767092755
276.474766897688		197.1814586883725
296.2270388474574		149.90573926282104
242.34401136925916		247.84804096708524
211.73942772974038		312.6034441735766
265.0176860545968		227.58906790364915
211.6249421179732		262.62256999010697
260.2467425513549		262.5081169332872
237.9179410952021		340.5528287750566
283.0260184769163		266.9631961449415
292.1840780285718		326.7040782547919
302.63593393752797		224.2229751704241
209.75712616097795		241.3075683604538
373.31507366244983		285.55314966026083
353.30839341560204		238.0391128272957
262.79160858200595		249.3140426460656
299.7806856818669		236.68169100100093
237.66172443243406		242.54817445149965
239.7111135897748		249.71952657668683
198.04845627327484		283.35093216089246
208.81680508147826		351.3914127133269
307.28317088140386		272.1109911965069
291.3113284155234		313.3044427355156
343.492344905639		257.17479734107167
282.6569924511871		290.2343575127318
326.14259877413195		360.59795535894
319.55438419043577		227.45677715501176
298.6518145746683		344.2085198660705
260.39904231225296		220.94064670345153
278.3842025335554		281.30912277401933
250.22605362606294		218.41955855486987
294.6081596265295		232.19505633767528
235.28753850941303		356.8936957585952
319.77248652523053		351.4020817070123
217.66882590421721		369.6122271694904
152.78958544783634		319.18979553608926
274.6150868334768		249.00138523680556
350.8827548101209		238.9395157968987
244.59514267499634		254.1759671014906
326.5550720552937		301.7296605003941
299.60838403233015		325.92353376277663
247.1232900156124		305.7007152221253
223.75304385804714		279.33371321418616
289.68877715678497		236.46600357175544
247.51314953844584		238.7539001069428
228.76302200621507		258.79805782482356
337.9371709640387		322.7202834087386
238.15871265057163		293.8490755745269
361.36700407220326		290.1165919154544
234.17816107553557		302.5342040562477
257.1114242072881		213.23740947748422
263.3754569568629		288.8017098976176
199.60515102143654		310.4568418965633
239.45240683056275		297.1757004800429
215.15080209244175		244.16816149131373
291.18635146582574		285.0082746969038
266.64726267959054		257.9189050955215
257.747878826184		177.16316174490936
252.40272703378008		283.8474143585134
283.7355431716438		347.45452008138216
275.23712593045826		300.5699045020882
336.90589832980527		246.0942946874144
293.5689829421314		261.30612320496914
229.28319484609722		284.0930378177749
259.73688654497647		316.9579683924946
272.11734740679873		244.29059203769847
261.828570178641		211.43341447893994
277.65535083065436		340.3758141045889
210.3236502600895		327.91296313312137
224.2542699093885		318.98421685680853
334.1430374445653		221.09261691060274
157.13489963643815		298.85734385431584
262.3337711324282		281.9506727899896
247.1522800090733		233.42699031378095
335.4688267505854		208.92118501741535
307.08578447367677		248.37560039757705
217.00542174263455		233.49507878879314
282.2452667393683		269.7280803454861
293.10324895955483		231.95891196114647
308.218596259731		255.78897852694092
313.199791977139		213.17852463275312
275.05653827319514		174.46599622477322
265.8751203820943		274.2221028575087
211.03157863410956		363.57468714490705
322.0499295040963		211.376469193126
262.23130727812764		305.30198970045507
278.88960528168406		239.45613930215634
205.48324395425863		273.7528709066413
191.11448122036774		303.4461151857583
236.00469463212266		307.34087299534633
300.2128262921366		262.87815873495043
229.45775389771717		263.28791633618215
238.69275123934307		310.08293343596273
239.76472563479464		275.4287496550101
309.81109343569284		350.0929062386609
295.3774288805945		249.45886909796778
273.9375564932093		308.707027739102
289.16307039020273		240.51585634443558
284.82168119045593		188.43493576234056
258.3712601663597		253.49105092907354
356.6153958820533		289.2004412303677
336.1584374181205		207.4733354853591
268.5927011862177		300.4709258416055
261.50321839109984		275.23621895812107
302.6358775937072		321.5022462451641
248.73282445020047		200.84180751732885
224.64978597741626		187.41320917257698
288.2737273515379		214.05220490956248
214.46632051800825		301.96712818689224
258.7313257555218		210.2146240098882
273.2549423590132		302.3387953297933
253.3323604540621		274.6866973305513
190.1389606690316		300.43554133277627
256.3947792828734		303.7506104149172
359.8989247207819		213.21683062683297
331.135729748476		232.52486691556334
311.4288674568665		245.19890411068693
226.67924929894548		305.690250760278
266.4833485118774		242.79453099419862
368.0465632893748		312.9965044183689
328.9196989618932		277.6540509557585
236.66906511540572		335.05315101814546
226.92466014932546		215.77901399865516
299.68536246148085		208.3924896801713
273.5108018221665		191.390750489025
249.09491858408808		263.121921273445
234.43571122262836		308.0830838827566
329.6566646604757		335.2735349289797
307.4227821838938		195.71594428256813
291.13855097702066		251.78373125185732
377.2935416219103		328.5637018197769
248.32870927969736		258.17431682352895
251.70110464575558		241.08894017319372
259.5502608342101		253.29602616063306
281.97870564518195		222.3028466644018
263.99582018002525		165.29620865972214
204.2792271051329		265.9092639418988
305.2370926347934		273.987145443308
271.66827120549806		251.41656890264542
314.33478007250636		264.1496592225829
262.1825498537323		293.4657897883155
313.2770429252311		262.5095800059369
249.5640303716529		290.5889290609894
238.49787798591757		251.56467228971923
214.9241867750005		319.71408468700514
291.3972501523425		292.7617842252964
219.8314268063014		221.63147870321018
273.5670993936062		274.4261665163471
328.01801981072595		254.36202466915208
264.93776051446685		318.4828584284878
285.4729973283305		297.9655497374478
252.42909904824037		292.24508723070613
261.58278307352543		268.16883857491194
310.18142678871544		309.71925625029195
309.24683599727666		298.75433064705163
288.23068395928044		385.0838639311538
250.38251423796416		292.74229195497855
289.07625256442077		273.5589925792838
279.7719333026784		268.9206722755702
232.5500928753997		254.22442288975572
317.1765471117814		236.6073837433785
212.63810963051563		240.6243289806042
304.82010194614367		234.10468720892771
264.0713236510016		284.8898107475621
265.4138349096392		240.27305404175485
300.7309585870002		295.4189108548577
259.8489984983573		307.3929277533963
292.5857724240701		229.86782217939543
282.108840888808		191.9169363200477
306.3515945217555		236.3543754091433
230.60335616882267		292.6049639410445
287.3144720412716		181.3823214966093
224.61053696674253		256.4054147545148
309.0732295720131		253.95576147423185
305.50275999951805		266.25993436580103
299.6049887381153		260.6997470818708
255.57350348461938		266.7097767287229
342.3289929867923		378.3401829020456
347.53832520207726		270.7924516235724
331.34035878188206		298.62983609193645
316.3187959282089		269.9508878204598
244.368777775574		367.5502522133915
273.0169944712502		204.1992959038764
266.00073974871685		181.11838608916926
240.6532663267857		317.8714236136345
290.08943025244844		180.37168810772846
252.0893115737118		244.44268517118334
192.89190745085324		279.16326252352616
298.10508654753477		167.60045603548855
347.030559768423		270.68236008853825
309.9883137972424		295.0166116484447
188.88789866106802		313.4510734330678
254.1810503360151		277.95940080495996
299.74828730350714		252.00401131280648
308.18985423066624		213.82188448934056
243.14826800925064		263.83050336248937
271.74301363221434		199.03904953709846
299.34428098391567		250.23486639273636
218.45251491222785		278.6752958644934
307.61689070191915		305.2133319469833
310.81531990081567		258.4158591055802
277.8023140599282		320.96605758813496
333.1915269380091		287.9784649167178
228.29248749695344		250.20055342423495
335.38706532738297		225.1968821737978
270.0452350889441		171.2062458946446
291.46186642206703		268.6588702033059
263.8308085155031		200.0313744624748
291.9493488390139		213.27084835673404
282.87819712445304		201.78000506718084
336.72155410877036		167.64536289447233
269.7832512968577		283.28496818647534
201.7933121678798		310.12398646014253
272.2728993468675		264.4211162969575
211.30690701085217		311.9174073473098
216.9455547340109		246.4851887050204
280.03202487915433		184.60218554016683
220.10057665666906		275.6928106519115
243.26857878494525		317.80365278216516
360.77026605040874		234.15801228063242
309.3120390541703		266.13338389363514
262.41127933228535		334.57977619556743
288.5108189342836		272.02620772790567
279.98720992676766		285.6532503369996
280.753083881521		214.23196081119076
269.6480065913216		216.27268268041587
265.735613198114		218.90383475058323
230.26979001700067		280.10338346771863
280.35130820113085		329.84239172811726
319.5170165015758		248.862943854636
186.5995628953819		233.77192587979704
291.49140910974165		275.08607605465147
243.8918769713777		235.04953646463224
244.74231885115077		244.60081380229028
299.03906305276035		218.86528441753015
281.69904533526056		262.81510237677674
245.9109622688238		206.7398669253269
308.7768003581012		230.4300460208652
251.9684243804812		335.89199031216395
261.8015830204473		342.5608929166584
302.35450212739363		187.70680576998228
188.38790727331113		289.37721418565366
322.5207647624683		251.25558121708136
368.35497970871336		275.4877624542323
351.9171134026936		260.7797436627193
254.49042684952053		231.50359970511994
260.6952003300087		283.28959698795893
266.27562212220806		216.69449954767006
238.3460077506062		305.2324466910563
321.6117547834248		312.6491779542982
313.1774877258201		164.75022486106474
312.1822367669883		262.1121699056812
319.35472823600867		222.21061653584528
259.03178645745004		349.1170862988448
300.72653031528966		250.95637192929217
249.8523652263002		295.13278939694777
241.84582403699866		208.2450409876212
216.45387847611295		285.3113765960865
259.7226087150191		236.06690540196172
305.46120160945037		274.49390891247725
274.4919883170465		242.83990612613542
224.20672819144943		245.14097467925762
249.22480730102723		348.6685583260545
329.04158246789257		293.0119588899766
284.9609896785598		251.69589765901245
312.91180971133207		135.23458255273397
225.41638159522284		287.97671653698563
273.0036578690474		329.5678996686064
319.7649145631279		184.30381289350476
312.193877624151		275.9324071315333
242.2164723485999		242.05237770915184
280.05138084011344		339.1507223994524
255.7561536031991		306.52778862872606
309.46189230343373		270.737850221082
317.86102356739866		203.12354358130403
285.3014032835774		324.34726248518905
326.33164182859355		292.46371317010323
382.72626230382286		248.06630408048582
296.1175689530799		252.75627157403534
295.56415696633695		234.84697764919764
262.1025583618791		253.26886058492536
254.16404476663112		271.7211222994806
275.69957407136474		274.1898324520092
214.93950011760697		292.1765105605863
281.661529447936		188.72431056455994
309.43722580230394		157.83263486524308
383.1923265695417		243.49571567315013
240.28679076915012		284.46066697879115
280.17314374244734		284.1704896319196
315.6323435069611		246.76938651329834
223.22092331078034		290.32500316822177
233.69069004507952		237.9945396710381
276.56145562965685		252.28081957735466
278.63102292219054		196.61982795676684
346.5438182668262		262.5911498335612
208.9336235275722		318.66506864656526
237.4415023057735		246.5876825168021
232.1205982363347		218.05347134678584
263.1043870399517		239.5393492277373
372.69648343830147		202.75946458616357
308.16842036043505		318.3943021598491
282.21392641363474		271.35774294391763
225.01943244169894		314.6085972572842
290.64532438364984		205.03462597146648
226.64595138938148		326.1174774593968
272.38925218718674		261.985229685035
282.1623710850913		341.5460210601087
273.8554082185307		313.44699223897345
259.8177477815145		322.69431965801647
315.36343331565814		260.32815440323463
296.7411800530044		309.696466656307
221.4920685278907		278.26420025898807
371.53168176568		203.52933885115095
328.5185669795735		316.76754533235044
207.47800892918053		264.94702785459947
