228.86526713582094		285.0485383507343
202.2496983366242		245.6657151536655
214.2697135247132		349.9748076401336
236.7695177797728		310.58693923969236
287.1734632946549		317.43957513081097
382.4868639001036		311.65821556211284
217.0996301990215		306.5198212275378
327.1899954749788		256.7038822241579
267.22814839548		273.36176011260625
305.91850595301287		276.2898291788256
328.076299578158		284.58004391167896
288.82694492147425		306.9632149971155
227.88158108766393		289.5631400340756
300.6658863254681		265.23676900631983
248.7234838442526		308.65477716801354
242.36507521087722		310.04120716362286
280.3663641309875		309.7013878263193
285.5814602279448		231.75912689888497
321.3529536878608		334.2856763875209
241.576223748271		361.3937507543811
218.2467176890112		311.8597310598572
248.92292987149608		279.67572320784984
353.2933149208795		292.54740449322657
265.99933026146005		319.8149795865051
332.3336888455862		299.6388044703833
309.1160957015075		360.9541991624528
299.8369711673742		317.1079707974095
285.1111641078539		334.1654578883995
294.79238717950193		289.0130663293715
286.25505853227605		282.04621657850777
227.3669660620824		260.9097486042086
327.05693681680145		288.2816554516369
363.85782332271606		262.3926190151094
213.9606281480073		325.68954796220896
226.45210127674935		343.21788423188224
226.26701088364513		266.8413985505841
296.5347094232615		334.9474179002553
209.1684004045209		329.8754085646159
219.05538199223722		252.10116661110422
253.5535978171111		328.9162216300857
228.08383477123408		296.59977316874864
312.80017065688304		313.4728228320365
311.4802683758551		363.33876935188886
214.7270040387225		243.8276664124876
330.2505867163094		269.9005363701386
329.39945110083386		268.2374192985822
265.8226551924548		289.3512879779142
280.4202199389894		312.3841386027114
286.2197578969665		253.31123301213313
243.53342079181158		192.10010765730317
272.0951131530313		333.76076640928284
155.08942057745537		291.0915984167672
197.63849830354457		290.36020722816437
269.3069074994995		257.33517123864243
171.22776271727503		309.7612429084399
251.4734125964494		252.81841591545114
247.4383752242958		230.72719653033775
318.4758645478056		311.4107094405067
254.69084701886067		269.29860031411295
263.27361778255164		245.21207198507634
215.41444082735703		287.1865768502947
322.3075586161427		256.6801092663283
346.80471261303785		310.69003627420494
263.1402629012917		336.4701525663234
205.78908215586884		275.3916174622559
211.03357870838923		329.01359825518256
245.179799318399		309.6292484904586
236.39958948756154		287.82144726314357
239.57584609085117		250.18938823448772
199.9709883600788		303.65166006529284
218.00788285251912		248.85716599691162
260.19227683954864		341.306780984409
306.14659654782974		337.2953534266228
232.57297893756055		212.72878567934785
322.34973778183854		292.43043328791924
343.63342324053514		344.0916267214314
301.15614099855424		301.1999024521781
394.3186337149476		309.47377411765905
267.48157032147617		254.43542042629025
223.5560920164542		358.05408297072876
266.60166465857037		335.5424952813103
295.2399308717746		240.2697288461742
265.8796453650003		240.00471569985865
302.16450497585765		275.6635417637112
328.65118387781115		284.1318130725996
231.6814022089047		366.76518813149244
247.20250602738076		250.31901242009974
330.2480158116068		258.18794132817465
256.55481513645407		328.96082181770606
289.77694110458805		341.0446718651463
212.16493195587762		318.07455267900764
167.4515466249474		244.95670984148336
281.85809070282056		274.3506457462961
227.5573034626949		312.9709951098574
273.38823135588507		265.30734805859527
219.69611032155044		393.9641500607069
308.84780281998405		237.544616852531
138.29057622086992		300.7469389906851
128.50031523860105		355.8104485094873
267.34573047242316		215.5920621844387
288.68137849579836		273.6575454816418
275.13147984483953		262.5663321100489
307.02845111954326		277.81970948433246
258.0425352927927		300.5638313958338
233.60660376816864		306.2788445922195
240.43026787733157		317.9621281230578
218.65159380765436		295.2151664548221
203.24911990843907		310.82307515810453
182.2150182325535		346.75569538098637
330.721251799524		299.83321787692074
300.90586246238894		207.38025155658346
348.03950705323786		264.35847109835447
258.3197032968122		351.2090852541144
272.3037487310942		320.27006541174705
201.08752520307235		254.31989586598462
237.27608109821972		274.7378643486551
303.7264525134588		270.33931242091853
265.4399791354507		378.1916973379228
197.5747276256495		319.7563613803346
316.46251728182335		240.3614041483362
254.39687354205526		311.34787470242634
311.26322876923706		344.73470737018425
277.7420523478197		331.1908417661725
306.8691966578631		308.4971701985308
224.12418476492496		299.860080711978
276.0478981650321		266.79841893688865
222.7521261140056		369.5891208377632
220.36627350769137		324.5263566415255
344.2638144368535		301.46755963282726
285.60627851004756		251.90012639475324
274.82026241173384		258.06352827754097
298.87887203092885		228.70062941994112
235.42813869852887		249.27942949133495
230.67003755965567		301.68669948165706
284.52917686124425		297.98989602339225
311.9553727607283		298.1664663734648
251.95556480348012		310.85976926841334
327.44163448533413		281.79924923573304
268.5383154262047		376.7602653847636
311.4245771973693		323.5447969410499
261.46789629414025		272.52697255144636
365.1070308752671		301.68026638108853
257.94993541168736		338.2016104738991
227.2376801557778		292.9860258086682
219.1554150511094		283.6106541925578
168.60600879306838		335.17882508291734
202.51639288695654		314.22146845702883
270.6259304387197		264.70520603102045
322.9453043807416		289.85614089329835
242.21667162173313		288.7831760323735
273.5948810640101		259.48780803029484
248.32253272382152		303.22761010886074
302.29183046463817		287.48888412605703
353.52198282477224		326.64789206227096
320.6153501247408		271.97861296749403
260.0526178683695		211.13995967510266
330.75594871337745		296.2882650958692
312.58160893132083		311.5947485350866
271.7182214838193		223.8064118433404
320.57204133322466		359.6918173100643
257.5155378095998		275.4440969747458
329.192396789903		368.6845481227549
298.23564134598803		220.31106907917115
292.24955732032834		306.60523956324346
297.22617992801577		308.2253399260753
280.5549433908737		275.6723450872343
259.53781642518493		267.73239966644604
260.278565783366		279.01394529644426
205.73148269031546		351.9054835612693
238.00359395366843		227.90531980404285
209.96903431516364		289.47466710705237
239.53534984763627		233.11364337655237
233.71572803543617		312.1190144047946
277.22574894523314		335.8198566688994
268.51099671039515		263.8296559290833
219.1746912100576		277.2604304324557
268.6082840000243		280.8945195952769
232.88857137380913		251.63193763017736
293.6684280438956		238.6804698206095
265.31835285274366		293.48173444549917
320.2447975700845		271.45563875725196
260.1656362341782		294.40106157328216
342.56908430977194		319.410594393762
383.20101244779397		290.756666601615
309.27705811979916		284.78902511946904
262.02360737356196		250.96878510621087
214.25540237490904		289.8418786425166
218.10366074918068		304.51060969072535
315.7478536428056		299.41273652786293
194.50909955633932		274.16808822248936
228.46448026157805		245.7485244516468
242.71014075292695		346.3042576558569
286.63805128192126		289.35349205223906
209.9370454104997		244.3049411036651
291.7584213168498		268.2596352307118
179.2361778485355		311.4619796323506
203.67544354952747		232.33767197267665
274.3114867297863		281.9544144192792
301.51945356796347		328.90564130870825
337.3547601534234		278.6029789368212
192.56443344164023		283.70581897402224
272.050399431202		346.8561313976773
350.01795113158164		320.17469274057333
309.57191934639155		271.83145687923053
239.33310099826483		319.89305583938
227.02533566589742		311.5161763445672
271.6875996232931		266.3921521004325
237.02355011953256		306.25506301347735
288.7068030722525		267.1715472373331
320.55200825294713		344.69100107418075
260.70644686547644		271.46932371986605
332.0516493721845		349.97444216043505
271.9624130638907		339.11251734628814
240.36182312125572		286.4084830071775
223.75262196181993		381.79584891861816
297.7382429774254		278.8970809927583
325.6085800309037		278.8408573339106
302.039005087978		330.8221891000291
283.7132172557858		271.24428716645554
274.76614939350543		231.16461565991622
203.22637261024695		326.0105373379539
212.88513075136473		249.59772040649898
226.13251068084097		358.5521310007047
325.58882092655483		288.66806475655625
327.04388697447774		253.63128714895325
319.49009500627454		304.53894170045805
266.79145876300083		272.0531066172983
219.90630644433276		328.47664305318114
247.5043876298836		344.4429604278827
270.1985621795317		231.5984409718462
311.95167630871623		223.8432895412377
257.7956201682665		371.2180012408372
258.5898158787189		316.33274291169613
224.93784061868877		323.319767385492
281.58273747985544		325.6257479701848
306.21759050324385		239.03926749554378
377.2074721474007		260.45848671832994
321.38445560613695		338.7315061210226
257.7012235836835		310.5906309373379
318.2592204164395		244.1363258682376
260.5740455835676		264.8369761186789
251.97389463801602		271.5492682065314
224.97183035047271		346.600619925545
191.71095400674838		299.63420879775236
168.15245390034815		289.3205140208918
317.81020316174266		333.8705099789952
301.7318828822157		257.59758357264394
245.70578937100152		243.3182284577016
331.03856064179666		304.1872290382173
305.06920332624935		258.5458884969445
322.2173677020545		296.0321270597986
222.49445594508336		261.5620845584149
302.5918704601077		291.18759648358065
215.78571617792778		312.3257534865391
291.75321908129706		233.40627924574432
289.6825008693731		301.0524934315067
274.9254866283435		286.41401904458803
329.3521879806334		297.7988735042591
323.93269108120836		300.5714970625379
243.3953813406468		289.0855137620862
280.78023452393495		329.21926569568905
241.20833902261822		317.21108296058276
382.0358906821487		322.14751735436676
332.07220317512883		338.1131681216794
281.06545640380375		252.51958821352005
318.9785613198163		326.7888076294909
278.5261082978552		292.3927829048712
332.13343756106053		311.36901621609474
266.88063999824567		324.17212543028404
328.0641094980548		284.4022127490897
256.47301955726624		241.76054729800143
278.1427307922875		219.3199492766305
274.4273819203333		299.66753651607604
297.77866261856263		256.1562461710028
281.62837676779577		253.41384502873117
296.0974506740843		294.29021088023114
174.63376012451698		271.5854471884132
303.3354890686632		319.19628970595386
210.29379975336465		328.621967096209
301.8984560150398		296.4906147947153
269.27234673483815		346.34883462239287
239.696857154855		303.32970305647143
271.60179233387146		269.8864371115929
306.22907310675953		340.7605529024152
220.21643165210136		333.82957304728865
298.3633898216517		269.8960018110232
217.99046255899566		297.5771539231066
250.0134778388815		255.43666996563556
155.95037405672332		300.6051739552368
266.3983741757354		275.6105039157259
324.42912965505695		258.1407410412505
269.61760086964694		267.69787199117775
209.71304977188646		256.55527844517
214.37348363258334		305.2657357954929
239.4677362600366		308.7597325131753
219.3103050903798		290.32825957778056
287.5036768483342		335.72805799121375
299.59044700329105		339.390549967283
301.9421798756845		248.94597848524546
307.74978956486666		268.1642970414402
301.92916801094776		304.58408334591473
302.2648534701823		256.1098969753306
364.95867488427206		282.9247656544943
318.78855959347527		273.48166712042087
271.44880861174556		274.1624900311167
306.5881459285719		216.16383344485678
307.24107985055963		333.4858927602856
231.10002055708694		290.50862210271015
199.64233866992822		362.11154720587103
202.49338862966414		311.67667130434313
355.00339637655935		331.79546037758485
273.4324586247518		222.2438914798895
303.51223804531014		281.0770335379035
280.4515252261011		314.1101823457977
205.60304290455298		285.7387639912701
247.2153001495795		314.803990121809
276.7236916423244		317.1100406839257
261.38176298030857		371.69461687579025
316.3346056476136		259.3934203463378
275.91076154166416		211.88463547187757
365.65166927947223		316.7148353021242
282.52950558612434		285.83010457890623
356.8215559398206		320.1946348597587
327.17111478772915		223.79501278487953
325.53683983604793		235.83165079461517
348.8545772406849		261.67833985489307
284.43280822725		257.11411876030684
328.75549261344105		274.9164990489004
272.80541561602706		289.66155916220396
277.4241560288038		269.68882627924364
235.4153484571016		303.25501619080563
365.7493659214245		307.8435409403702
210.24493311092522		327.4848644279784
294.9060878490551		303.0501394178419
223.6824153345852		270.9718620606827
239.75545903500716		314.28105613084523
296.3145263897736		293.40811863160224
249.8471423809756		265.8767848924414
230.15278885595893		308.095737027102
271.70925433217315		266.02016158282856
294.3343264926291		335.83949391415496
263.30442292071456		267.8176434971456
271.52336178626217		297.58764992838474
214.19600671177605		310.43287918407674
330.4630084270938		253.87655054517307
269.21914796889615		266.49082263922594
285.5939621156113		250.3121703793467
291.10817940750763		235.9386821020722
298.2488986044034		322.8284307239044
246.49486966860132		247.39888092091536
238.01969396618892		241.73397729841426
282.5825628749999		215.64803630734903
312.18421987672383		351.8575116729208
172.4436551171126		328.64378719990697
225.39733975207432		333.36111678571524
303.0416842055002		274.0645308998573
249.3747560293906		231.77720092707546
264.8661655318861		317.05698598576885
287.13956404381815		198.42447820480223
309.45170446854917		264.82519437820866
377.17665982304874		279.7244399130142
298.8948821678946		286.0728418768571
211.84811127459443		211.37390121924471
203.5071417790379		318.79670277055004
335.089575610661		324.3396696606718
320.06346266578885		278.954971423708
254.00642272309798		306.6382529000637
310.2178824748508		308.51655929781475
227.86212769727646		331.531867022945
223.52051914653296		263.13115181408494
244.68545792915876		321.7993228023323
299.38104457272533		251.18241414713168
214.2920362152047		320.4741812681574
222.76861649380433		352.06076895946927
276.0361505721006		249.97162154073976
227.85255214976272		310.0369065737089
265.147190791624		352.0775765648694
302.877956103742		310.7109399238913
230.24056692681867		274.8700679342746
221.88010280614301		271.2679822149095
311.158425028364		289.9513908986992
266.16706348093066		297.87565923477774
239.5685660803946		213.51130091250553
274.56958675912864		275.45438695678666
345.1935068997459		286.0543821656625
241.56891130698162		285.9642597482972
337.49355179294486		323.72455524689076
297.72111067162433		311.17872473996005
196.49052511441835		227.47091219850142
230.13558326678037		259.3751842050054
284.6065755963393		328.27259535850544
285.9841448755715		243.57431833337316
255.5485865072468		272.7133906510123
252.60966839242172		238.75380366060722
295.98681586345475		279.42048096647875
225.60375153003923		311.70545117742085
333.2681358955105		273.8297946902782
202.0048634808953		325.2805876403719
232.3774795869828		353.1729135711664
275.5918220344412		255.84453219876553
309.7303220360427		278.3329624103541
313.85280398437277		239.86592699285174
185.24280201845167		354.63933901416715
331.0566885862251		310.7195520817338
329.16426390445764		329.9459052077601
282.9510748709875		280.7096158880496
301.12720025792015		222.79894002423026
348.30233227802285		238.5620273520624
285.76889527530625		280.25216715722985
285.10940668698095		328.8962803354092
212.81712198433115		359.37254036641855
310.91566900834005		284.7881114108809
263.6084359439212		266.2833649915054
340.66107143768073		281.2857278002576
276.9770510061501		284.74679028507984
354.0118989849316		263.83279871237846
282.8370772058268		307.75070460856693
288.6366567378181		277.68856043548976
262.8960745487055		298.6171633004509
282.0431640391736		286.97991528858796
323.1477936967105		279.10199274713733
207.44452012765507		356.31119747894513
299.29430635445584		344.710211551733
362.372730082442		323.1245719738191
272.84655291200363		233.94042693321833
261.00369643602477		315.6989934987887
151.52032886972415		361.34451935505916
274.4759208046893		270.58645982774794
213.83544791356297		312.9235702110604
306.90074430692493		304.71035204978483
285.8471764865766		253.786399717196
216.17634438990612		346.4745197238559
290.597531521038		271.8205967846414
212.90853950589914		359.26646562280916
216.70706156456754		311.93254528575034
277.272377016349		257.157784912109
253.16568654834657		297.51460269471954
286.1957204889649		296.639198928444
284.60817670097845		341.0859819050128
288.3895851311742		257.04449925665295
290.54960458536397		315.67561252861975
269.1155141225366		280.4228237063868
179.19552551636872		315.10719967139903
211.28029826000153		287.5789999962945
313.0971583847519		297.92106139646467
258.787302503289		316.8016501728301
247.71128585494895		283.30224454414616
315.32682542906974		274.0864666148132
302.5020738030259		304.9613698271128
342.5096484028559		291.7230873950045
237.200039605126		270.75937302258825
248.97590477057224		370.7043985186087
278.29293663835034		355.7730608563391
227.09261132735344		348.48891261005735
278.8860523345238		292.37941450696195
227.49688125854672		269.2636935336001
190.3671300743007		307.753872728331
261.8443635062738		320.32382457617285
266.78818808283995		263.70352007029885
308.9322644736039		325.59931424283883
371.32973332551455		349.2282289693163
278.63091449743763		298.7544589653852
214.50439763245004		331.35563126970334
243.02085440267186		303.49033629094214
235.98725905441157		281.65605064284546
184.577923301205		269.0248208994149
249.8019231608793		239.0150666443538
278.62066923261347		204.77497907212722
192.47788089462452		327.61145552212577
243.11067719134425		197.7090923654826
294.28325531533244		293.79480361709284
246.51253802364607		318.40918603232984
334.10206609276884		297.81253873503124
304.4257349559348		266.7111868509347
250.54553400128174		260.95501477153203
270.85159003905017		265.69238934055346
289.691409073839		323.87263870172933
323.7635577287155		267.6423491009307
168.8813205871911		284.38336255681713
270.7466341684854		301.5909116088531
231.07205692320775		298.6479604656432
303.6995522199767		331.83773451572114
217.35515589974474		313.0718489317388
338.97036013197123		252.36805148715632
331.7736319950989		306.47676551444357
203.91789186029933		285.963341142549
237.36438526623184		336.58764471502604
329.19399500380166		282.4874482602138
259.07049957825814		265.0100012524523
256.17203307919635		269.4306908963978
230.19866091438072		304.6164065691
355.3383771732129		267.2574336554927
299.8878575030745		289.44249692800093
229.38166653480303		255.5501184688489
294.0485758624884		279.79954530685063
231.78269079401323		321.0989987626452
223.119045840192		316.8830467237491
239.24219040440164		292.5036319395424
231.11184626617694		280.21659313180743
272.86660832236777		218.3635057877784
256.06202387270446		331.741619928774
297.68671125346214		298.1148462719915
236.98948103323403		245.2995145336691
229.36787532510496		313.339113132057
333.95924402107505		308.08219961324545
314.84763350645153		297.716938729326
317.5129326775222		225.72844969647744
313.2373016373968		320.8373285515228
268.90711136947533		306.2485888511155
276.33827218426205		274.5391278932299
331.5024271202147		272.7064613089812
316.2882284249637		293.21579438328405
283.7230345739407		267.54865476011037
281.994700602353		308.2682171795048
285.841775964533		336.2475944893257
315.4811932004706		258.6066050106777
261.8588655573651		350.4639454879492
312.75647983240776		298.8449388050983
288.1911050734586		303.1747374661994
290.0298525651433		268.1943055184703
242.26955558150092		259.09518963643654
244.41409279468607		287.7416747888329
217.04016191612848		315.76770856735516
198.70260831580416		330.1005270057679
195.56870371686796		303.6154719684693
376.03047251799626		343.7304457367457
314.275453786728		299.2554319020638
292.2948290624295		312.80928318514026
257.0624221516266		324.2621257909445
248.14525972388597		252.87202978577977
307.27199269084156		279.6153113621233
211.2272574348379		318.68930824372774
310.7244189651784		284.50678035833914
344.07806488394453		251.67251604976747
251.8997845161504		328.0216858902491
299.3356976997264		283.0628892475115
222.5458439891238		235.4638333514767
312.2216160602815		313.39214720665
261.72282230075166		289.9234536422789
241.60589154738364		291.31012957634573
219.66737922467973		288.7801493401475
308.6341891785264		195.36622178720356
315.26726690709205		276.13336533827817
297.84173241659346		228.74499364552395
260.1165320773958		317.7889300746684
