894.253321110393		553.659893089079
331.62281010101844		513.2434585309306
271.85562409004257		670.6879843883412
342.46513942444807		115.5538781891239
61.076306002285044		160.52981363521917
402.22901953075467		830.8818010348368
272.64922208240745		557.2603225865736
248.80736830118485		291.9441998793367
414.0684748524039		135.9231483323079
513.7298014577926		24.5912303523228
739.1961174909039		881.0395622096684
688.5306254498981		429.7771921813956
660.0710315214448		686.6894214156854
835.250557369876		279.16178891100077
302.61321849785423		275.7885406497957
329.26597946865127		117.16564370730605
322.03522195052426		874.890327061725
793.8660886568414		10.490765044532585
649.8559927538952		92.25979404624275
128.691628434595		65.52127979538005
824.4673603924643		451.10771096052525
139.31303145818845		495.64454716961586
739.2249209939408		570.7315738655931
645.8566994028026		304.37521867172063
1025.0268287258625		160.88631028786537
288.6895940571364		68.22584387136772
202.30389225554865		24.00465190535242
797.7407337655605		525.5490438151539
77.27274767012636		616.900817298285
574.0770258969093		862.0739611120946
514.201878962087		621.3249031696278
599.8576356872528		78.57861465593773
789.3058340627654		641.1876802146415
958.765728356306		389.07543459266674
568.7187707265753		526.4463291004587
708.4625669753434		52.04322197788174
254.8011016291467		14.530784478655619
845.5198983166199		13.612220103376899
237.80664719543026		598.7997175532865
747.6703421075295		154.20218532142172
361.6778283524581		160.8414032050172
543.064483804438		197.9247647262895
219.44739362077493		58.48129572914745
904.5440468258276		49.09144081411769
1068.4027872554827		258.12214761280717
13.727539815670701		90.41774943520532
87.81799742370772		767.5267131711842
442.9623264089283		638.9823077796639
720.6726422134424		282.3544040189479
912.9222023178783		66.68498991815036
70.36422249731419		272.6847358708515
396.82420775269776		161.85489149833506
183.97196087724103		875.399708318209
432.9012940378874		305.7817911018109
133.15433889321332		694.655930648246
204.89951232319507		782.2883518579339
68.25267182800913		609.7543375946018
181.96849031594073		488.02136636674874
232.63346392130677		832.5108615710462
547.3841462694307		877.9205863217061
596.731128326453		741.7472635176758
280.0796297874276		776.3231782202828
314.6497039284159		234.75277130548278
479.9683164826393		12.379267236463162
616.5488458281689		581.521434208937
235.51759324014316		610.8901507972646
30.373720595232278		37.239542324456465
569.9765532871359		861.3372040647293
303.7931666819698		426.88764352923033
670.0745257928096		112.74223846386118
638.481810097131		622.9299522542016
685.8879279309255		818.0936642931299
172.12367913212788		399.8915752919402
237.9249002411627		281.38398793495884
730.7247728982762		122.16876167916652
256.29532072834996		176.83459876805864
382.00068542955626		467.6834717375308
137.12292355669936		671.6328083639622
1026.7526211365944		676.9757397400508
204.11207007977566		698.4736783714749
181.26180277828024		541.0301446268016
4.408223096928301		178.38597586256998
431.8168798805592		0.5533893397418247
484.58483338782213		313.7267815168493
918.5426525408238		32.55951499434536
369.7528757996813		169.85316140765647
269.7212824765092		884.9781048003103
765.4208990415897		399.82216220432105
794.787829037598		401.57729231083914
460.8339073050135		599.5322354322055
551.1421609997169		836.789912832774
955.0891198697819		453.9985987336841
903.8483765245514		400.0456728246437
423.3644981067464		2.955394662870221
190.18932375033455		379.9451406158258
785.102467183926		109.69384386781235
172.91147730606502		181.06408998869074
635.9676677405943		563.9831741164193
27.82871252984021		172.34741845067688
151.84101987599897		186.07593315058796
420.25890239355624		461.9413752546416
1075.0259141611848		826.1734643159997
21.538169682787746		688.9214187313797
1090.224289949522		828.3195645632061
807.6001014962696		634.6999332943572
629.6905213717487		9.503187693023365
14.316655716054752		725.9444489819558
308.29087946652453		839.7795847344338
126.97578015914293		752.6009008836952
988.9839710708153		396.4696962924381
441.91910007267853		147.10054074994449
374.49461033969334		362.9646474809853
86.97866031613238		128.03090178627014
2.6792955436116337		84.34922192098696
725.9368202703212		348.47211071972833
156.27541166793537		455.96260807067387
818.7869492476818		613.8397724743479
802.3897165089594		897.1400782310352
44.0955512623364		641.4337282265122
934.2135514458031		54.72054515500568
98.2568572741309		150.96925020488243
1031.0522333198705		78.46757338778923
1002.8916244959158		140.1632393638086
455.8261678302094		188.33141247641493
281.0702437726154		173.96247011078643
132.73889427560252		747.478043096662
350.43760181932987		575.234574925429
798.8140659752505		573.2300384673092
561.6836242405195		201.69410555113348
716.479190948307		71.49963312380783
29.138408646040126		177.50764964914237
641.3180584447731		106.95030201662757
217.57412961492543		285.4109735476005
283.5271354525391		338.99678581885394
1041.5690149222494		162.27975450135352
586.4928069359081		666.8463432401961
1004.0292217251781		371.9230306043956
993.256882718108		52.09598527449407
652.6749649111123		70.41349353337615
471.45743504561176		133.92976169451018
475.47568158965544		765.53447313024
982.6200355371857		33.710237120462175
397.1664649587809		718.9060229852407
87.43076220470104		534.7254373751616
506.09430194208403		726.0549422580082
1024.8488338275552		534.0391836565416
419.727586860947		461.11465244520633
572.6103705682605		379.7981173242259
10.216123524697242		828.9803734510976
596.8381258326572		78.97273592428405
393.4112049415156		731.6031601387609
684.103793699442		377.35222935833013
23.74657203522307		759.6839128494802
1031.390314422722		375.67511514450206
875.3412492948563		465.3243374230036
208.97046768147845		325.0570905745052
701.6134594289205		45.20601858715789
378.25658181980145		406.3770609562784
347.5929843568078		365.60299039627176
832.1830066555693		236.0002121957966
60.98476775011535		616.9842104219512
427.65794853616967		540.1530078310153
133.87240687778046		499.1346570934564
612.0666338041435		356.4206283634818
133.75273379332606		376.6118921803612
1076.7199416718277		857.2112933682823
774.3664078313691		526.964657223838
711.5249241750022		565.6248262739437
916.5298630525981		544.4663378666519
826.0043041966508		93.97395979672638
382.8838735187697		148.16239354048957
1093.1108476401516		137.23761086920308
558.1533498711652		64.79558876510612
251.07144586456138		559.9741213332629
233.159660118243		366.65584462428313
1048.7515581006567		763.6901917633364
504.443706079554		36.60416199991118
16.757224659570824		200.34798021229471
878.942138428403		156.44079567977317
714.6854619635947		822.5979001121343
154.71388464955925		663.4271771625149
833.5974697052454		167.44876044259968
165.2353739070938		448.13011961776783
1110.9203017182701		654.4297154994927
303.2750069232277		561.8332567386343
812.58414080846		195.8599649298435
321.8171602431225		189.5574315267951
522.2706469186531		340.62223404295736
475.93435912464673		196.24540134259837
395.1865438465857		489.8355312933718
499.9040460609659		123.90042053068169
869.7836360079363		140.04008396242125
1102.232635861156		203.42022032399734
871.3211081220103		550.9437870819402
274.5842667247018		196.5383062983749
225.11141923533896		463.435444647174
632.9154920573411		796.6750746909024
551.7034842745337		654.4429866569166
1028.3897622292586		420.6086000393018
115.13877360927862		541.308849294805
209.88628997487854		768.7030576469022
715.7666427050333		135.6653883907752
186.12856563700944		723.977840745461
991.9247788495725		278.32352155500155
998.6357235812253		82.56567595723607
404.07811028131425		72.43757995106284
212.84820500413		754.0910643561936
627.7669673396248		393.17586496427435
679.8945033246388		147.2028842806375
508.9405964335947		214.3142007023439
125.55170952575908		515.9151649849385
473.9464645494881		169.57413210959612
319.00528851181764		190.55082406026997
120.60895602585835		677.152131621485
874.0369870083076		420.94051683694863
857.4629054225279		185.72796680533202
890.2598930713478		470.1063810666923
583.3076821673578		144.30331990297634
673.980807461372		489.9563056731018
608.8176349189854		201.50072205752622
119.19774495936387		545.5290539053559
773.9818680729041		201.4525388333118
1093.1384496334178		586.0637480640956
326.65372160372124		294.1274209294192
583.6119478168196		407.6196200733425
724.465955300155		337.8782418335304
529.2800052334386		710.1426390125669
985.8114828561204		111.15025480466329
295.75883408123053		667.7655207237884
988.5032323053197		772.6634320685674
880.2346873785804		668.7356296824881
983.1080257566581		429.97409711514575
593.0170518912663		145.69287288005216
986.8000943744778		584.1340691477021
156.16401384601008		24.065336431988044
547.8995270608888		381.19459751508447
892.9926626963047		215.11492264933577
952.0483682533262		545.5522240305753
722.934955063574		47.649071935914094
502.23464870662474		816.6008793005784
141.8157704208361		344.6165750171783
152.59955525824472		754.8414788302788
927.2143892404406		30.725927102505356
409.1578702082315		99.50536366830208
620.1252998149461		161.86540148178324
1016.2244038002325		441.8718074607748
347.65548274935674		85.4611849551842
314.4712916581104		596.8030498835445
49.98765178064169		65.98820651072698
167.14149127510768		371.58122688027174
310.29782653981965		378.6429359029459
566.0132830871428		342.91250179064394
441.74561325499354		114.7036616877469
995.2483007498787		72.96186047997185
471.05150798125555		207.33546996820087
27.263022282268125		707.5010270103243
181.54325771745127		170.55049413431612
440.23861311779564		711.6871984365193
322.8870234138637		784.7046713321349
1056.8290236523385		282.64632408977104
576.0234870629446		85.30113380925957
719.0395428776833		612.9086518452905
320.1016826291322		430.98004870960534
1017.1306257420647		132.8367942341265
576.4435618611585		129.4006787629005
345.7518974909493		9.498028178550177
922.783673851729		149.26807231477324
348.33071381469034		811.9632812633467
344.20549423866106		635.021124336965
174.02770996035753		187.76366894903003
364.3449619332586		172.6821710802573
860.32870304638		168.20391493461534
156.54669179224751		138.0705912228093
475.5679872091398		84.41753105295837
1110.7440476104737		747.003605623282
392.3718352578858		163.4552103212227
315.887652271825		431.2472417637476
898.1749460618844		138.32051396056227
816.7696860400778		550.838628564771
266.5937898936955		206.71102388974927
227.08202294284487		200.9782236784884
981.54165524185		509.2834218368065
523.5067331818211		625.9863380795447
21.539183662716294		381.54224580582655
639.5658491993925		163.83282565815762
297.7132310222147		831.9507054860844
902.8550609677241		364.48237967812526
851.4821566239739		425.57920160209073
1108.1516326089575		61.75022540188752
893.90289399288		872.5447953609719
961.7228008826714		504.5330924829972
570.0982068406337		750.6493199123959
557.9633855851778		764.1714035904234
550.096463426277		191.99781459217223
564.2649313925698		13.305180501468177
968.7974631082251		817.9725112288187
228.7590395755375		560.9152649813262
82.62908508190499		579.7483094502707
631.2882619054355		887.2855796563335
944.7780860574603		235.56619356589442
774.6358724718241		715.3883994061092
429.66746266203484		310.2304235712389
708.6940190862906		737.6763775814268
157.60844240525557		79.76265003887185
15.865386628682675		116.46891289985024
1084.2817281396974		82.83264842301512
540.578947492117		179.03977976946135
476.89668471117955		209.491126063344
339.3535929138959		433.15373691083823
608.5397659036696		98.853534957124
339.3663372876264		634.1577390289925
538.3561413626834		840.7266475874642
580.9728259047141		253.80934088749464
239.80834943664075		759.7318714144378
278.0876509578361		117.8213328914511
112.32540575178056		261.2582246695498
828.7611367074073		337.6158107889943
768.194228297478		103.57852184435758
7.686170055803846		223.01448109228934
158.5513058714667		841.6786287521614
1090.7353967919594		703.5441112080958
917.8088701937679		666.7872399218302
390.96364017253165		716.7070629344074
272.79383367923253		224.2482010055807
601.8143165933822		61.95622049196561
187.2905670696064		177.25192578211636
1034.5410785619408		347.22221704258897
1063.561273399127		399.03485525899106
378.09713977979305		370.6681965997633
494.7672043926623		51.46763218012863
809.9545487784359		91.89256049090307
388.0342190627533		94.48287361140183
794.49457287532		464.06585480517845
139.1937088365006		749.5425476440028
1055.7576048036346		735.4702339757296
428.9870929524368		48.312517521500794
682.4576035292422		260.6129908187582
531.747382488643		515.898552645542
320.2506213105368		843.5058328425729
654.265863524538		249.40320974278404
278.30062640031446		95.84195460214414
877.7149318404809		79.18731985175657
890.2090850334829		895.6605925956397
862.1301854291835		32.06208640808211
631.3647368875606		42.666450505892044
707.054739070911		608.6997448648198
966.731121835342		45.66716185898463
1019.5192148032605		287.83094779046525
136.01745440217655		43.60632761501484
432.5679272743641		278.2957033474508
1066.0758626173645		561.4035052476958
432.04893340597357		176.73320010477323
239.23492579651563		127.26434354266235
391.3618250882618		621.6314822285101
173.113411041242		77.29491318133633
173.30007749950786		771.6138417095374
434.26263059454		625.144557947341
214.03957275525877		810.2126838125289
781.7578589345078		247.00883492760804
757.7051920844864		347.97425990303486
702.6006965828758		334.65249628838893
643.7991853594777		481.5492303371988
16.50405440565477		95.15758640681202
651.0932855731348		255.45451918146648
958.3101205674935		2.8664669344805134
206.37582354969027		14.440441632036027
967.9395271521269		244.4735083259556
379.7006137874383		15.865494862246692
658.3855310322315		533.4203625245564
518.5110096459975		181.16716935882894
882.8524663722486		738.6717668921939
611.2065236329307		394.42284590000827
909.6912262167239		431.587485970259
970.3820841752369		404.1184389986022
896.3070316003232		839.9651822897723
635.1026287299541		844.5857188419872
570.7059836308334		471.4053595074969
458.17563245407473		182.13008799899944
56.806817377607096		207.94638477889202
614.4539079716312		52.65195325532557
344.0730516969449		265.43126412608916
789.7386977534957		502.5623132031405
0.4179093526986558		72.3019070957323
148.86063666521068		236.0126226297924
247.70135758089646		86.46854228347065
1108.9908236232639		868.8940712415862
245.47231133607232		85.57294185799212
409.17935217905676		77.71787147314365
571.9141184078385		812.3533036226745
737.5312137329812		830.3611539549146
1020.223007072802		332.92801003000466
717.3117223639682		118.75669221794008
42.89060020797221		120.64140932626599
334.6239441995849		484.9155928127217
816.5717590844098		309.6618469944391
720.1198249421185		43.20272682096565
744.3976008354224		213.78574731822076
442.49537603879173		875.5335703331335
582.7407179591971		118.88590955894915
697.2763336405213		404.1287118412817
741.5564591483642		415.14348356073594
94.62694276058654		275.64931863914717
81.50865472617213		712.6248352775691
597.6084420885217		833.9415442693253
68.1416286499781		470.90312782847127
664.4771544752502		47.242207988675204
1104.3836263978844		406.2841166960996
898.2438143163399		797.5408103881492
465.65717247722336		674.7713889230359
411.81629980103736		336.8544805818223
290.8322996080345		767.203545396349
881.617434262145		689.4525811097213
649.1870772178863		764.0094342151507
1013.6074965553129		46.56692353581661
130.43758515486496		241.76138217746038
202.14776728860997		776.8412084586408
262.76538650630704		24.15870230679741
982.1176139082347		68.70982872238842
343.6056113029178		119.24413107539216
1004.1409157317385		423.0513653587288
411.7626726978724		740.5459250887619
34.69185769990886		842.8365581908037
996.1928526170666		288.4467328396684
353.2312559812724		304.0824756856016
47.534342639375616		200.4071023837232
983.3752187738929		824.2371704800796
97.17498022508478		828.7179479597319
795.4174626105355		609.1482816739822
1089.3274365544503		95.22050760764341
434.314816078233		78.0192361589066
925.2279109012633		412.9158855791298
475.50185245615324		715.2233893718421
1005.1916230010548		337.5884924723972
971.6264751060282		197.53353794705663
167.8427615864539		553.4884401122733
72.49262465070555		548.2296799492439
735.3905605421058		186.75776356023678
8.159217490116328		898.6714112650271
449.34537712173716		558.6435174036416
760.2765073514016		788.2644027211919
569.5600326818162		42.61827128480752
754.3411430429941		361.31190894380865
1110.9417653193148		562.3239695184805
1009.6212961142912		465.0227135284363
195.60840588920752		456.7703095709566
1043.0404711101091		616.9452727808878
264.66036375327167		272.45179717865767
325.31629959039856		766.3167309409829
529.1059579804706		52.999759828173865
462.12529702599255		99.25062251373777
313.81239789545225		246.6569114245031
514.0097222255633		829.3436504331894
765.6590322837974		597.2512679345909
975.1554249392144		20.1549988269157
522.3412301463104		561.4548231316098
911.0510575835442		448.1049972727951
1041.514977149112		273.9394616358759
930.3903211737354		0.6511329203420272
489.18201732914355		6.5886264617780625
937.3976626932822		466.1298148782097
256.3941324973406		853.1876245841717
412.0462596768116		709.4013524155184
887.5025513647851		858.9993882716338
304.3936780934256		789.4034637842533
1110.294897470004		52.33385992305978
613.4866788882421		69.90472296662108
327.446592417571		479.6407482706406
793.9801411488078		676.1551839072575
242.76801670984378		128.79489634965807
187.77916096251158		810.7551581794331
810.7505278416788		543.10163501216
487.64454836552324		682.9059048650371
523.9060448349156		132.1268162986828
696.8025146349386		344.26748959631925
82.35477382738983		876.7524969071218
481.1691198814533		368.9294818754237
610.0443004663518		229.87290056756004
227.8378610414923		724.4990886310882
567.8807116884		7.879888712198953
1070.9854838152069		582.0289992631797
479.91904587716203		322.53845673666626
75.32701339870032		592.4441398206826
425.59436874985187		706.0239104241923
227.6951247038712		539.280946607205
839.7796092244341		119.78230421529224
779.2319587997652		580.9281986655176
290.2280579355609		732.4836618587217
784.0637855354612		192.1494310463426
116.69971360938146		858.6649074313385
752.178824086858		54.480191368572605
680.7808962982822		603.7054664503756
823.5485136764496		867.12264306645
814.0849037570993		768.54275549698
1006.3201919988717		168.2091006980902
874.1693420931363		459.0185722846941
916.1660285783724		783.7743932170467
618.1215580555391		387.9492695841345
881.5990750562476		719.4630002172844
325.34886102272435		618.9335391668569
1021.2607952928819		105.90233281577149
582.6639380330294		747.5516294020964
1062.8484216597517		410.797523831608
659.2779191972179		699.9675479145384
150.481705174301		462.14594924959084
781.8053672782871		547.0236096264857
453.9094535872213		42.53115973634144
982.8450906117469		206.71216350600915
1052.0256070799387		815.2360896501123
759.1292220659117		195.42422327402903
418.702618311611		274.9147454308826
651.6308326209577		466.6079289900562
234.95664839038693		724.7787641705464
160.38642995574125		287.4220393772569
179.9348940368956		178.69259427047382
573.1244937179982		273.6407175243688
591.1596443272696		106.22532202306536
769.095133796281		352.4548809000901
773.8765272795825		47.582340505918694
1071.7682147065377		104.92485682377911
825.236443168263		420.4315114538486
332.30877868804356		658.664944077893
796.3913961601181		200.9512395530437
173.94822962991424		54.88771333474486
616.4034810040707		284.9575250921573
1060.548635273599		132.1991361765142
783.1542696166239		42.71577039219664
892.8051364924692		240.52059314316213
720.1995350251487		96.01184812174506
413.64702518777085		395.21426725173313
14.73845210967158		378.24240100346645
818.4840497393224		487.91087042695926
826.5620262571694		164.69055544321805
943.9970882052754		650.677232285032
923.0078207364902		857.776405125892
924.1956664859665		832.0201259622041
490.58032613415173		255.9150987707202
698.455447972792		638.7998772202751
1000.9963883867277		26.676483637604974
783.209315738241		195.42311544063176
952.9851214238258		566.2205029921917
394.89359102997304		281.6983955613896
169.20925913904426		547.4821367883429
997.6493950858422		888.47259015758
390.1819359575713		742.2963588065675
540.1443905047371		464.61707321955555
723.0285647983875		22.591499193301324
587.7158916181523		187.10458288836392
964.3877229603827		106.93320145236454
818.839514688998		791.8064186546833
594.6578431710697		169.07669142849673
698.7002508264267		517.2490739033414
771.1789658145984		172.7763066044363
1028.384060826629		431.8951731734822
938.7884883654718		141.91419319673403
707.9178117296121		59.56098932109831
720.5100106681593		2.0393525342260337
891.0644771460226		668.3463460376324
444.9220399865128		478.65751539941334
866.4276332752976		302.9363060308882
4.010043888348861		788.0805342091685
796.0356582013147		271.3370755153808
163.0315855751182		329.329618140109
335.16103786180423		693.0279256679285
741.1174626045664		265.4930569380828
246.68368215679257		638.1520218175353
688.9962501007077		333.0621616104666
861.8299039727946		794.7265802507985
456.36019206020165		378.1126035157985
1065.6098350282991		152.9301841047249
497.9919723595771		660.7593597105579
1069.7356612786284		668.3211588039014
201.84054074285385		100.09419085196869
467.23249812488837		823.3551041123451
47.77255036478941		685.8133164143638
1048.3503430220549		435.80364307588087
866.7330725146111		374.9605216592027
492.75248576138		534.6281416401799
997.5241141924764		356.6484409030303
550.2904255473974		291.53324861683234
489.3544260930289		65.27430512863863
585.9784674282299		88.81479273071697
164.72713253409054		289.62242574100367
1041.0551326170328		267.2248186060828
110.11310583679513		68.3369584391034
360.25797043582406		36.403793726309026
340.2090865867236		100.56068052211265
1016.6495287721626		449.97610808135283
428.39854667849914		812.0659064225349
999.5106220523952		358.66892408603616
365.3216443703954		325.9520280869109
945.9641538800304		407.79906390424264
690.2173198841853		842.9528995094107
680.1094499788746		783.1732925403954
478.9259409273461		230.58276267822123
31.531912171552975		187.86966361449888
401.13580731489367		51.75565833040042
787.1061634739231		3.506027742268202
336.6193918900786		741.1364715340409
590.0336285301225		186.46131089926848
292.83716948189414		250.32514093406147
1091.0469541232203		663.0911662698854
712.3877865923013		14.036876559052644
579.6728280612417		223.27667365600428
360.3519102380301		534.7209810470537
103.37444885043013		29.658518421127837
172.61627859420076		165.561287958589
630.2915241955228		105.64268921458927
841.7701200023248		701.5171036208636
441.162362441516		831.7165447051365
510.14268041480204		417.0017692019862
1103.8475796323123		740.7836309749434
68.9942782029203		708.9502399210098
422.67839112628013		127.11691586183201
562.7868045067681		716.4013651489216
542.624986663933		257.1370520792226
60.84110243765728		6.313373235507373
55.02205176310375		131.55056582025864
536.539513871844		12.142815531876522
474.2979705691987		681.4276576491791
1010.551018766351		832.7466305186839
968.8331157794997		698.5653160285013
346.3447359741904		450.41732912338205
711.7203371145549		568.9634328296868
538.5138647979967		77.32789109738462
130.81677126039673		313.44469018140995
207.15855861753758		160.35017029599697
671.0607443564301		196.3696162126795
526.7695738164539		655.1155532573006
773.5820314842448		302.03779083900395
875.7185372794812		178.31097268506664
289.65531150555586		105.72463894262704
187.5920294504984		658.5456222277232
933.0387534825225		395.3802791191337
110.20700974264147		729.6858710436118
1068.6985347626708		153.81327969640137
958.2153109547089		329.3356514360057
253.35017396970397		185.6959564655
1079.7420027837377		207.13882795571658
266.64361661534434		42.961991875757484
207.5101461152959		840.7978412691488
448.18635105205		712.1191635041016
960.379270154851		644.1394203272615
432.9331702277465		365.67058539552136
1013.1699491216501		671.2134216116342
637.7750300153136		3.22758604275748
447.05923700261275		532.2846858154392
88.43187723601116		140.00613821875774
1107.714434247214		423.67109421984276
168.9959589745456		546.2253769557585
751.6821002437682		458.69195473449565
518.6812907646839		422.4729309750435
1028.3697770782924		195.52142115192078
694.5145187560782		621.3664571689292
486.24498420677554		224.49054075977725
596.8490159069106		531.8239735421038
679.6335872950466		176.3497118183686
675.7011977281729		105.95791276475222
663.7246576633368		652.1890255828388
714.9922690991674		359.02867018808524
457.0837557968304		230.11999846779426
193.8324696793932		274.03309481738955
774.1393721781252		800.4461184484258
517.0077589173671		296.361505114334
27.739183570668537		454.89181663600175
901.8195806284016		373.5345955826955
278.97336928857914		103.5219002244445
957.3884939895779		595.3266178221598
361.0314964830102		874.2628025302089
669.4613075975427		353.5966993754645
146.89780682771385		421.43709355433543
378.65867418066085		18.883059089909796
439.19607621976223		208.43908048200987
528.9663591968089		255.26712582242268
442.47154429308694		284.6176074555014
131.1080902259708		597.1856714821869
351.64099006625185		69.58568262453673
698.2422508668908		104.75826808764077
256.2555127420808		63.551790973327115
1095.19650092904		20.806393455131968
535.6025884646583		51.859942406055794
511.19588591537234		869.0671229392495
987.5240346182849		158.73747042494927
519.7498683681152		145.15062470858922
535.1462123214453		25.279251503164836
697.0427496931276		421.5546367426269
936.5070424842067		894.9465938892805
1088.8187629521622		363.5339733375598
928.3206051728416		172.32657701355174
62.37017154004426		467.8232586467767
548.846471011548		507.5842346512356
1078.8206614969017		434.1337658283178
129.02469567596646		443.94512021388914
16.451205910546495		90.98366509932544
158.70058081959058		68.66985175502418
294.33680609808033		60.7803507357678
267.8954034768111		136.32527371256583
661.054860468676		565.1495380104052
129.67967889761232		74.71779942471129
87.68495792557094		4.303048910333741
1082.2747614308978		70.63559766422838
