697.3200851802121		153.94747639987582
1002.3208961836334		634.2804520137452
727.0722922830639		340.1440959255232
617.6910919862906		-132.00804686826535
143.69186033855206		125.45769568931684
820.0834575740604		340.356597319559
929.8935621539871		231.26444504159463
603.7173021960353		337.0426158710375
982.4065722857674		553.6035786294275
781.7355988556557		371.22302749074214
890.5142989463287		382.52598794439405
828.026075474059		713.6976492993849
772.6401471979013		470.7066953138965
837.9866656753429		303.96084765344665
520.6050505298771		-78.54912884908873
314.19489589782495		84.84112270970265
594.5759691524204		-322.4757115923141
332.16908322709384		95.06502802402316
774.7929489809775		233.29687701600812
904.29734737544		643.2916007052081
1050.6993730611491		513.3074153642606
173.40495653984314		65.97491007720112
111.60584510005515		34.40958570776944
684.1034620388322		482.25039376949616
370.6822937834957		256.7814935851238
822.9203857914233		251.9022097769292
856.0325246418271		531.1814614526206
760.9821137289364		398.60114537132597
555.4046036033482		-111.54768041788617
780.8842739170401		282.53194058785647
964.4186947826022		637.9816763502793
270.2530841260856		84.10749839594796
812.1625920305999		299.7842641633165
210.5351246807334		134.59829097567498
909.2956904301982		265.69389381393626
892.4360239423988		197.7305280677087
737.8242064859156		209.15955557273537
788.5605205284481		390.5729438786405
394.0519266866608		205.68486587562646
794.4303303080228		271.3542804725519
945.3463449180213		416.8000372717243
645.3458414563257		-2.784454712007861
685.0146440695798		-166.0780287472253
206.28437180781037		94.75321823407535
647.4068175910816		431.3232105400979
954.683359685479		637.1643349750751
799.7324660799572		344.3027930091923
191.9480507038658		-72.63530739609539
164.75909127030093		54.974628903774736
201.93880196774361		184.76980828688585
923.3272717341498		455.8140783813072
857.5101363048905		509.6068698829479
875.3943100007656		654.6182388977288
599.6412524103583		40.000870990440795
930.939432404832		677.8349994187461
805.6042353692422		731.3549511882233
1079.8456486136834		610.9392991032432
437.5806571480176		278.55276459647826
939.063355164897		503.19928945435197
898.8362831787045		591.8938223009077
220.66867932549587		226.30239539706184
506.2721170366707		-4.6307786484656255
863.520294349265		353.20252100304975
886.963295024513		442.932546976056
158.16374531430483		224.09447682968644
333.9432400607459		160.6712677757767
766.0239181821572		312.9912224356191
1052.7909480295143		610.6607912365185
899.6986273030694		327.08732403755084
754.6694094111997		493.3076533415369
562.1472570052447		259.0630970448733
254.26306629872332		274.6606603033252
134.8586646572118		202.455113728711
263.31224422257617		288.82146293581513
624.9531543454947		147.90430873480796
782.3559692665616		335.1980200853989
687.8304762195069		368.36901248800035
208.9442737140576		366.3532951045591
564.6776904807473		126.6792123518193
985.5578650520114		274.71432007121643
649.5687048871077		370.64429463379753
221.69258566008267		19.753240344306093
1037.4609878004803		694.1385478913937
556.720914349493		152.22420543972967
480.05249055743104		85.11593776700398
-15.789086695358236		161.09138742841466
728.3876000644269		153.55883740840056
196.86249052860035		120.23093640616231
785.7886729309579		170.28635597734285
834.1780781031904		312.38432427393343
307.84620153552015		-134.57703212828048
768.2527113267063		367.2515858384344
466.27015601014705		73.3404385796448
714.1611312290308		89.50058438648455
451.97222118995325		0.29329280936338975
593.9871194050058		61.34980702743179
786.1397733732061		277.56940292234
685.5541479036103		74.99910656378559
731.8541054037371		387.9876855767571
791.0901539714154		308.2887234865334
386.28576996165157		-16.31232197184029
1018.2676157102879		501.289975852583
762.8611804626069		325.6592712294406
944.8572950699548		517.2957797206515
399.7062503809188		112.2350894077801
1043.2600553335951		648.6927908304375
747.4039842804275		191.41994914711753
492.7948209397232		139.83842836144203
988.9380682967014		247.8779250850401
852.0800334295915		116.53225773642012
800.7503237176159		267.86678299358067
522.9259659937306		344.4101518166526
410.6331471099453		82.30521166976527
480.0523943088795		281.6568737916976
927.5022989472162		455.1365335203396
309.6939506530781		-74.25232600033121
583.2662660012159		-59.35753097872938
796.9524520368516		407.4780605386006
853.083389865566		506.56766784066673
667.3884513204504		240.70745859986243
566.9272094777434		206.19044172726043
537.5607969765567		429.66743338098195
236.2367846568237		63.28421597578138
10.551351024959729		-24.12876974524383
267.71358247039075		-57.50614408488261
131.47900089727995		249.08045006103092
750.3804573743264		-27.426584030014425
746.565995287714		323.36738507251886
1008.399739080063		544.284548666372
630.2034145974435		90.30423266538554
745.3969253254144		398.27712184871746
466.50180799208914		70.97684106092349
315.2924413091239		139.5336008758165
471.9726129635367		97.98737112212471
1073.067792187125		479.9079725286384
866.9577081277504		188.46209267563668
808.1732528614941		506.05215228564964
841.8164100204934		253.8664963901932
107.8356779953994		201.63629601287425
256.18403469899624		113.70542847370541
1102.4415282926084		636.2562184126543
1018.8813830199754		483.58206281647495
223.47497998317758		96.98225255822135
718.3265394438412		148.5589366530417
928.8766052228505		510.2369693752769
761.1541695691968		270.33506806759453
512.4948351225005		31.0579791352049
630.967759927744		58.243007024570886
261.4113341689484		184.21188873651352
166.10787298992472		175.6333940038178
14.626176140184242		160.35347168892312
585.0230138512311		76.67953040044023
962.9859473342277		508.82291287175497
917.3873597514571		537.5599171647699
1111.9230291313204		581.0660747257151
612.0332983506646		140.5906010448317
1074.6596432558445		659.6529395318742
639.3358072317156		385.1827691012401
205.947943043765		66.43951711690399
1013.7744688363969		228.74591202246935
419.81010415597717		98.40349195423161
755.9271919405934		315.5218929288707
359.2134230639545		336.45922423085744
670.044576295579		555.5420713233342
483.2806485590033		221.7655140373891
807.6206767071149		450.8157916407745
852.7070249182882		530.1402177405737
873.8784431720703		553.1163836231641
560.3625457080326		7.28799303973927
367.80892393939314		244.33083777012615
718.9783330661014		298.1090079443153
339.0788913531604		107.54728189409948
629.0015856575459		50.00292785042902
779.8593728853295		655.1274649665497
491.9067249334409		177.4887873180565
316.65937998564374		180.7388892547458
267.43693045673706		104.91974840027966
411.6022408306104		236.3638516335069
505.71570818585354		195.77519642481136
935.2822429419347		411.97013465358515
563.6642337183554		-49.470201301761556
1001.9160919035895		630.1524815586179
497.44524366560233		79.85388076621942
1127.0843252457946		500.3698843030542
858.1798392080254		664.0927500344046
1037.3045899427657		672.3405650511346
471.1820300754246		132.12421997582135
522.5428247661848		435.72388146018466
1102.5572671047366		520.1961189249514
987.9659677834069		508.28856767859867
856.5330137000994		345.14134519629823
436.3269469433399		-3.9951117142038726
495.33191525593645		-73.59373265115087
748.1450236306579		29.520581353068692
314.7816018291917		174.47407976585083
161.66848302506202		147.4843891815214
578.6718483890321		235.00345426010273
852.5954037596558		410.1731454198345
95.34667122810684		86.15129425982434
467.14100593593264		-60.593353891626926
1070.405023403422		510.7227971300459
276.75922570583305		143.85046109753682
871.8292082760216		547.866281537696
1043.729834597933		302.9975972041416
850.5987154601306		601.3933459746769
121.53707210375633		111.92152599209206
247.1097949141136		118.14985454603195
629.8325304527295		345.92047166554744
731.7108026430669		290.7069696597313
739.944327281256		224.02349237750207
933.0965448234459		722.3999719584109
894.6987380230165		302.07777154867404
861.3252801942858		263.42087313594163
684.9491046853224		488.5732013859307
711.2816557536541		152.1163153793325
430.2373724352817		351.344043719093
642.8690015384277		132.97327315498652
777.5583344946253		461.7325121397978
752.728667359603		443.8673943692393
1073.046838219215		515.7633634935182
980.8683053975701		510.7842811771865
115.49572497768231		275.3912437466129
1050.3527400583257		412.07939677187835
475.0322947066237		7.989886742807288
840.7613053836869		-59.358000810983164
841.2997936434726		240.41935636575187
920.6647554755768		454.32049916866083
1023.6791831221763		488.27105580797644
727.0561994262322		631.5819802439423
636.4959599634501		148.82096104016765
852.0907018630935		468.3298355449401
978.2757609731012		498.4412221150611
167.56864611676104		-60.35646392390774
52.4691609187862		120.4145023319266
968.8399288992151		297.3776754406988
784.8758571774638		402.651692428553
755.6945566025114		514.3908282879731
76.59378027474975		23.263395993644068
952.3660777345226		707.4060739810477
503.8136586940813		48.06976538305089
194.86951612737263		207.4368766863873
930.7912155905883		461.58148056678766
646.3350402908901		-41.9458013973592
841.5578474931368		363.0827537991273
738.6651198972245		313.703360966923
445.90866639339333		62.09733991976452
476.9091219334271		-36.98397498852296
233.3063470857096		-41.529606926613724
464.21587477650667		-28.28598571529769
748.6234714189181		278.601306048061
705.9073490196419		238.01933546677438
600.1773119830456		-121.24891214846062
845.9087996206924		219.55309341277734
673.3578048845853		19.059755565039858
570.3766841368075		310.9682433239983
701.7079266994007		502.48435820677
844.5864398291012		293.97740141414624
241.41119574373616		39.03436049355251
596.286848463543		-227.97733373828962
415.8746793197739		265.5040724494148
760.6145769546964		390.12323288654375
839.5370551870834		296.4890653666667
300.024415931508		60.48403275201904
520.4809327706839		93.189614606258
1044.6611605617418		730.5859066308694
1081.4717213974345		531.94287743558
829.850363967526		532.8186640352891
997.4972574008889		498.96658450360167
661.3605864389901		276.0703975492366
85.08285392376513		7.485956147798035
811.3415883914299		361.4255858915456
830.0044689107066		478.88455697922564
689.8659633913385		348.36192684835163
655.0239973050953		343.1819052334605
472.485470038234		-57.439172644524014
776.2738857203225		169.69459992445937
520.8979084126373		367.5724110862686
686.4689222767443		486.2647627057203
153.8720107104977		100.94951650829145
383.23519124398143		187.83841706363575
199.92484268279188		88.2691683374412
734.3800433878105		131.34075599325752
1021.610864419255		456.857685429674
176.8645319413574		279.9878797003855
327.57912222304526		136.1735869016498
895.606329564936		477.80103366714474
736.1713210997958		164.34293782967683
470.31391008552464		14.837188732519692
1023.879349751845		425.5114748830946
1057.0194099057067		490.3739779335707
527.9216434625473		157.15690440067465
955.0440096698211		384.6325706178235
1046.4175435617342		723.7184810355975
1094.2345435062434		595.5220445101056
367.6280770248063		94.72502021971991
677.9374496697354		126.33316627714362
505.8903166185248		92.53267926148808
463.9015405450051		24.94573634552591
557.9123956627118		86.28908125444673
945.4703710078577		104.28235695896299
828.7565643740385		659.8308356310835
814.4800117003155		365.6565597851444
748.4994523576701		205.58632135994793
952.4176218656512		334.83027290491316
392.7801096371119		196.22252842824213
385.12655222425		195.41038152525502
409.18648558285213		295.87285692301793
559.8653367188474		98.88420385219399
112.99049309409838		93.4049059638285
793.5883311845424		282.0120856088439
320.520873312659		-67.4438845850371
931.50997093755		601.4616997325173
181.16451612111638		174.89144558584383
147.2103064502398		60.785974057364584
659.1700181295788		196.70095052169864
487.2930161620207		282.73383465824315
437.90272943550656		117.53068993107289
243.73330773369753		222.99584227462037
209.17446906957395		152.0083437641232
556.0359217623261		227.74645382910558
754.1701330095655		-93.50688467412891
80.71713704317101		257.9157706799465
731.8172431689595		417.63012655296853
107.48418575050727		246.68960845588813
693.0443985945074		135.58206447159571
882.2333701843461		395.30275124410616
615.8142195058605		222.62356586924324
895.7611765988225		334.96215456013124
250.2513627860262		189.97312289451605
530.6830030149646		-54.41520121131543
1099.8647150761105		733.4467931901872
938.0044662869117		364.7850990746829
418.16526865681936		251.39012462581468
913.6641616129514		281.2163715665776
835.5410763255148		575.9992002425519
707.8625911557539		281.20969993749327
590.3836434169461		-17.69514404784723
965.9495272480023		650.8511312145625
1171.42009787587		452.92876690870895
793.272345832721		167.96123810150863
498.2898669749593		106.58746428443018
836.8810533600453		386.1018663008825
600.4538481736075		12.171621017237223
913.2810964564169		670.6804280181411
831.9400351231476		345.0029289541567
1096.7261446859231		742.2590574932769
262.4956718679965		64.39715149328327
623.8469005980681		105.94475916467778
830.2873718537942		302.33367753317987
308.14883968453057		38.72055097028023
599.2123864556421		404.41769982199935
1001.8390785137725		546.7269391346422
741.5849833305631		485.03830215250844
800.8562795323454		424.7137691202636
864.1615337692855		580.913968111826
1051.3126926750433		514.24556664117
774.6597458327651		429.1590457014111
103.30854408282003		-2.6733337079384114
927.3989866577695		518.8119647655184
526.5131795989256		161.00061070935865
120.52891094410671		77.370465234546
424.5507193925351		76.50629353489427
741.0485200411691		188.72620217750696
989.913316752168		544.6897574871833
1039.9866338872305		462.23061531730525
780.8761843861502		360.6179083438855
508.62669456662815		153.54487449251798
1036.833411463942		479.8256707804021
586.7879500840177		217.38884478753982
783.3389631158497		419.0537823815759
220.43088357619018		141.3868617213246
683.963541492022		155.79081372111213
315.3952659491508		180.80926579241554
264.5100335974289		410.80260626237265
428.1880435088708		-28.13110838206663
434.6876606651963		-74.28478498369384
568.4895321816414		150.1191975671745
868.5868607319618		227.57199785027547
803.3442314594363		230.45372589054352
1045.6124438811694		560.9556665850573
249.45531134446125		176.59084525229787
506.2516838069232		178.60248732414354
133.91399586616018		49.465504849696565
1006.9477195202164		403.5698653396814
142.7061047976286		107.4816488692344
829.5377270911621		288.8715948188975
145.73213746950734		87.79300650525762
975.583765421362		439.2278149355693
358.8985231113895		138.36525990923445
809.0731022847197		564.514882582318
1066.7067845823449		654.8233445015514
827.4753087455322		334.7934731570398
779.7905131125134		375.75421118233476
415.1248553259034		21.46281690711504
1006.0378555834579		336.2406475460141
1036.7531089109948		598.4781180459073
423.28726122884535		156.5042957766043
676.5099746666297		-145.2989416085438
746.9313064806884		392.7286377896223
308.11956476841965		86.51766584479388
548.5981383409047		4.781104892555312
539.6026010974073		164.80048829893428
527.5214420472919		206.77896060852265
869.9059875034213		502.0424150307219
1069.8311457098762		608.1612886844963
605.8492719423487		-206.77671233733383
521.7408395679909		175.1524803039345
754.5000883096761		347.7273809723139
739.1544493748148		379.9029560743774
920.4446390278424		381.62232550472123
922.2586268573398		561.2703989292432
1063.8478218673827		274.6871745133884
1096.5459462604229		583.3489069773207
678.4561890377686		396.0580609171729
331.53152609556093		182.60971544838299
460.4793948664768		201.001443384392
1092.537580506922		701.4179864634788
411.6183991827015		66.77361424881252
593.2125637114433		-2.885438835232712
772.3437115031933		335.31717290935967
1001.2281538374597		653.867658567594
894.0913441567193		279.53157106344645
724.5752349203278		-103.49627224655836
781.6035547883862		397.6340227601956
879.288571746477		384.215467838157
524.1912621658048		194.2325030848067
486.964227886393		134.41952890418233
710.0124258884566		263.3227492119347
562.4637711715823		311.7555795412233
445.78935532756424		100.85192303770033
977.7319267494136		448.0365471717033
868.2279809922903		566.9234615779105
801.7829278892115		374.3784098208834
289.2612074542833		94.11702658385614
140.67761326210916		130.41095535487753
884.9322579779675		365.1591023395122
721.0327174895779		-71.27904483706138
174.84603842921823		-17.047225323779827
743.1282808477304		186.0852712479176
592.1655599705961		52.26228165821233
708.3895933859583		43.05179367737602
562.7655922237025		132.57923423015592
262.56483526262303		-4.653341585489244
924.3854589868487		583.9257210696231
722.0680944272864		346.0517374924937
517.3098211799125		130.08033093570597
621.082502538751		195.6009892365745
191.61295993801033		109.28462925394064
974.1420548653562		504.1050983416468
330.7843376464458		230.98169764737827
115.78541132501921		82.68118801549659
291.5251529315116		53.391794126656734
653.9792070997795		318.9573622097008
273.9618851577502		20.252782950144763
906.8128342607803		451.7444798055298
539.9376585252909		38.79735936649873
127.76491831686357		232.84859963478021
887.9478231960452		655.914801309998
638.6277250021234		239.99873066065132
1066.7129055493906		317.23781315088854
870.5747203185982		204.64336576492332
676.3397481975061		428.77441409057184
995.5605804151236		600.2198766791631
455.1333545167418		-13.015587783017232
0.7321955048899724		120.6256162236748
908.3404452320935		547.3566683889247
108.66109409328011		36.670287777323125
925.4057149717738		385.7888124573436
744.9774008228287		248.03137044331046
891.0204976158649		521.307699938261
993.8282670232289		643.0184335264966
1057.4342243924928		359.0650430824405
792.7447044756556		402.77053528610907
278.31322807082387		-4.060685449259751
185.8899993707657		156.60776235551026
805.5534621908932		594.5855599412873
480.66575938707086		60.79286977471451
775.315379893266		402.22757521722616
472.3956769587835		221.79037927243002
148.31766211781013		53.80421945088159
617.4557955257455		89.83019978557198
894.553404984559		569.0629132742603
966.4181505305033		480.64558207361534
698.5680880911189		136.0848159606806
445.51268233854233		247.90784520673395
132.8166752517903		56.01793185326909
496.2148829648801		59.79202593407436
880.9199211512598		518.1476328055896
803.8496626643793		349.93048604267864
552.6474065273036		52.311626022362745
333.8592674480992		33.67052691412215
236.8253318541126		-43.17890227345242
776.97055548813		464.86884127788534
432.93944019108767		126.96852776717202
1078.1077354019985		644.7721388133433
588.2546560404747		416.57336554445715
776.7381407336491		343.3051577085164
513.7254798323463		377.6265357266289
379.3809691569835		141.18100536116157
1036.0478085678287		496.3920449383724
168.79306832455148		-32.19834155834954
704.153161828017		386.1913059802846
844.2131871025765		465.2793951721518
897.8337168664558		252.73593451459595
1118.4953240760515		611.3007000256964
1071.598096428743		446.9692503648817
624.7084150732555		-30.24824639970344
513.4229724618434		142.36163868493253
384.07259754554514		125.7179231705417
927.6436931711435		594.964230728079
418.3811141696442		136.4978527555567
867.2446902918463		301.4442427012809
1027.9583477666479		436.1993874741301
723.2244343791648		310.60185820053033
923.8303654785677		304.7396501640868
1063.2517763230471		707.368355693994
778.1718028287681		209.53520019772088
779.9576996443267		579.1385968398715
970.6332414436083		423.5457296169159
886.1504217245957		396.75533711988663
180.66499508733446		129.15685519542865
948.199751644538		650.0263987042317
812.0438714060786		297.1311189279378
823.1724330983695		521.6513905188694
861.195624981241		511.39339105105046
438.9544852326252		-74.56128120009811
863.9644170024253		538.287144589605
528.2922790648925		150.55428284147797
822.812465460388		373.2734291976641
854.9126701619647		629.9502803571108
677.157003714549		74.20383089466296
133.7995160633963		222.18504352570557
414.08776775127853		138.86431530542754
569.7051332455853		12.315460093108102
587.8992402434129		402.81331481194786
840.9499152877431		321.9781100024268
103.51350435061673		127.89297629954905
798.1486227230548		73.5422834176708
935.1429619614643		629.695436546452
419.813342487344		165.33865515045932
145.68853797158903		33.39586076352117
1008.4591546370158		626.6589342400406
304.90757615485563		354.10267562435274
723.0184129685852		250.27159078097614
783.7727183345584		329.9320543446727
931.5418614167578		590.7580409559752
444.327078946263		216.66299393926982
973.4938382365087		435.86064383797395
754.7639579009775		407.54157968750957
386.0490719288489		21.90704606211597
503.5070932900289		-72.91413615433459
1131.391778105262		481.05893333605223
946.8176974057633		676.4564163647931
782.4048158960861		433.89554294460766
139.24050017280155		26.49589942048317
445.90889022561544		44.0945488323997
55.05767359656562		-100.44051546550673
896.2574897750559		542.2379060701948
675.9016922197789		589.3763869215745
788.6917089169659		282.38245416584607
1095.8461818299743		505.7948157678816
814.8648104299792		456.850685484944
555.4131076728747		149.81568553380453
210.96752483670753		346.6806813519855
790.8909539129241		161.29833425995446
961.5471955535622		211.24140039721925
665.2707918985911		407.86057646207854
895.9235440565608		466.4667019646528
925.3487056575109		629.2302459463123
986.428146628692		250.51539644716473
826.0350448138433		107.89619112691213
127.15920060491712		76.39463562251977
957.2335247486346		525.4186198650197
748.3525893088677		407.4704525786909
763.5089614218692		379.0092165739398
364.3568821008892		51.015063096329975
670.7609099245371		355.7567984674425
155.6913666528087		200.91878110719597
952.5238397412757		543.3992008282562
457.71916407988385		74.77184711131159
748.9361774201833		260.9760219007322
910.0262541638731		364.78607991794337
949.6942184356386		351.76382120226174
358.4338997002914		207.47932566374195
729.4472963899422		196.66399357820825
550.4480122285642		182.282803596148
671.6770738829979		287.3557775781699
838.886370113275		547.5278747651848
464.84830478243623		146.71612688949799
681.2959177849186		87.61593616725665
330.3072838911637		-31.605828517327865
554.0771957097575		206.4768706343829
457.93303865992596		78.84279727119284
1068.644016224225		588.3976836115869
900.3370701016379		400.48886538252833
528.6583496048263		89.99975955442103
897.7364456806997		377.091159934369
225.4156252498452		27.107432126081818
705.7288851261904		120.25545129548465
889.2450677056484		363.79062802624327
