334.7036698277775		295.0302813577544
358.2766603168335		481.110462870759
341.70269104749985		388.6135604968175
395.02430922069607		387.24833505378854
289.55612336851		399.0080072741449
473.6619598931151		443.4329845238013
420.5788902825817		449.91044819642536
317.5886406854276		374.2106135340124
366.60729809181515		443.05379908263683
439.0479897524774		506.6155297774233
385.0542040337706		537.3341203369068
340.3748548296817		433.2128672132119
380.38757270075763		423.12493919374106
386.445516122223		449.6239500915102
409.7142466491503		391.18460287135406
391.50773951717366		493.8069009508196
343.47455280401016		400.277869746633
395.48727274353143		354.40771327518763
354.6320191095104		355.6704925911503
399.15091995780745		285.0425694403222
374.33631609754275		430.3935338222109
376.40776949471444		480.4712604801802
352.94979363746404		482.1536019427927
401.1681844944902		391.89568369870943
398.6125891215166		462.7277531829723
312.52425940188203		351.3263150145605
433.06262011014115		474.5149899181059
415.67676116454794		419.53440196904137
267.60896054927827		436.2194542379404
436.73449658979956		483.9248331581305
376.4888805934192		464.85758312438304
343.3072910496443		451.84105068465374
457.6905179942675		301.31023763780746
325.23154834764483		400.44368493177177
360.3722969981848		446.220929359645
327.8812388281143		331.8797794586086
310.1931087271363		425.51305186827676
383.8377533726786		402.426363739883
408.0539584711028		477.7624590698926
303.47975834195483		419.3644573710469
361.3051621472229		412.92299622680923
368.3646506072471		298.0116242601253
394.36899007252975		425.6594970434342
374.2638665075144		445.5515919644865
391.7991344843717		392.616193999691
315.05472365955364		357.1187137634396
397.69811568492565		367.01893674150426
425.67409332865594		283.8636837066799
476.5921424042372		288.034294520145
332.70368255136555		412.40289329057094
316.48344755955776		448.80403624758844
440.1429119800067		500.2011798063551
417.5717696202023		460.94117218456796
316.1402933592628		487.5789272078955
311.7389130109771		396.89194731334567
298.6178469654591		352.22548786837353
405.4187608600656		459.3711959445238
287.76079931887176		378.32250818625613
440.31826792461726		346.55308954248005
371.96350215794416		441.1749873208292
319.9564691690647		460.0466940829564
436.35740153112755		519.6369541374119
308.971917359831		300.3394597374834
364.23807136749394		425.02283037990685
425.58789872625664		393.03232620786537
306.23076144235444		335.18377693782645
336.6366210298786		431.72933957636917
363.7542196358937		414.8941451631374
407.5710874420015		422.7483626684832
383.742103510843		449.64096819634875
336.7247350059175		357.382807503982
393.59938328376467		381.3839540835425
339.9290397785188		409.06901101010425
375.9895737542466		435.3653233017705
450.1978821538368		331.8256647778281
341.0338833998483		437.16759215320377
356.08235160676657		439.1842607325066
344.6924969129549		295.1027991512854
302.32202231120607		428.3064614329789
399.3529140662418		456.4574375898835
351.04482208615855		439.70719242284235
335.0152392542992		415.8391961555227
493.4247297589516		354.33600368356105
299.55121049898423		386.79624426544984
357.3547989282075		279.5909954863907
411.05798471567164		298.32866889943136
327.6015645126351		364.40325392005093
402.367710496398		477.4916388467612
369.3638162043236		384.98651852101807
317.4586438558245		428.3972626901631
392.4185799785609		462.85760028795426
334.6007619287527		520.7150238902179
354.99120719015326		442.5254327356158
447.3597422544835		483.0940951666267
371.5391595333669		483.9892075581566
299.25415254845944		364.6378213539334
413.9035451009097		303.5519635760176
332.3573120735793		419.00857610579055
398.27361520103034		421.47813388881974
336.95064451318643		441.3056520137073
467.05639548501466		325.99748761172305
392.2791857228878		370.0240764954899
351.2040109951163		463.1688930660413
354.86567246150224		329.12530827477474
377.85418623368474		494.60883876661774
352.92302698536776		294.3104261350183
491.4516614983156		481.0269725213413
318.78080641024206		431.2886669806871
485.19744511098975		507.71663188811596
381.3313742674863		444.80681742889067
334.4749373809343		361.32893186543924
374.6029298218132		438.5185721859857
384.71338172190815		440.5772727326633
284.9608372723325		362.8209099636605
342.987554087002		368.15677516072606
348.61092598498385		385.3254391018646
437.4890722407784		401.0786356210306
444.48063620946465		418.98017208554444
374.83423974793646		351.6534037739545
397.275935710132		403.8063937733504
456.04395743007916		340.5593771720555
377.8742627228685		383.96688799609154
466.9903936371909		475.97226257531565
446.860252094554		452.5227546443457
346.6591997822024		301.62137342543963
369.591671814618		398.8447944934137
533.5884015554254		328.9950866503896
456.6243429521149		262.4382362291926
437.9426979662484		537.8161975000784
310.4882702433867		332.8353627908365
394.44749914825394		524.1102919643292
412.3339133452259		392.63865004438105
434.6528803988373		274.345698895184
314.3900270914371		410.62266160050734
315.77720013096274		381.3171623237521
370.92422654385007		282.00690765667173
400.8127088147104		431.66018259012117
417.9743299297384		536.4215422580411
360.7548873097095		516.7794144399752
333.6634459496522		454.58289555567535
302.28595568044534		344.2963399156122
316.894254522627		321.61953834265296
379.3403190856757		405.1147565401461
422.0748332605473		439.2576264864358
402.22327898937544		331.16629438550655
451.86763324566203		345.54010132191974
290.7085817877405		419.43463465273845
329.1483429872051		323.0807477317624
480.3337311001462		420.4205554386815
329.62093835744616		486.6129727529263
431.68710443058484		295.79019590546477
427.5889611736583		313.4566127892014
432.06687214846426		404.6920796789162
475.16458925483494		417.82543586292104
393.4766490794869		277.84044758750827
430.68773170311533		402.3499660612036
428.5346323067245		404.17007671468303
298.7618236869141		459.029259600448
300.89814420692903		423.1054299749024
344.6164749104318		278.7515090641771
339.96270700504897		334.78986621476326
327.23845561991186		390.2082554072418
281.59516359468546		305.3369986722124
425.50857824688256		443.39234386684325
338.98848460606786		378.731390188303
387.8337422236057		484.67625692646055
345.83557555052784		414.3536724826094
467.38579299711836		286.53043385894324
310.1139488120865		471.023817564619
452.7355337033184		350.42246579723263
340.2732599516431		425.7110432799845
364.0275577322076		459.05990793081446
303.33809390480167		404.41477945108414
404.06683701347094		442.2360291675318
436.5113432897662		502.91028036164346
484.3055725872977		400.6134590219136
414.996444390774		424.2850792498554
489.24484263988654		468.1261534002069
457.69973492408826		330.24714595402446
337.49286478924415		277.93480020197944
271.6826411091464		411.0966087074683
313.4526694582268		418.24243190798813
399.6362525161216		443.37057823582455
297.11709880159196		381.8018856802196
438.02635723277604		459.32675797515384
373.6465414903511		382.93678633743076
353.51683374581415		361.5270999300613
302.4133948264582		322.01740868951674
308.6724545880374		345.91362629544767
378.5015591704297		434.48988552773193
396.7707884769814		431.0303015958662
412.88404935438683		502.13737651313767
344.28458755920127		534.0346071442807
386.53991229388885		421.2123358524302
327.26886950728726		295.30233932272006
452.5432087066495		371.30487112502664
430.7643373894601		468.7085430453331
440.2698304048554		387.7595870750373
376.29080968525375		501.2109225508633
370.6982439081219		438.974429036247
289.0277057717757		285.1720562562646
363.66389208438244		324.9230033747145
422.4061353342135		442.1821817257835
454.6121530629991		327.9500800757523
444.28336372410905		418.98789642061325
304.06672706800873		332.02556985891226
299.6507150832777		344.3596683375508
495.3143635894113		461.0470265921094
400.1557621984476		419.1083592408662
284.7146576410158		422.4878404809618
411.9237487982773		415.2833595880784
345.282764035087		372.9284914656384
375.0431544752619		365.4209045219011
404.93569205336314		434.73762277774796
474.4486105391017		362.4545309378258
452.95520035351865		452.2554695488433
418.9481989979757		460.3555096827756
434.51838345072963		476.6625172324771
352.9373789881757		391.0151915479786
496.2075346308845		353.4638754995681
436.18311755820037		331.50480536762416
419.79978929388705		384.09799289394766
336.59344782717983		313.0864023982859
478.83108847839804		488.8486456189293
326.01431710697926		523.3653998173844
360.16410969533877		433.9767532040544
410.38727429244943		446.6567168179658
347.2625943267082		432.28305195122635
358.6611339741611		436.32643717291535
379.90218532682775		450.7157660596146
345.55675259570313		280.55401888697855
386.87403245904557		417.67680477641596
362.1992225723015		445.63376539197606
425.95686364518303		364.54893077898026
400.0366101154735		437.9472832003983
417.6636414604017		422.9683365550416
296.46324137639334		268.3488608894022
275.01358164823694		337.51543502219425
346.4936273036269		429.5520474581577
360.5654871070736		461.9114131006617
377.6489030626911		324.3099189678951
461.6359991243944		513.9721649618883
427.0759961790786		388.4142443696846
391.0003482709791		348.4002991702663
339.7742575849896		361.32536296644315
472.3722715496498		469.7252348735537
337.8080732989168		395.706161340669
289.4358612845838		373.9628039832749
384.1077790126285		420.17779593886183
285.8314317275498		393.0394837908585
370.8791535116884		419.6293684730667
303.82375933011025		285.2684152441859
422.9158299625997		514.2923014409613
307.5053651190031		331.3185875323189
327.12690579981245		425.99425956861313
257.59837133861345		402.6663536231748
367.838715948294		480.43546547116574
288.64837648809873		363.862589114747
386.6624231752219		382.65727278130623
336.3964488622668		363.7779055683185
480.03027529038354		483.16308544291877
294.6127227504629		267.73492580800314
332.61042218578257		481.8112909283593
291.4934584650607		369.38015051809464
427.5161968223297		309.2657051847113
445.4109664041555		525.601536781387
372.2114856553219		439.43817425349766
392.63986827131254		444.16755436302026
309.67952311914985		405.75724684929116
243.61384610028495		326.1943703753328
380.6767409133327		389.77404694672146
362.1672027072456		362.6855498843327
312.43910715753844		429.1235297111429
365.2066907901406		262.8321082045144
321.4686028382416		360.74751635575615
376.8368825838585		404.699579413235
336.8053234217045		402.84433106082406
353.74329232912015		386.478369169667
411.1120982262651		434.0992671861343
430.35554723389447		458.3481889086763
459.4990460266715		367.73675919851956
319.6320605427247		394.2612121508604
355.92170951284584		461.17419014358677
351.85849916031066		352.85576875469155
394.8146394840316		462.5825736193776
292.85902885656947		343.7959234728528
356.894114153863		409.42518830525495
312.75030667635554		392.63892275630036
455.8658738024622		372.4348477800452
411.24472763684673		456.5152688948762
284.192915114655		399.7631753693383
329.57650321869136		408.32673393355316
324.7093430412349		466.9251242397476
388.71182795990455		399.33390773380614
316.6016221400893		311.9584464959242
330.5793588283953		282.1953014051431
372.8555347688701		435.2535814403449
293.62014082117855		359.66542155273453
398.5396119978699		397.244768459719
403.0148139686245		450.2508543093393
329.04266781911303		381.73243691215606
420.6074359237914		264.3253979512797
421.6153503399991		353.1298882042935
341.9626284222433		389.64396872869673
323.5953915434486		367.9681823707999
473.9940316443371		286.45543933555894
437.67483860510487		414.83849978496073
468.2993228339795		325.56539552117334
334.7219433712014		392.3980833576835
462.082246287926		335.9071053162985
291.3063603245007		398.6713692346429
380.1013133355872		425.9421289301878
351.35217893528846		301.29081058716645
444.1891747995675		411.21232769538824
399.11494833964525		336.50863656711437
499.088929153636		476.4812069310283
357.5174008846864		396.33592943760334
353.62089516080925		421.02147686074244
437.2528485248639		373.07868957975444
380.72811084880647		441.95881025095866
451.4749797871452		335.43622756399424
378.69654954684603		420.1383120266625
399.57247690737626		419.85811552088956
368.47987836276747		445.47789757225786
353.25384383654483		480.7602134487968
341.6804773901915		369.8487833989194
335.6444657601569		346.06300919607645
342.63681078153024		401.39563777438656
386.62606114741294		457.74334391919683
470.80570673575863		321.9334151502014
344.13911163165966		269.15368503833525
470.3546797497365		517.0941714296497
356.4631743642242		414.42235081929806
299.93532450554295		454.0647294318369
363.3410968785203		505.9026590583533
427.5709096820337		372.8252681801731
282.0774070716215		291.5539468104812
368.1435817932175		462.9669036722576
371.98490957842336		458.74209120863173
431.8252986341731		486.7252623124174
369.81146017866683		363.25408586290575
358.43671021293255		332.9955485995117
383.209670848766		281.32135770794395
403.7527276622033		273.3251741511865
409.33252949765034		467.35136017781844
398.9098203634408		416.1534064517796
454.0889896351238		318.1187190822334
385.6493568960432		416.79931486765867
391.59396273898494		417.52124748547425
440.36911553171103		495.7079466149317
387.983313215835		438.32560854435474
402.10617950322813		514.4577625158739
384.061410662635		413.60718542668747
389.16512741546103		445.1597572907155
395.33440117453176		442.6877918255824
371.90726412319316		333.8110889191856
309.90617635940123		475.12862468120437
376.6133887103037		473.06202672099363
344.901339488773		335.0385717036204
368.5970172069126		425.35821250481825
295.2885827495551		379.9016082710151
376.53163724568157		430.76916065906295
327.92719221850047		444.74807729798636
441.8068956634795		500.08638591008224
324.05936391145525		513.3176144485119
426.5042416613572		532.0906167822968
345.7734418718446		282.87873542311314
248.65159585192387		400.1976707767317
436.49397612600893		439.01474416789625
355.85957083817794		432.642867546262
429.57188335521533		473.9260212724819
335.08662710888666		443.1150508242764
375.30044690846967		464.9881762606668
316.01070300595546		430.72482427747104
309.33200851793885		284.89480593626996
347.3980588799021		359.33228072197227
403.66634750706186		479.7325873106612
374.4572735961087		445.85374093007033
356.7125228373677		389.91696045515556
330.7592217357677		455.8055051752558
436.27866010791854		393.62764040184743
347.6735472802271		414.69061373708433
356.7718682922964		412.1883867631861
341.5902861702104		376.82250903083104
411.16567966015674		454.63339331940057
395.2371347444825		438.4028887049095
308.0627069871501		522.3095856239008
438.50216378194295		290.9134765485665
369.6223614721192		398.2746673029765
474.8072225340392		425.7700932866542
410.0054545043022		513.7028971589905
360.02133992827055		498.4124532396197
240.57971338346147		399.3716096167767
409.92034187590843		460.045358263896
349.8389565114597		481.96431804261965
406.89576172977377		435.79414852974935
354.15012582155356		406.2329190850737
289.0405744006955		447.91884284736426
360.05443117921743		352.18788778367514
369.9649205416264		439.2052813141381
415.5860092157215		400.9938621242436
375.660262774655		408.3976102486127
371.8433152643581		432.88526046820414
412.6085772578782		418.9270596666235
398.23712445488707		416.98576658662716
408.64039351537406		503.97038860269174
365.1752735914984		324.11663565732624
351.2860646237099		293.0073474150116
422.92646212934744		368.36612165182873
319.6313946947221		508.5053363504569
358.20940195602907		408.00194577038513
356.0118618827708		459.2735856168739
272.8597070427051		466.75777629518365
425.34166697881903		384.422841980043
447.6031101436546		396.4941402054024
371.3520931879685		432.1312167873339
390.2508904417143		452.42803547430174
383.14626851334333		457.02503046531757
360.50850977377905		405.74517979803096
404.18401651780516		446.45973249104946
357.7135337528783		276.48676867508107
400.07185381469503		459.09138661286664
449.88841839629447		272.16111954813874
422.2999320852063		464.4232188711238
280.8500681362629		426.4394749552069
351.61500686249997		434.85648953568324
363.0483595995808		457.5073921101175
315.07836072790235		440.58306525554156
330.8653891573482		423.45997166496346
306.2232362406544		325.9433087615123
394.1718039103703		412.0661299121054
317.9157601009344		382.0892926123707
383.227606927367		493.6295904285106
381.47199987527847		468.5759459834979
403.4376008649622		345.9725509577466
443.62068216461006		265.30254933593466
358.0399264792413		473.80830784252936
394.61347821621723		528.4199984160234
339.3911664787987		301.4922739920274
510.12893059687985		470.40692295879046
449.5320020615434		308.50720461316115
296.2184045916347		398.9347336548162
434.9857612700078		358.33332672485574
281.55124707731903		439.3202821733046
377.52703124257613		419.85751982980014
362.4101141146188		432.95068624846544
487.8772470063313		418.39976441412006
323.7669462983566		496.93573843139535
372.57089450403015		331.8982956820366
368.8353688243353		461.677243154205
273.28675031561113		409.3924195003933
315.1525761317395		461.30972410983156
458.80604143278816		549.6594905044276
314.07803744944886		384.82977879826865
413.5630120675071		418.87455748227416
312.999194699136		370.0064006270086
321.8481626247253		475.86139523847123
387.9158194565333		426.27733377389626
309.65967556680107		292.71328277946157
383.0047368413869		372.4470034001954
399.7302881243554		388.35422126914295
370.8347717730518		411.00605864403695
325.3497575472802		485.1773363967218
431.68378404327325		407.1138369756245
400.39773069380834		430.0007828146355
342.0949242608435		452.05722099418455
275.50682049083684		374.22811434164925
333.4092542968473		437.1994580512271
429.7101285796627		364.39376446694814
458.5997542150968		484.98324527840595
322.8701425730887		510.46348439704155
443.4142714612517		340.3188453749245
434.12976816860555		269.37638218422467
363.4715350083786		294.08028777038066
322.8207276790843		470.79785948825753
326.3116714205173		291.28451013257745
419.1608682975521		450.250992540292
423.40704084705897		526.3382103128708
322.16846846965734		365.010704882427
366.62054597299766		424.27573465883745
341.72963990172696		476.4596321299187
331.47551615388153		387.56173518290353
392.0456038324138		419.22766538823583
289.01450886297636		407.66497981883134
471.26016851348163		303.9818135889219
368.8002736598291		415.741470240516
350.84346096131645		321.54580891473984
384.4829760735482		318.61480444513245
393.599273569287		423.64432155671193
407.9750936223494		447.7529175717765
442.9265313615922		484.76099558423124
443.77235348088516		328.20426480725706
308.66599832601264		412.5424922890551
384.8303842693446		422.46030809609266
327.309833207346		316.27302758444887
451.02376109612413		296.6398478101235
309.7470962148451		313.37072974279135
376.93925739675683		360.790648625364
397.88455674908414		433.71797183286196
365.2209445975508		393.50905390948645
317.7193825281876		422.1080322494892
383.1521651648625		448.76803674810634
295.11931906026587		439.77411574334667
305.28918195025796		431.508016816437
391.6900252210087		486.3257588902459
337.8779485096856		361.63504087744036
306.83730238010764		303.56476077625933
337.06879541446284		388.90624399853243
326.83938309731707		498.0499789439059
337.57733129598216		484.9360187458724
411.79213120224074		521.5196192192067
374.649690685257		504.86168413470216
399.3346492678243		373.92155427229227
511.04786221961035		509.47671076811815
343.79899360800823		491.49845011485115
336.03596685558557		377.17919366532084
410.28606217031887		405.4227158931181
430.4851793815755		460.0745272145263
495.45079805450564		516.2171909636825
362.44917438748905		403.4903168811909
335.99251729534114		500.4159788763324
297.28589944748046		472.35951624419454
348.2087106241548		352.61033839500243
482.3588481075109		535.1105426621607
374.2699421074383		355.78070386818257
372.7244616875814		426.8798379183264
341.77916309659236		347.23568476929466
332.65717141496515		319.9230425730181
392.0507367844413		459.8128814772445
470.58979617647606		420.8209606904985
278.18438789610485		362.9065977442666
387.15859129076983		334.9514427082322
359.09318501959956		402.2073566550344
373.03631141172366		461.2541398963458
360.0868032206545		389.27872158530965
311.32633481293107		329.0455187166305
441.3922061777199		538.0149915811485
374.04942451153664		474.64247361282474
348.9390531215618		294.06221533497796
430.53635696160757		512.0634702858489
478.0035790809217		472.76935868020377
322.26676220580543		388.91841998653683
358.20425120866776		339.31200974057964
357.4349772729861		353.8389218219375
301.70679840833566		414.0701295238635
393.98861692718623		429.99071525447386
298.8115680171011		392.63907273221974
294.63086514341256		376.102969878827
425.60282263332147		434.5142791111242
411.1686035132153		424.9306483378288
344.5955816641405		527.601061707687
349.3094241577229		284.20462372634495
379.0576799324225		440.7448522620482
282.42551646981195		411.2256272630609
418.4791302400415		352.98071968228237
387.9162087222853		450.94220756759967
405.4282582725215		392.66279526492747
322.4331111830921		399.9062428303905
345.0461752541947		349.11356789608675
346.0257601840619		414.0746358862728
425.2309727616506		345.18168746401307
357.80184225820994		463.0857801096403
390.99752196463476		396.606668293435
461.4484261584461		513.9405354938247
346.47673370825936		342.2070162265593
320.20086453666846		395.3897192746551
456.01974320798433		487.8984058701799
440.0829291223428		346.97257362961955
422.52989200439714		465.3966692675789
365.91859037039535		449.0831142155815
309.74719891533977		455.6644999153689
390.0534205742434		484.34323885673723
339.1768783227359		342.10106808705854
354.1483757749503		482.5773759049931
316.0409385114527		369.2247491567002
335.331752756428		456.4276812734972
291.5454637526159		418.8946142966095
452.6601212527652		352.7638190110292
365.0394155163542		382.7079236978352
319.62777737837666		362.6332128271077
298.51216627635347		356.82496380525106
359.89230173593444		356.8558962113043
480.18484228126397		448.1116734562539
372.1093053770042		473.2748146124208
370.48001633745594		465.69009847214073
308.4776413322209		277.20294727259693
359.339472401772		415.7090610964145
467.2488506942512		366.8549532821889
375.3943191726598		324.4630697972995
376.0580264753979		388.6927074314719
356.52681006515047		355.91224099783744
455.421495165981		348.95643774866005
330.62359842170383		492.87729081472656
353.03390689728167		443.6389083564878
383.5343603582449		456.3255324074056
322.76987683266043		306.17615394406437
477.11437500274826		417.70894181902577
338.3198013799454		248.681068379328
356.70788161929084		478.017427411269
371.21011422186257		448.62753870569577
349.52708723802607		414.7552884762568
490.70727376168105		338.68593305299373
301.3203556242707		482.33839622922613
329.9868890258853		413.7379828217035
340.43041792645056		359.02130035889485
291.20668846307706		387.06777568749
366.6949056228259		350.1848841450886
321.5948625369436		432.80160492043257
440.26454072508295		424.8090566887036
332.44217279693856		382.54343373414997
324.95097709587196		515.1934084966382
318.8710497494715		419.1130908325781
414.93021204462605		363.6662020404819
383.6612828561973		437.5394814257926
282.73542826870977		403.64708159697653
443.163543638301		492.5508318464648
497.8933922030018		300.36448141223514
382.5154327501855		387.44351331224124
412.35076105301533		513.35017355985
338.2269131722432		459.7600003744485
274.7082337406355		414.31733709002657
320.4155108293172		511.219488256132
385.5237784962296		454.4628007139973
315.1704966586828		483.25732238330596
318.5312811817671		368.5865943926355
370.5639572058281		430.4677102039993
347.589743155019		519.1918424775921
341.7665041845372		440.77417371062404
412.76617070475726		459.1511890722433
402.6491620835537		484.797146315889
326.49917223883364		386.2912690925362
360.8588592976968		251.14984417806835
308.02032417167055		301.23476729259875
374.19677475861283		466.4931115054438
370.87919465268703		327.5958267944855
334.02186105467104		396.4003389353038
364.8900333497343		439.70533759317436
343.01583523444265		416.58364592616135
375.4775882994548		289.07339466553475
400.70710285934007		363.2667774850601
383.2015561212263		289.28696040878646
312.60144823667395		448.1457236592239
241.5408146446805		461.43395306270236
290.75185755481783		415.06942989320174
459.05347052990095		293.58685790548117
416.2891036422653		421.6220297270171
392.6814370630979		420.0758571259609
414.7770384831948		407.8272820980688
305.43782536294066		400.2277008249456
397.5437351401458		361.75285190808825
484.41222508254623		339.10325143654666
371.03382691780445		397.445096019198
405.4848645253377		508.21523543299566
324.7354984425802		377.9723162872332
433.4336010776952		415.6765628768828
453.54090207884144		286.4669065365017
405.3230336443562		431.46010060486776
423.59863342086277		422.76759168437354
336.3947940721823		410.9909599721876
328.4526126175403		302.5734807316578
341.39259392023496		265.39451663947654
353.9697934672715		320.3397018058959
491.8060115647648		537.7422427458648
486.33124276222156		309.68666260722966
432.5863712877448		538.4802539127506
365.52396052494134		441.41470563895155
385.6204185433922		385.3774898119922
415.7201549370924		434.0546405129852
384.9080250890998		426.4159744758219
314.29106601695577		482.05691247917565
351.6360618324039		446.974148690454
428.8289344259299		398.28174831150557
315.3883819669278		529.6851216769868
265.5723346758941		510.6859777568273
359.0039469459166		307.85091615524954
418.6439588121439		473.5072046912882
481.1863167935813		491.9690459228751
399.51493930207795		441.0509741689693
368.517548328591		265.0681134816073
297.89671301082086		413.9020608854715
355.19757638779083		446.62174503870096
393.62454082642716		285.39576522691914
308.0513490488918		398.7154546940197
470.20502792209567		374.16783768397653
479.43618177852085		340.6839268686223
364.56464662855524		512.0341752678598
379.3058550283945		402.15057133284665
359.4838298456775		463.1134942579962
369.74998654549967		381.528297979554
392.0193550722765		479.8258695061622
380.1571940889156		413.5485962310521
417.1591982272859		433.662212569286
363.6903983970572		394.9479511980314
291.03208618467		377.685096494022
508.0568926281658		477.0868662630798
424.07398569152963		454.4879054353312
362.9156447057468		408.8825004695185
293.20319696639996		420.368104859831
335.07082671203364		398.41111279827186
332.07185067333273		363.60877426846145
273.86542223503074		438.5849617370548
334.860140367978		432.4916404634092
456.7852875180605		500.64290801256925
356.09340441870546		370.00951850974286
363.77611167646904		441.2124081395724
407.39243112733027		315.64837449848466
302.9761606399499		386.3066726704142
327.7418145598222		387.9638226301942
416.437035458158		452.47505318367115
384.97427395373563		408.31652471445466
426.7828084722928		377.141855536818
338.3344701448427		482.9254530645238
380.73214569087463		354.9327687971561
481.78558519494135		323.7624290670998
426.93710661136066		354.8085781997377
324.76382517335327		316.80476709896345
430.6648213057763		483.48083720283915
303.63567783365147		373.37842683940147
327.7935879670662		359.9760800885119
439.16137734670446		316.3154525407926
360.34336372170924		441.9528583552137
476.6215092608416		446.5372871945404
372.24840939338344		467.7098014487848
340.4869202999317		490.6598833376678
326.8267925887663		489.8098120193796
404.3563577303572		400.41471410964465
273.6293822371728		408.0384076117682
306.8435536609576		386.7512403085003
333.32401677495216		423.43281500771496
255.1557433358479		420.2105726846218
290.6330634432935		469.2684666983682
329.27888712978285		392.6327985929731
325.7831172201416		583.1072152257858
468.0788161553714		454.6315459700848
469.33961105745476		479.57057232471766
357.7019897176912		409.9560058654962
472.2888382551711		367.75011809538444
350.7150933896563		435.3393348302771
327.9047217873713		517.2808265560978
329.9907417449919		339.2683574665801
482.58248441054076		458.08089315221
303.4906319380387		324.1386580664865
320.6489589616642		512.995192393265
410.85608288576776		434.8070040913139
264.8560210156249		415.5298318826533
359.884343191638		302.0531197066534
484.4762368219539		500.186613506457
437.42754813113487		539.6481559389816
445.1860207375779		443.4946256558128
361.7041771211054		510.0356019806097
478.0895787053773		313.2795253602702
405.84009242082925		408.00490892067893
342.21608272862045		405.4668450596448
373.9245841738375		424.76936824331665
321.360691020189		364.0223154039272
409.68413993014707		299.92368927068554
388.5302791341112		400.3038251909418
370.36261445649023		332.02342419909206
343.33987376367		387.5068982423241
331.6708609826943		428.1352226060273
408.7150907246469		438.97601316070507
302.43376839136465		392.15987959505026
327.0691810520284		383.1550706390695
337.9009199725419		274.24765367614293
477.384158092048		320.2622786007601
371.2763035628712		426.12542633237786
418.25104456506705		366.0935180715972
406.4312960053172		401.883103696056
270.9979007555355		420.74290675363596
331.0823073341138		388.01925472674804
316.5538408221894		382.59018484097606
496.56316129912943		331.06558666079883
382.88060014397934		422.24985314959724
322.7595681712975		414.9689738736391
412.8301961693951		404.83150729300655
389.33483942518376		283.9478685183427
332.1691744000823		379.4657854572444
365.44613884826254		378.06734652951496
426.8407989794743		395.3276208650161
346.93891202482007		327.4433599824752
432.7749136436474		467.84890726028414
332.0295548566372		458.5070962629198
311.07302970149726		459.6011724095552
338.3077806785753		250.880681219834
349.4025980820801		340.0553954167078
390.1207038426789		484.19454795593805
368.347514575831		412.53132807701434
340.449981532485		325.064597249671
397.957937282225		429.96637334192013
333.5575107621593		292.438835489978
369.7151527440869		445.5595212705802
372.8073472549716		519.4207501749473
464.2883162551673		454.1439292026444
395.1183093685849		533.750864560063
428.44353429997614		436.4346947183667
375.86330834645497		374.29112948426956
435.7067204704612		310.70538653080166
365.1827807402907		463.9346972238362
320.28227209840003		371.60348747371575
342.77844014796136		407.7435830998475
330.0658759881476		398.27517001940384
434.13644417870995		546.6865074858559
468.81910895761496		454.2581932980642
403.4922897382602		435.54239996020874
376.77407730512107		416.7490395935227
268.6453005967392		498.5596065199894
431.0246704049542		393.0048547932369
361.75397011853755		407.2247449684001
278.33802601578867		430.3225639316443
296.49828818979313		390.4928989318576
421.10352795657224		378.0643341523412
331.01672701076626		367.98960215887524
329.2409935043388		537.5553403774992
430.8528589221028		301.0821916210745
312.1224905704293		371.4336695931384
325.916602280107		332.6796673475176
381.7482716142722		477.1220606509243
363.8450204537036		448.96161414335984
364.2093947044657		377.72948217259176
297.6649119930153		416.4956265815365
279.7938650869236		347.6299510521186
411.96389959866593		452.00091422870014
394.18791208867236		302.287188158708
415.46279510501137		423.65448080901587
410.3897845916856		484.1549908663834
409.4205419662704		521.7082182845941
313.7635614308112		355.25890288233285
378.36666742453326		413.90323242680006
468.41738636472644		363.8248224254348
464.3603491481753		403.0730024353509
339.05424524949393		475.3742037974289
371.69930698414254		367.5468115697263
494.31613150033394		494.1207561607074
410.0931884349351		475.2797441950006
336.00555196810984		414.658571188237
428.6140084346645		332.804195343493
396.32019380313415		425.049804044828
463.4521838327435		486.8937426477255
378.3103158128144		449.01820308709296
436.6657058294952		489.42288018928025
396.81686242013166		419.38498736458837
417.82986025173955		500.35811165949553
378.57480221260266		275.03254325787145
334.26411446218367		518.0472223172602
488.3894410047125		419.8514350229199
457.68637706107506		514.7415774102694
377.01197345176485		428.4185963268905
360.1869734363354		388.2047231355902
358.429297021628		412.911204771663
434.66933696500047		340.6305210053084
413.20090684963367		469.16295641051266
356.3626618802831		354.5234679222305
322.4350087713272		341.6969626159929
343.7468035519508		442.1392018693065
349.64428822484643		366.56302031484347
387.7879091761821		442.55540327054916
437.2458086698762		502.66467914043835
386.9341071009683		459.4049106116421
427.0430131530085		362.14997708063856
340.79574824680435		373.4091658206725
475.4199320175062		529.0214865276854
415.5768460569789		376.3135213436088
314.4407235095647		341.47350157288963
348.43785821260246		441.9399370471844
405.4022155088343		419.3901329520932
348.6843306649063		414.036379912776
448.35285029497766		443.27559241053604
352.4619346559061		564.964303418806
273.2147945254447		442.3250001463906
483.97277346750843		505.73996674625516
412.62906591779637		267.5041607194264
407.8950029755335		383.53726172292124
355.306673239536		267.7815553019685
290.5591673267295		396.98993337784174
353.709840408582		438.5118705872616
395.5982637531413		453.9767432970058
342.4812110838776		312.446704183858
404.1803121873164		433.4453625053952
440.8639328500732		424.30178981112
457.55097005803725		392.0735912299426
282.5472793234282		308.86960644852917
297.860391870545		483.0259815008368
298.57229661612706		398.0366519093489
417.8407500805773		420.04573294172076
392.39793388393815		323.2541574561094
353.2095518248548		303.2899252252616
402.6349916297744		443.653920729923
375.2156904381327		462.327779310131
423.5910313899923		577.1672721447056
370.0082831080955		422.79516335071025
424.3603629028026		498.0868011627652
319.02185765878124		358.1789118131506
277.8742155380631		427.72446079853347
484.82557283133997		507.40334774896246
302.38949447020764		384.3780397334585
344.3949907959744		329.36148754143676
400.8463085437434		427.61309844950574
311.9705205012252		420.20272290268997
403.4666389846695		289.38769065232646
412.56130371116376		549.5451704881191
324.6574447695145		388.76902758424893
325.37072629054785		335.252442201669
318.88504433288034		425.9961194486813
353.51216716381794		397.14843645462753
350.86841354025717		375.8717918418864
341.039717253293		253.5116909926592
350.7131702551787		457.92006610501477
312.2199920282088		258.83777521192184
411.1559498469828		268.68986323383314
383.9958162618968		419.50365732723213
525.9280110832456		501.841088525244
423.84263956929857		416.90765731277634
422.93400356772685		423.99009609825964
380.3535072802147		476.72221795290795
366.7841575602851		444.08937312016224
300.2698068045876		402.8510053162123
349.9635026548832		430.61279297618336
423.2938963885083		283.0516379732021
448.8888047372829		529.2229382789953
434.8905738284899		501.54034576827905
280.92589794145914		432.13361485307956
345.7480710947766		397.1727882160488
296.89785661471655		291.64672286171634
433.50880581674573		494.95546536331
431.76359609766706		302.53335393958105
398.4531568881115		422.9916973145651
398.7903718412855		414.8474986352849
353.7921498064516		394.60281806816465
462.20830193459733		410.3586919429956
400.15451354150736		488.89541115908315
443.461950133086		497.3483480168711
429.802987031283		398.1200772074899
342.70507199820116		398.15585437321175
375.6522294261017		370.30065764940235
418.9206952315763		415.57597749167985
336.2513872240622		482.25299939614285
419.4449597308757		369.2334691471718
374.03633924048484		408.6963937868747
367.05452690728873		418.6167847264758
296.5034221652193		419.26771393852323
315.26713359074347		367.1733267847999
490.9741591091869		362.07663839233044
468.19448301680376		520.3081834306232
362.90417358757435		492.0105506162382
231.9569784055476		403.1712688266096
366.718225916807		404.06056899976846
442.7941710913721		509.3686709561701
324.6134816674946		428.88307748127716
379.1986436442642		435.6550611636267
337.71127955037025		370.910119146754
375.3977287732163		318.64157939354624
334.7089540212596		441.7923731692276
277.52502312484484		420.5318187058044
431.99725096861476		422.8221187989102
369.91598258493025		374.33628689170814
361.68754811485377		557.9730345154223
387.1763109898129		435.55691261317025
414.41431235390354		489.5844857725164
340.0197041841682		427.54109778840325
407.73752364437746		433.39404977541346
356.49198759789374		433.07377116828087
468.1118579526646		519.6626437365717
381.98234712857806		306.41929345951996
430.75167763857934		403.36717613412975
308.49303187254895		330.98943008189366
323.48010332469084		458.9960269674041
435.8691285354419		504.93550581733155
322.7118406568667		403.8587471856628
372.28181404876614		380.81476631226883
363.75533688197845		430.2943049908722
322.07652810925526		429.07591184681337
329.28037454469813		377.1533077239049
283.62106146944416		409.1607678266541
366.20833260460375		420.4318720753775
346.3056843678059		370.66151505601215
400.3040851216382		300.6319953465204
363.40428518610247		401.5652809451563
331.37632074322045		313.8083654273
367.83713623628233		397.7320283430119
315.41708493445066		365.6766491307227
322.723693140367		542.8475936891392
461.2485514872627		523.2548317204017
344.9380287453367		456.1832428276478
379.20226625003926		284.16262772725923
458.3511474651108		512.5898397454208
329.38921526445154		404.42380418872045
398.9317770412338		424.1622848819833
454.8961763430571		310.2349069123594
356.9587658119831		345.08906580632276
378.5834489856303		478.48453511846094
328.78659510959346		431.1958285992584
360.6969244073996		398.3324332625793
363.02635901885054		338.34402977423116
378.4156901754606		301.34080754905267
337.6684602726266		432.6539473103166
317.47503694664346		350.57869217991407
355.8769230048967		453.9812948216017
316.0044684049885		409.11072774895894
385.4293259069375		465.40863801220684
333.8526453455462		375.50653061086797
386.38668105786445		486.5442680928965
464.80988548178715		524.1736467781321
286.5826279541156		379.07049800320283
448.514009410145		487.77635424750275
463.84121667552637		509.8416939817172
383.8538815940735		419.1162263139758
369.4847593251888		477.9567656541442
363.79670726328465		413.36567719874694
347.8560978725145		458.74602506884463
345.1576001929508		457.2283159183976
429.25483210605023		403.9119702839708
373.2022679509101		455.20033585316435
343.1559075533956		306.07502855846934
424.45792321710024		310.12747472043316
318.6136363603056		483.16883992359845
436.1246177774543		411.2644168020119
443.7536247655726		448.45713723614773
352.13550521646175		403.5257934884111
358.46669086001384		485.1353626688849
365.3251682628468		461.01477221419566
371.9588868894671		414.79488682575055
428.6225203365781		473.3579456364195
329.6849223835802		406.9808290326791
423.88525480127123		357.00804586572167
332.70451504169944		525.0288962319131
346.92784914056205		249.23217495761003
402.08686773670195		361.1357538111793
460.7536107585526		357.9422994780894
345.72875381018457		540.2884923608627
500.2773193121566		334.8123969611886
434.2945606396243		489.2856523715602
388.51306397948053		518.3660835715082
290.4454109667292		435.32648809118314
423.40702856870314		441.91496020491905
419.1457632902906		301.4410727452648
375.93837696319497		315.22673897267396
464.6935885138371		402.1431275560698
305.9563885588708		332.3896746787597
399.57254538852663		458.95960565404994
326.2236089552547		440.7074919260305
420.64977136692227		464.0093824071803
425.6799033793736		495.30257034706165
386.52439834383125		517.4692810047919
296.68883260022704		364.69603534504125
404.2210758129923		455.83019360805895
390.35575239138683		440.44521589637293
315.00817479410944		500.86876380954516
346.9346290252781		480.19016391727746
360.1590483259355		364.51323433879327
399.73957322561677		386.4944639537267
340.65725264434843		505.4490144817865
288.82957495362626		414.40293625277445
374.1807182073768		373.4058753081248
389.83119145306523		461.8850693946707
317.1061014816394		447.11180417189735
376.57391365916		446.31664630048533
452.54563301592844		464.1483767350677
314.1852733608977		355.997105294467
323.26888167952984		403.6514559342843
301.8214804772448		264.4104773841902
348.5463906997757		491.59766796409434
458.5425399355041		470.7719822162781
317.70322580119057		323.98085956483965
378.6138801198124		435.2012490167985
412.2275833287353		509.393501886405
284.15919590137213		389.1447905548688
262.0462703840897		462.9626380856175
438.07106566539505		387.9019871133314
341.6615000955833		389.08883653022355
353.0661925375152		464.7732649661816
365.7653331354381		458.51529963190507
501.5683848699439		476.04999587860425
319.6436626010278		434.6845133364804
308.2492081914239		303.8646801980401
342.8686526728702		409.05439693821336
420.1836839957583		487.0733931441615
372.92264883050444		416.44860879927495
362.2649918553226		393.0914654818685
365.6132914519914		378.7521347577093
334.8604793382956		318.00730537928064
440.9246876505411		393.5401990330466
358.10660661192276		531.9410178597707
369.77739262263805		424.2293994592872
429.31609357512684		435.7056559774772
348.54722852374834		424.75082710232516
360.9810380062064		433.7730633651522
408.7551237609708		497.5692093263964
445.61068546140683		479.7177402312549
347.36999158142413		445.72369993901805
380.4382088290179		385.82896284115685
346.6775109380035		437.956789199265
281.75094927796397		408.8370751516545
310.37070275727115		382.7906015993076
479.232006291505		318.98333775601145
353.83194817768987		422.6996638781695
486.38551618265944		377.0896428291869
359.2177177025559		434.1730895587019
357.5217107209893		487.09912855400677
442.55245946402226		432.6417047832399
352.8839653415168		409.2014614786163
490.43328541862354		406.8114991206898
379.2301192019627		466.8599323056261
447.46723990640237		361.233938115637
363.10957391792823		477.7405985996711
407.6240399328816		374.77248056788704
371.19723699592873		496.3526828555935
378.85549714351487		411.65325311907316
372.84277445184756		489.70301424364675
426.83553412373493		401.8976568203002
355.1003380073238		448.3480511497485
429.4463168493113		456.61218419320505
377.5655910208969		440.0003455014802
380.8524633098232		482.6901265468339
261.29542609261		431.99449843077275
409.25005316125964		491.47903090866316
282.7989909922975		421.66467565618103
340.201809117386		487.72634777036404
382.88930261134703		417.2923052734525
448.757542390069		462.33303204030193
478.51828795951866		500.47951480085663
316.37256376702624		425.2666284911035
308.7417577732093		500.4408656711744
337.39464578970774		464.74503297490344
385.3400022708253		414.3554472809651
297.6893463580696		288.33497414141993
369.7428270341861		438.68184678923234
349.75235861134394		378.9785827949584
369.8274842995059		405.1862563366334
511.3077367130419		469.73909972957233
396.87086677055044		407.91266896011723
396.6391147860543		456.5352274788789
374.621831488732		512.6458886895842
296.10255857646086		385.1906868075133
476.320097865304		486.57830328226174
406.2765373002029		462.8063803265515
362.55365268911925		405.513265047523
323.5613323851271		460.4873204981932
374.016921913996		508.35524711182063
490.7517634645477		530.2244770817019
473.03924505380286		492.84136243039075
382.82252250497265		495.9337384886153
418.4761179860558		446.96137392742565
286.0282231330413		375.77616656651514
344.8717639444738		426.5688302544562
324.69528185627047		362.4170549001238
345.14335221288184		470.5369474260807
356.2270673054142		307.86196071979583
405.8285286297557		464.3673500144998
280.842014570262		412.29959721019424
323.1022665008419		450.7373947550618
446.30871835678533		394.60650842947825
358.72491242013854		309.29687766858393
406.50462367637516		479.8632130695682
325.1233705202067		385.9926732178898
369.6301013085786		296.9464901747541
414.2818511336367		348.99473495099244
339.8211885500572		458.37488545543226
377.90407052489303		409.71230496507405
467.96385550076155		538.8722080260496
413.4575027299759		446.6605266369542
394.8175091074901		390.89896314879115
346.2591760294091		444.0054572363395
359.46975785494874		498.1349781723167
329.61784168069704		394.191396655673
459.80684180534104		266.7408449798386
317.95342413804934		449.5051515285575
322.03242859316566		420.0347641155905
371.79675773707527		317.9966455933238
328.16494746049676		358.48544968624714
364.1812812441884		454.2406027611632
310.42046311143883		309.7359151609797
490.99972982079356		376.2389849981652
388.47998960414424		469.3075776253815
405.73156785612247		505.30997649156905
352.21297409420634		374.547585587699
399.69623134801225		472.5619659648837
417.6636165711654		426.62105985664084
339.03946455261837		413.7119905141044
334.58494239185006		336.3527288713458
418.89449513291663		489.5462279750962
292.6313577953776		399.29459999150333
375.2418276866575		463.45636193014224
338.35759432271766		509.86626485025624
325.58536094297705		497.80971304728047
420.0165172838296		418.0508050458093
347.87473298477175		407.0573807477359
339.16699147310817		426.3653714721928
333.2389752518132		318.65667592405265
350.6845912943006		415.06433704107786
343.57145434551103		456.84279460870897
349.75269134961127		459.4937424705237
364.31335353857787		439.4389579866766
334.76787015213273		455.19906755791726
370.5503828175946		459.5526813924285
349.4746169231463		410.4118987825134
453.9663375358183		333.26432729150775
417.51758711274164		394.6815307065037
355.95889314696484		460.0459791360138
332.90868012321556		370.1050840842633
429.37445341182917		532.0907789909132
464.9750022823788		402.86421561293884
380.35900147972376		472.26016313040964
378.35483009827703		491.23911431011203
343.72480332854116		297.6431202208476
461.4542979426081		447.9515961023393
354.2346657004916		394.22718724134467
299.5851714214384		441.8825778083043
491.0510696829951		396.69812343703956
456.67545183179215		476.15790513495506
354.3018147495845		355.44593978393465
384.3112283117949		489.255876590434
339.6353711279045		539.9586670243702
387.36681636051173		425.3296033317023
406.82898999059756		427.5124376082389
290.771747761863		376.5689941929128
299.6557235042086		445.1627439053292
310.8046984417957		443.83226954843286
376.32911983563747		483.90168889029144
299.2801712551735		395.84600076804844
357.3461716114962		383.723465661123
346.019679135589		375.0346773659711
385.886238057926		427.13563561544197
372.8755529803321		448.97115874891927
364.5797341861572		353.80216194641565
353.4308988102265		348.37417604296195
328.58755409777143		351.66372850978223
337.63391849650185		317.47941479175915
457.87190769281824		422.27681821012925
394.0830970714476		320.06320210184106
375.3930050720927		431.2992583367895
476.75493030399554		454.14718742345343
418.4807805238433		487.1838711723419
342.291489977408		441.9528990901098
361.7079970479347		446.83468168423383
336.9139722449078		345.6240743276628
401.1860127884673		463.0973604403142
417.2739813266846		486.4830880464055
339.2304838216647		537.1035968626608
327.04614924057313		378.4079317552057
311.3578060147069		372.97823294055064
352.01143459572376		416.082673062286
354.3260763363855		294.55977882841233
288.3491701565338		355.42785231486266
398.19191131408746		414.42989776255473
413.0951365630604		419.47798229988615
367.8715283977547		262.11040376899814
425.5642810558193		463.88399332714397
382.24929087414597		352.2265766154596
377.49090111198177		430.0402735450692
388.21525625642937		401.1650019232174
332.78722338252487		335.72898013259476
393.4992061458772		473.87181177977163
305.03559867740836		374.6137232625376
373.07007716312177		331.83696044196296
455.5543789351869		290.52190253964943
413.86842234496766		406.00922312457095
397.21642079394553		442.1514250405458
324.594270337534		403.452073955197
294.5841888133094		409.22350860317863
372.19244731352		502.3281392108589
437.19984630058065		393.19515226164765
392.57627721889355		472.4119982729703
360.95295196763425		467.9713233197162
381.8044640661287		463.7732311261214
299.33558865406826		432.5683764077727
407.48168569270774		506.23816276375953
397.94138324761735		349.62119752377487
385.5999545180086		461.6817542654278
405.053168689069		332.9458241364854
320.0937350374347		389.12619834114696
373.5916550102447		327.937313573584
416.6069470502838		460.0139696262239
319.6402081953268		421.67804249091574
282.81543659688623		384.25456710350505
440.4535724797973		413.08357865979065
383.13084496895215		315.8061168013072
450.93598413846763		397.8866183888412
369.62355295887073		458.83236075800033
332.1578804123937		377.5820839556736
423.4786707496877		315.2000101394552
378.93041657657704		316.79271443826275
351.25403931931606		393.18422192009604
370.0819577308025		313.1679601047012
435.2704476591838		436.1332717997878
336.6341370756298		258.6609570121256
381.09311300740876		350.723147898286
342.51240596110534		381.2983692257594
378.73482976855627		421.54965704464627
316.9685492389917		432.8396715731976
503.7854606006957		483.42654733640313
306.2772187575672		396.57633723642465
439.9364067615793		526.7569682977407
364.2216409949251		423.06928681833
321.3587958547832		333.4069306589121
413.8189304174671		535.4713826448909
336.33998642053626		282.66952765023063
415.74903063426655		474.90768371049296
470.2997489985251		480.03695472308425
297.4885682522201		450.04146591029127
379.9453591817838		471.2652174102899
398.627762477284		496.0509209836871
463.616944261615		570.3838729767682
458.31251875789684		433.8976016480788
487.7048805075777		548.1594756079039
398.8005099960504		394.0014054224434
351.93962890409364		303.0598983330423
402.96375647816905		364.6584582443969
363.4390478445256		454.13677555678396
404.3215819455023		457.1286753045867
482.8066085413479		379.44100041257667
343.7534125815408		325.7994541669356
399.78661287210076		385.0133237841128
413.7169027475215		448.0453555572444
373.23282681223486		296.4879574131548
374.6132345327177		432.2589555833108
332.4425543426989		338.5056080141144
389.00220723138005		406.64231235695854
457.48153626624367		513.0361013742503
278.0290037338343		386.605693756788
363.60818785921134		402.4249233024068
303.05669037680815		375.8606387327495
457.53546001838833		307.21026846457727
354.62586845069484		425.66406475464686
497.5035564668861		553.1763874331701
428.9586256894339		392.16582573933556
325.3582842588411		461.6924751295647
352.57888994537404		384.5768640410211
410.93385899392354		489.698487314644
398.0221707602271		442.9692849943346
553.2332189097751		294.82115768624845
338.5830579701621		419.80433847494226
408.99502587072084		420.1184770711829
428.21349587622694		443.7110404510312
441.3337582127251		475.02641240386515
452.83530356220393		358.45919491308166
323.64503680484574		478.3766621845387
330.6188379871361		432.0264344911967
275.0587586787917		303.7475930332065
317.28552439035934		412.7418315432577
328.93038654193697		376.0622834127663
378.7452968939904		399.25563374120475
355.051426344907		281.86456286809926
447.0230510654786		452.3171572977384
360.74173456729926		277.5444426950183
318.3531104473954		283.44849833058964
313.1737717627285		454.90691292721095
450.2110552565711		382.5635116044714
365.4526734067557		446.97318988570714
396.8222668821924		363.6142519886751
410.8786023693485		322.1839877683168
340.62626484661297		384.46329556339714
366.1458462740095		356.8614690704698
427.49604028348705		489.7481077623849
338.1628650727087		340.2673740828573
382.0450683584444		451.3466649074592
421.450392627425		434.1041368801623
426.4786597533366		422.7563043688492
328.6409842777649		412.7909027066078
396.5257582446363		419.31359617818106
456.2356922884172		337.0913371480816
463.8497966524429		340.390325025477
372.13186506232694		449.33870806889274
414.54117961867337		440.86583040795193
352.56498102874417		452.44199088089425
385.8249690048157		443.65781218671
304.4835915218337		367.62328022683545
310.55830981507887		464.11097308498296
378.43957601838304		491.3516739626622
344.5789839561698		416.55445631155516
403.47764689523683		382.67367352778604
334.07566426207046		544.609245856664
335.0907717500756		364.4827908976289
321.88850020816614		289.96410948462284
448.80009701786724		338.69914376724444
332.507797717896		504.80513330371735
392.62259661909366		417.14840280041255
415.6159175067274		394.401081981101
311.1601819484357		411.77939078444115
337.3588840593257		386.85603017072907
351.80764801011685		336.66812443616857
373.74045380947723		452.60734210990347
357.9713255547818		423.584480065293
364.59203845492794		488.2411503506901
364.87430454083056		391.364773805252
331.87558771957185		437.9179154361719
407.8789609889028		397.1211631054384
305.3673864414611		413.87313691426033
328.7266804046702		462.0907508262065
483.0980970453912		334.09968848545554
340.25077424879754		441.1881231556855
314.76378413673694		362.0408082991329
499.7364427193113		365.96395199617234
306.83284833101925		388.68424426743337
355.99880746665275		394.05978580803185
369.6564502230595		468.46522002124857
339.66555227402876		462.8361386443253
417.09743159280816		435.9420710357845
401.4392626426583		415.90484305230103
372.7562192041768		537.9748039569901
361.4501377138669		408.05840088194736
396.72779396472833		408.8616734097272
364.134766495952		418.34620821420395
402.8586384092235		477.1092379264373
328.16315971681		262.9140701028474
468.9724073922602		503.63192325464684
321.60692497368643		405.73476900664537
398.4693641182793		437.8964316185575
358.4413666551169		432.99972495168
413.32853509455003		492.56628665056644
357.8079141873443		366.9420756261435
409.69792810132014		472.2299724258474
345.77871941492646		500.83692709853653
342.4827635984624		276.8797156861248
428.2349163682245		460.5597309228921
375.49786487103404		323.36218660306884
402.66717090854814		532.0478988469657
410.9641760462263		419.4889702198213
376.772728749712		481.75169091028715
411.9695842446542		389.54428388037456
333.1181495791839		459.32612619214154
436.91781382421607		430.2521394895197
373.4643760744328		409.588969699409
307.8859790796751		524.8315153059958
437.8233714984653		485.66742774411165
375.24623763888616		500.0334738489218
365.7960987455012		422.2010663970375
313.43774394158964		480.1291119832207
294.5197937794914		392.3006726675206
288.3897158076761		502.2987134920237
377.6538162011415		474.75183501060167
317.5868060019464		498.4697365903101
438.1837036836685		311.18792209615015
422.7114011936827		430.5237068041616
375.9529731776763		326.60745862606007
399.1844017015408		428.95569728851694
344.7108796348878		427.40281321372805
408.59721921559975		406.21637493779855
421.1809224041822		364.27477963812095
351.86361645264196		466.7372232727025
369.47037475107476		403.31449614150984
316.8748779581861		333.2915952017114
367.8456886365652		491.5618464189421
323.9260315610096		332.964655214619
372.5844307757925		346.9500660675228
262.0709239635508		388.9161903385012
336.8760385915054		436.874475129212
383.01527382628626		464.57568198619555
295.25300822243247		426.9702363687486
328.34379349863343		406.97620402088035
305.89639879301086		287.7341508603815
435.0450777557579		315.4871351544987
307.01193109417494		439.01483099535056
372.87568109103603		361.58337923046025
341.1868213895676		377.0380274861982
436.82035838647545		381.4392827548916
308.75947738992073		237.28871667888308
350.206629041453		382.71486473568854
361.2783420163372		267.931054495819
301.6160909403811		312.4340307151167
285.9051525582084		445.99297432249745
330.4698835350756		332.4398787701284
289.9318591257146		383.1558736648133
307.8581371361308		321.4981268756591
360.7967823057068		455.7446015485526
497.6132052811197		313.3948229894645
399.47083906914133		346.6164925203651
466.12014346561097		446.3880072500744
414.908246854504		329.2001235379553
288.7287285706527		484.8295665175311
362.1711675322701		449.24072511632545
331.73526886694117		370.383721995782
315.35666700436786		475.90104045708927
373.52096673016007		378.0946582829792
376.79402282419903		381.7507752134722
376.4942932705161		444.81188623298516
377.5090564444831		476.1414728246338
402.95227619431216		418.96591199509214
365.22754612459573		487.52182314599526
383.46075652125967		429.1038626627359
370.968298383137		365.03414540529883
429.4130551829389		281.76606141420973
351.1906142215604		406.7275061194752
414.5935231621168		427.62162981396784
376.9226812994028		493.02102792032923
319.2959805895144		405.36684728091427
325.01472692848205		423.7898440990601
358.963706278708		341.53572336765023
388.16274800051605		378.1571232328409
368.50042358484893		423.248271430706
344.45479857779077		367.7011049833624
464.7559804956227		246.75713099330943
348.07923788419623		403.0029176636886
436.2208477303502		466.9263769144424
358.95844373907977		453.01021546112645
369.76737791328935		402.9285618032611
356.74096610315524		454.01452877881184
447.37133390832935		474.1586932210335
402.88157582750296		459.4527930961344
355.505196412696		482.60657959709
445.88365189361576		406.5281519305793
