466.81610088003504		392.36657555746547
510.5155986632169		504.5622299055373
496.2843251077241		239.59235644870975
367.96711017040616		548.7746858505329
480.1199077551502		300.6183674454835
407.55543464831055		344.5731391856963
392.67502724023547		304.11880484014057
388.52149490574834		398.64171753532275
346.51698795369856		374.3063084603005
489.6804910112117		539.0651005429322
312.7500805754246		345.65080354599286
468.0115535400222		487.83751126419475
400.8100929790634		318.27736395957345
383.9480864175137		335.5819800642043
366.18858529419606		457.5557463479197
313.67108840376284		411.0670372679765
401.3023007084962		512.5972337161594
366.78388784504176		429.20582550586215
350.2495912909514		362.7091655282876
278.09998303095915		321.9246549055491
389.08467262575437		491.6059344190431
454.62115223757576		469.2714238976847
439.2672466481736		348.41917173504146
382.31829736368576		407.44089109554665
381.21865578060874		305.16100210412543
334.5046426282388		303.8154339133394
285.5420229788836		355.6190792723525
364.5583195551071		386.6087463786849
481.5684547557488		296.66670564497
488.6537417500412		517.8053306976276
439.90377611195186		320.6535511396267
327.98561813028044		363.118392823185
436.57885431098015		468.26170810019914
352.70015423742774		389.63358935781946
360.7953521243436		264.04924385723774
413.168621847611		365.83645477857317
369.8759963434856		297.2129831116161
373.49664522449575		394.72098176572587
431.6732882428832		484.4048523862658
365.9591269422313		440.9829810142437
521.1176748636739		323.3722348644473
314.1682619603379		375.87794477323763
550.997816951453		482.07705926258456
316.675034347962		440.84812813393427
503.88213371663744		535.6222851867345
473.12590758452524		487.95723830005016
408.07814491037186		267.79643286245545
314.4231071316294		318.66932530669783
435.8066737996238		342.920140812679
410.50652955097894		307.2962344956799
431.65613744171907		489.5117730942138
279.32290053257486		380.6219223698955
485.68206327549973		342.4657885655085
298.5144738880387		337.59462422557266
432.85526269885224		345.5072919053721
400.88721352749525		348.52878540366083
447.2879425086642		356.3056664604751
481.6785861367967		299.5179219818058
383.8770193998564		272.2096571252815
480.1175315423889		303.7244939758862
398.0303499280055		422.3927573957101
389.40204171428314		510.4411331185686
422.23735270952204		356.39004913856195
284.55368812004417		437.8702188873953
429.68216753295604		481.64338824757675
401.75364018602824		403.1946430615507
411.7670874295767		535.3764089947097
399.7544874904732		303.6093165947454
415.0236580584118		391.48054162579837
393.720343562341		314.90002958934264
409.26549819751557		262.4244584684666
398.1001405017667		290.65901145526135
444.9007780868036		252.71240217121698
331.62659765113995		426.8005781005307
418.7658271439295		437.73953340141713
378.9844241731358		382.59865643600926
503.9502009792872		374.0275032493133
457.9393913352007		298.57561368670497
381.3956279332688		430.88259564501567
487.9401031309691		473.6418504250894
489.5175537668405		468.76200254018335
483.9441633634836		500.5232932233831
301.0895469758144		351.0743565793466
459.6868044540739		296.8526676596803
404.8899103135999		275.27192583097724
378.9477860913704		469.4837799944497
430.9905726463935		299.3448033848402
363.6442423693186		378.00058444856467
435.6997351690614		454.59157524496896
478.5473215225804		269.54437189079533
440.21381069107815		454.62274497185757
480.1165311208468		311.76696829209027
415.35510303828187		369.3516274937307
504.06090615259905		287.1593821774169
320.6237297300109		452.3617465151768
448.94713363485874		465.3787317352983
327.99393147426383		448.3716918764079
340.32032212070834		330.6678864438045
484.99156168351567		304.98380902856167
435.8843086317634		335.98403500081696
462.9834412345832		295.72779420355533
358.84719218096205		451.299065991695
452.5846422706436		272.8331965831621
311.6338842088251		431.1112071800975
293.56306576679816		325.88002220893327
314.7945861103615		390.4962691242383
460.8416638119997		413.85968569027403
376.4381098782524		342.2041742340007
401.59072739194045		362.2439324795768
397.18337394208254		327.3170886342168
328.63799477119073		380.40594989696586
251.07455780723862		320.9281502086617
460.0603333387192		371.8526429870016
383.0600013996851		332.0534886965395
463.45151454022727		322.48316813507165
308.68252069429326		450.85065595314796
418.2457139116201		365.4100864836979
291.12577047137256		346.6266164892917
327.94316373705215		412.95812879113527
484.09966614974456		517.591303825501
381.64727310917175		326.6606684386507
378.8261104350622		366.1702618716786
422.8273728153578		493.93521574720273
382.9177935957516		306.55258898478706
366.1106006987212		393.3103433216352
436.365427291381		531.8338646609687
277.8095963477618		429.96793976619995
384.520218042731		394.61048522313354
294.00873851829436		348.63500932657905
402.4207764646544		442.0885968889951
389.8903598192601		331.4067376149004
395.95886473265944		281.65182325155547
439.943170698805		502.7654055346472
456.94824683510353		376.4368219199339
502.28437014265967		353.4655031633707
410.80714419189377		500.078603572876
434.69378027101783		378.1766333802975
458.69868431592954		346.50199730147085
411.40933704272317		348.7001297076002
527.893781274052		410.7875706336099
417.0819887387456		277.4824874770515
447.0972273584915		518.1658195022876
388.0370095086825		500.4151637330905
472.1916076202362		505.2115340278942
413.30268576414846		385.5228533528124
395.8074386144688		381.959537501456
352.6455820805052		450.8580439498454
393.30147159712016		535.4321460686572
339.4356217956404		414.8875099176245
296.06957388944784		378.43622857659886
454.67766967113965		451.95129448391094
431.68206175116836		359.4840640728122
455.3756056401967		518.8339825469764
422.4657216140598		344.13771755620377
438.2220577309834		335.76650182626724
519.0056536017262		296.6832436879797
376.5851844929922		351.2430925217695
369.2201200305999		378.46083991407335
397.7904770320623		355.20350255721394
357.3221203546618		405.02528482439897
422.08346668287663		327.76856315455325
414.3082736773666		245.82518488359946
445.77279512098414		335.12675212799013
478.6736905713933		249.76212908976987
410.6510405938292		302.1352390186819
442.0480792172269		237.8216308832495
341.497540533671		440.70039600407915
473.0481696626187		320.87677699131933
356.4375019034779		404.05870548585693
435.5069958177026		411.24082819947233
450.86359941504594		512.3472602815584
457.51318100654896		518.4059464697835
347.9137087659478		448.7695629689792
441.5535754058998		310.82177786021214
408.9762418405064		256.35949722588697
445.5755563091475		370.0341484320944
429.7256580635552		293.46698874496377
479.47624710093953		439.8573121259125
414.33027515364614		388.0706483159461
452.5518468127236		237.7274271799439
408.43979394229916		440.3490521211018
412.9483422858505		326.3704206195089
484.97514120893476		442.2469942560315
324.6435873230202		352.52579768973897
425.8579117621023		335.7170671078496
449.7411391647776		493.5737514291778
421.6942023531323		352.08766042760226
440.55893635876816		297.6829701233029
520.6501975208789		316.4300076579546
454.5003157535412		322.93457302000144
397.5781007974157		349.28416341649285
424.05259204064043		317.88414995716283
387.732895533926		496.7486523261472
439.0325354319764		312.572827229024
416.7464683110337		442.82282720660953
489.1125198306897		346.7729159009814
458.09513169560876		289.5224482772111
364.33536314415727		412.70281627643556
261.2563484283809		350.3337400003976
485.8924537433004		308.499241743235
445.1243239909689		488.578921332033
295.78348153880165		427.62315052838017
467.2321721465984		242.57555206468209
512.70667589179		507.3421376256993
418.397011936263		356.6506567596243
294.5128665453829		384.3290361240139
358.21797443396173		371.72605662946495
407.7582228112112		312.54404340736323
318.4639888491716		328.63101077869686
446.70546874800584		493.87511865878054
463.76734692240655		464.6208035365937
399.55666827667767		347.7910680871939
339.83765346592935		457.729567817179
441.76650305509787		282.31357587542783
389.45446197032686		442.9587800369773
400.55503229435965		312.1287838804039
365.96912261791755		410.217448388948
439.2421256946852		347.90019992855946
318.14058864546547		459.30702227274935
355.1518706076999		349.99128950576056
393.8498423857445		478.11384389604797
387.40609021217955		400.491874035818
504.95928763825634		509.05520956951176
436.9543720694717		339.96511066114806
410.9800116107879		313.9906661839296
422.8015203766455		460.78911997031327
457.0275364519715		252.51243630408615
404.17214568007233		403.0331133784371
344.3272026467051		487.7967629324367
394.1973371474611		421.74534426853063
542.9822870308471		312.751948191902
432.9339171289104		386.8808679038153
360.64658186551753		425.22178392173174
496.44532706650546		276.17261361335426
355.0984752542415		384.90918340478936
399.67338172885843		303.7180819967338
376.1777500461681		332.92070690466653
435.57299442833335		379.41367639716003
420.4752084283446		365.41041400738703
456.37567609512047		281.7072496217322
356.3325023690788		454.39369635047916
395.07268449293736		340.8782385816975
396.3434485856424		356.13003432209183
416.4005301504931		363.9052940011573
416.6508677193009		440.56042146579875
455.73451239958587		459.8047984949336
536.049412252089		304.78566620960953
484.19998068816625		475.6885594709273
418.485073038189		338.8109345819283
428.0012045876907		493.4168542290228
472.89613523527134		250.45169644381264
352.3165543794615		415.70685931162797
457.4289237720634		293.02445049177766
466.6683085403497		288.861026038024
478.950462120038		521.9927118922966
413.5567244022985		268.2003216722067
463.0940470694104		442.04956390709367
488.6913212197524		283.13492723929414
404.75928767283614		310.59106459689144
406.97393254000445		487.0023847501385
441.1072620935353		483.4831248507022
312.39741721223965		322.3508024582137
443.6713757045841		328.1625372948905
460.9394397478624		282.70656403722893
482.2583372465597		299.51091668896015
469.1118203464331		490.25427304049094
376.9698211212853		450.9939770261804
341.21011118957375		307.55641447305334
491.6129420929748		319.2000717703381
396.57374190975463		457.86937437340197
458.020935891102		493.55837761239223
434.96652395941027		494.3766337208455
389.68666175594365		392.87573393998684
415.3387207303948		287.44716648580373
342.9496838636034		453.5972268446462
463.5007646972422		500.0609370387358
352.51051716433346		412.67467807866484
437.7722837015992		345.80267157046995
401.43210596232603		282.01154409265985
388.4248253912128		416.3872136927766
309.2349037934317		407.26434317318353
493.82982092290405		460.9810976076006
464.69298827904646		259.2808879687706
382.49541415965257		433.64240724537217
339.94536052371757		427.1230007353597
412.8089594605541		295.9448403005268
312.0682636346042		342.677909631684
364.31315750795153		408.1899120497921
259.80560161008964		381.67780817767107
389.1069274845015		356.45625881759037
436.7546224794163		311.57424707551706
427.741346546675		457.4053100081024
475.94572260583476		294.32909719638616
464.71243564868956		337.16676772661
371.1623055634238		388.4333519652639
430.2936884461935		293.71065409459237
519.3227008135937		333.51678862147475
351.8989636930088		410.50052314802883
464.03425364277257		484.0548545948178
296.75327553293795		338.0689923066837
475.54492590778284		313.3113567399031
387.42961156223754		272.1717499306509
388.559789350845		396.872356802011
354.4639368107326		380.42812691125386
431.89060456878696		538.4769049261646
356.21932669506435		380.82549574157724
351.39382580465406		302.5997080964564
433.1719744921219		336.89205123590006
386.6513117142452		224.30979051443916
375.35712137461576		395.17514438209713
324.38844680811576		327.7186494895195
312.2964099035769		393.94291937143043
470.253536567506		302.8541814082103
415.4245518758754		465.9627806762855
440.2732931981223		329.019595450393
438.72659641098625		446.93709354708636
331.78490936418524		436.4927054750021
364.9839589066599		449.4511321470904
437.0960748636279		424.5513598505594
438.3429532684223		330.96011835135977
479.4122379763533		337.7694242649054
399.50125662075277		327.72078645738316
417.8345927802068		290.83706338167684
360.27260137538605		307.81158467330386
400.7609531015709		425.80284637145104
440.4794971991412		416.98665846072277
351.06748173468793		285.98754662389246
420.67166199211636		484.3900674774644
340.2331672636162		437.01420786646554
448.46077456656417		517.1479338737594
341.3423561234769		454.68811360384166
393.1429868058244		303.89401483287907
469.6027220306947		499.9757597573047
471.73252039014653		534.014614653844
318.55900834465206		442.06301297825235
361.8939345178174		435.68281461264667
358.8216192228838		463.36264610568304
536.8147261938473		279.1672644072325
382.69047673228243		489.9068441754311
487.5910774667235		273.7594808743127
496.7697240796761		495.5358287764494
500.18029885279503		326.11575430697417
498.9119415567186		311.23517805513944
458.1034411965702		331.2988452326037
433.9152038653981		307.3973803208891
399.8043307886183		323.02465307694234
365.71737408417295		271.4939191575806
387.08006233998884		271.5090405427935
427.93505585969206		521.5360654943931
413.0453712101529		314.43605258347156
411.7148601792128		295.6376230622309
519.9285700646577		273.4302583496135
424.69083447665577		292.2302337382639
444.4924096700699		344.2620702087093
370.99891187812045		360.7877886159356
443.0006642628996		379.7966450946919
429.44377957267733		399.8386112012846
376.69577055172437		302.3823086435331
343.3771101496723		333.51244869153743
371.460520593254		370.6168164237083
484.8905945978871		495.3451916375164
444.61330502636383		352.21945958040084
420.7303571309234		321.08822799848633
389.7133402939854		296.20593429732673
407.45401623439136		396.23085276826436
324.6289466691798		351.31996861601465
357.61250433686484		328.71811411162
327.2103543134762		456.6227303246464
307.46350255120194		477.9765146227867
455.8853199876775		260.74138016725095
417.09756469493254		303.09528045336515
343.2673034102821		453.64803558333443
438.17596755979804		341.1916993008338
403.23910294449144		459.7124238628973
454.13698952067426		512.8573960882997
341.7818937952609		398.204417574303
379.57082177153814		410.2955256870517
447.7687040035974		329.22056572510695
382.2982475751663		442.8288043555219
404.680025279715		272.10542070922236
358.4091698488014		374.80407437191775
395.63295308241874		391.9306476219253
373.0710421948127		396.0217727980528
375.38345898059345		309.4593071914267
399.3206807394637		311.6883957796648
306.60117648627147		297.5520588103203
406.301504465302		357.01141872881135
507.3280732739		294.64763347605646
454.53739369865315		440.5676897194901
449.7566503426827		301.15719452332127
471.9682845314443		367.515758433346
400.1229509481808		395.3002871940756
327.772056387759		425.594521772531
443.74259406583224		288.4256658380078
382.1809388491944		413.53099883882874
408.5570471316479		349.6507006810125
377.7831915364389		334.1778161309732
422.41931620476197		430.8009224057414
388.1666344310303		295.16480787170065
514.672057271495		481.6888663169956
426.97756905972204		324.3993259422313
473.05569758454385		476.06597025643896
418.53072594854103		362.7831933291857
347.850640036686		418.4859147577531
396.67174189132567		353.5876490033599
346.22979388887615		400.727190470299
410.1778487102039		288.8314368658887
492.0553080222189		340.90011810810506
458.026996050382		510.1897390661964
407.2876368286544		283.4989162219186
358.6864303199431		324.7221518973668
353.02036213177234		404.7780592263173
420.76426132427804		326.64794804385883
342.3789385691658		363.4053319833069
385.45624013832804		307.0380385379655
456.91396257831053		457.69148854279194
414.3457157090812		296.62535750790494
314.75501388601316		386.9785747531512
409.0725101734192		380.0459575332311
421.65119765830383		328.42280732230455
430.5891331873668		364.2816870886382
295.64349185808345		371.77012238136865
449.74017116135093		456.939684699991
301.16082696125517		331.7087707835239
433.85855604973716		462.0587014177213
437.55335865039154		545.7633353807994
386.56435711084174		344.88640265311767
380.956571525122		370.81948639178626
403.95813061483364		389.1190788711362
515.0627265552506		277.3660854134489
395.1201472148079		479.1417885634793
382.265513812089		287.23412802721117
487.65622869398936		499.1086897829093
488.84892765351964		352.6331397799564
442.7003909340135		503.29271662723454
429.79977478449524		338.3461435249614
365.5616493126458		384.30653492918896
447.64441455396195		507.70650952524824
350.23908947277175		370.78041502067737
331.54572862316013		334.144799098385
438.17841933953054		354.2394459137649
385.3156360132227		291.3851640371709
334.4905307774496		425.4923426314239
402.2359846032059		231.71705910526856
295.1090194103838		451.9687538012624
335.2455158139085		428.75462073800315
414.4361399966248		326.22101491910263
444.78525525458764		307.21221239575675
391.88385119477454		399.72820407008743
321.109911033505		424.43908791691916
305.1438882711644		323.92511080212404
411.1990593288116		407.532438429999
393.7412980763233		317.474980158381
440.7934020647559		327.3595997856629
467.8962624808957		324.99865469951834
436.93768862089087		383.78045890026885
312.9879506578936		363.20252387701953
483.5062850143097		237.12052694469048
443.26163872080093		271.1384413765803
403.88477177776235		344.0290092208991
465.95035672560005		288.0891789747833
428.63045852661446		304.86213247520857
492.0091555903219		472.15327963335466
405.2193949656614		303.65111113554565
496.16396992476984		523.6180753135361
480.0057009176411		334.7548569849747
418.9173515812756		302.78209398505544
400.58641759103085		329.8158049150995
413.85295490840355		366.54234747450346
424.82405710465764		323.51628801560776
286.1315856755456		433.3064698268972
385.0192281487486		334.236081975251
324.4470414756341		361.3890695218346
412.5259674589204		360.0501611546799
453.48959864974216		304.1922445518224
383.22733905738113		461.03537569883736
390.07794629073084		387.46584187960946
329.64188518941717		456.3224032389087
510.9581937826238		296.958641108177
391.3730388579188		500.1435977015671
493.41032117851785		304.1265311704531
402.37040969228536		267.7407513730814
499.67791858498407		281.1265909452826
435.62039956256405		534.0546112923871
352.7269284954388		379.1788819564177
509.0142866719536		316.9431387909637
347.88069354265457		396.6295018013846
403.08074209131996		280.13124964685414
514.3236598571115		341.40080953300503
320.4469072126349		334.74854536670307
382.90754332492963		337.4113173029444
499.2015743059447		513.1252453689272
436.6289531978047		396.69781112416393
308.3252434533143		335.2997094217473
296.9431634904908		377.01963465859046
315.67009729759775		333.14893539458984
415.70065635150434		313.48915403677705
445.3916885397255		480.73978666993156
356.36853479195264		307.58678128474463
378.34449661524224		435.2552352236269
406.40720239603706		320.85970193154697
433.9544502582973		390.2612694815206
477.8027187555577		494.4963586723309
393.1948595708349		421.0834390113295
418.48279033949933		305.4775429451129
420.85740723923277		356.90055143620043
442.4163402857704		516.008681066272
418.11626530830335		300.7966474358779
507.6380562615187		471.54664025216056
486.0509771797738		533.6688154365245
386.85693218539325		258.7175817950259
500.68906606462014		371.7461686296054
298.7166353035382		416.9796354503532
356.57509209971136		371.55877017869904
440.7999964796825		343.420292333607
435.9663624458901		306.7804421030554
381.4571621595072		292.4724975304048
388.96925295120906		323.0903965428519
405.0450127369589		424.8940484949688
424.3641171226447		328.5949719897529
291.31685296288146		389.3579104129621
550.3981858364398		320.9790005861773
423.70338709749024		365.953962745841
336.92333344490453		370.57609725160205
448.8064781597862		456.93637676514714
425.61635119226946		329.33476937201465
458.3096959392147		419.4114685657295
330.6591054890413		267.19857434171564
472.68887690767764		394.2524785148942
350.39832853290227		342.7990049488188
424.7109530029052		418.9072476097168
490.726159329652		459.70760867832746
467.1062701912448		488.8767169198935
329.71204592237075		473.5502498183014
370.8561813697585		322.9559336664059
356.5898273932496		461.44566361302714
469.0617535891909		340.7775992489343
401.60998109409167		297.04564944261404
423.3750642578844		333.8698976060468
360.56190494918656		422.67213796802764
410.9400964888646		287.1870326719236
482.86233159403355		508.3535031518098
295.5421180522556		462.71274058263066
396.9640964128559		351.0945331012799
336.05431221147865		439.4700086571364
360.9670023436138		352.17239309922235
452.5750340367583		261.6115318905326
353.5423444453441		389.9995315960133
299.80341390065		379.18612338202365
349.79840399889423		411.6115089229382
426.39961873693034		504.6435832489395
398.1944075934521		391.4580953173112
400.99016908543234		301.80101954473923
340.2083033030416		424.7065597107845
454.89037269295613		552.4008715424843
325.73144006757036		470.540235316
453.5999373261919		508.3774966303764
433.8604777852861		357.5635849252701
430.19925620987067		324.5096346018291
430.6863981980902		263.28763894090184
478.28777854435816		263.37429450160175
406.4530215401937		352.9612584297775
332.8509658442088		355.60259888070726
397.6310110449933		331.8879076160481
399.4549666783923		314.3174062683952
425.71180298526474		311.80447667187104
427.1969280187499		489.3505399434015
378.5310844041693		456.6373134460875
396.53618882621754		421.4191232253543
448.40127013677056		365.353716989338
491.81890846759995		537.6490725032877
355.1520547206279		456.3984583487103
344.9026481841628		374.9081164353129
397.2490258134027		307.10512925604985
289.78158423191337		357.99448497158534
412.5951585485145		329.3103783523917
460.27636237352846		465.41395285645524
393.93366161103955		480.53694709791904
333.80057796331505		418.0208802461273
438.36687628751247		324.8051400660042
390.22193150215975		292.7285291326354
325.75187706638206		423.7919353377233
533.1074904035644		295.9028998825235
393.6846475014929		265.4144751531074
444.3411665856177		309.88158181145667
419.23306152536304		293.26449374226735
405.43174054097847		390.73963410220745
448.8918723318346		411.63756704458206
421.8322000030293		297.48437697254656
461.13719647678965		368.8107989618383
446.497544010051		475.99836712163057
519.1168372015796		516.8523883403919
426.56636308189263		448.7424415629507
479.16631917690603		358.9581942170216
364.8243020411492		346.5123425630603
394.4168415654304		352.7742991051598
353.4166781122764		450.47620576114844
375.762488544054		363.29043561971
436.2569403019395		311.79017597513393
329.0917904137946		344.6574121679679
538.9993560263738		390.9257635401759
376.4623992363074		410.4184665678045
460.4755468097186		350.72337828630435
407.4831682989288		315.520699407451
403.4816254229366		394.92537257967416
467.4225573823643		290.6814028913158
467.65523383146325		497.3505999220288
401.4126622078448		308.4530635596028
390.70761724276247		337.959760089013
346.31321046542723		288.5641908286297
327.7481449358639		436.2339842152941
288.4969251375923		455.5367039666036
536.1088884722947		280.2157867449647
446.5732101390606		349.0942625654075
416.0101917918565		328.81396719943854
361.5851855926771		431.50582771601444
432.7905886710272		334.82193358924127
475.2586379614351		483.89184771234386
391.4872613096085		310.5235079842041
375.8819265850773		319.2274883135615
363.3057039699827		421.7797176061323
330.6759040273213		399.1267737744652
442.72756062276596		289.11244289264124
470.12486874052695		304.8506520891587
442.3479407801956		339.4573940901014
347.8705108404877		421.7213001798159
442.118080157367		488.3714535598254
438.8976730942408		439.93733595658955
424.4803519051261		344.0059232342218
543.9040025473388		368.64544291404104
415.6704817902658		290.20566965727636
481.8415599933603		267.985995448379
447.2708110605385		285.5922567110283
309.4731022829317		441.31038803580805
451.45115862817175		394.60632842035216
453.8255634284852		333.7143417302979
380.22064996580315		291.72812688836893
322.90925496692705		348.6317776639061
407.72357592271266		319.5146269981063
276.2204966189249		340.0976104336432
379.55690360274906		340.6376461558471
369.3675712183697		422.51404631374356
548.2786222425696		353.6885669148703
381.47461857715837		429.2427913472773
421.9598375107387		309.80643506638444
443.27064909379135		321.7437063149313
387.00967050749057		302.4547754156926
368.17973143664886		346.7719791375718
389.3116547096377		377.7838243891953
472.49180500505395		365.1646189308234
407.1378551678097		374.746406755365
344.4104669131665		373.09160923597744
359.62863042248836		389.27012683703674
390.153178238739		428.3837897666961
396.0349699471903		339.34191906646225
440.14973066131455		367.03408840552447
473.8777457883901		490.68805121219646
459.41539574766495		475.7694136989117
482.55732680776936		287.0686033942271
332.6531399379657		380.6387007119793
369.9898993167635		387.9149326138416
491.9603215133171		370.37426584486565
364.0739787288172		395.10002586124233
336.96491603968343		453.63703587767526
378.0503180172644		377.7098357475203
379.5272629878284		392.521397733261
395.6453727001418		391.42323645696257
386.96805901467786		339.3718447782485
422.6759750853743		276.16527769299614
464.08574840584356		483.8823726533558
483.3455033247892		415.34417813084315
376.74682384205005		350.34424773897484
329.8914107626742		318.2913695241115
391.0109929532539		483.0363330407103
446.79317178753547		510.7126995307174
386.2466587300205		277.3210627970759
475.9528013112389		293.69774423582277
443.9566226108175		449.1829217458472
311.6579049701116		457.321312797144
453.1126955184901		333.548194823272
389.7032616198997		376.36082824687634
273.80406833732326		400.0534967511229
469.2941299314579		281.9545695224256
318.69892816037094		347.7936236707798
420.97091661229246		358.00735763641444
376.79603647107837		436.6873333301362
441.1724172364946		513.1567544181748
415.83065180289657		301.68629403271507
420.62301125281164		304.25336142642885
527.6055995569728		268.8438630964147
393.38959216149726		271.40650600084933
400.0541058551647		271.3423306848429
409.22097425362745		347.59695377282173
421.45276960728313		479.6991390406972
371.28794347331757		357.0356854786957
368.5987378807262		425.6157900900605
421.62483911878275		394.04502797963687
385.009406020704		464.0727765729227
472.64985291909136		272.8875080683094
379.49327229612993		439.723765874587
428.819677089713		540.990232657382
441.88477057187526		345.5948058657124
396.0016936016477		424.4504536128078
381.7120693862338		399.9136821079041
309.6187320049678		374.09397584944287
481.08581241407563		351.94723042518655
360.68090748804224		419.4962135475072
441.5484345819742		454.2635055308841
335.49082167275725		267.27029488848467
512.131120783445		326.62388402821273
467.1606250508959		466.8386841577902
452.93674512851385		568.9910278521495
389.27484714328546		423.92004583145354
445.7809675582221		317.72965998559647
500.5420861171507		473.9069842353621
483.9490884918067		513.2080197645139
483.7061237307867		357.2902457180852
408.18163269041037		462.080159756017
327.78805775647265		350.65552035573864
455.8556860351842		303.3977848041118
369.76986938904804		295.4389949601788
415.8438865811816		317.51943235170995
404.9024978489685		286.5769597096979
281.8244814470063		407.5063696938502
406.7598493339096		374.2557109324854
425.7438777181458		301.8951234653227
430.2083575867703		331.0328874135367
422.5725704879474		266.7635001355694
392.83121873656967		403.59453272681435
366.07127546025544		320.8682943639002
440.1374088245254		296.68009716552854
440.65192563899757		280.8198597278707
462.80475202469916		287.70403188549875
369.5775289399816		318.87173835938523
435.8064377973038		326.3543167364059
422.6167683076845		367.8030718745282
283.0356639630819		343.00203577470944
312.4818537102414		400.68620807765086
452.1103800522289		374.4543292358998
497.05148244145533		259.53937744774714
339.12586399874607		378.08386054503364
490.35364435197795		253.60098145840763
411.057060046653		365.8742062031021
395.30109830751763		468.52355209696884
466.6010646577148		268.8208887827975
424.75191940889476		304.77796818233037
451.8819806172704		330.2520304257209
400.5239308705356		323.8214563377037
472.069020141096		464.0847056578676
343.3101022430691		431.7088202865438
345.8376554294003		493.82564998266776
294.2438624239531		311.77233707931674
467.9937957100867		463.14320890703266
423.0149126840996		275.9647222272464
380.39942299711		464.18612031504995
393.98377033429267		306.766751842426
433.6971566934772		276.01036630160615
311.0864183395585		325.5993882516854
353.3181445460758		325.61554402159675
448.1783712448806		343.9445467860527
456.1112828709978		283.5730094134101
430.9087014877669		451.99318003103633
468.24927774341563		319.60124796852324
407.3695582383948		361.9374620419086
378.31902830411565		317.5251359666385
483.4704009449721		293.3481394413906
452.1386684594437		498.90997401272745
336.87963731982506		361.3939043832818
502.3031153752467		322.2640055212984
457.8086754275748		347.6907023555127
470.89965608783655		355.37008526944953
452.59567206123546		477.7322001962282
430.96797610025834		253.11427861515517
390.36309055864035		278.94704839861197
384.9459086620066		349.7520802186413
336.9954427669188		443.8579216685678
485.4258353618719		267.3295363181664
470.2901691306333		342.0360842571254
362.56316177895974		442.4379853714486
410.9612809766263		280.49877834430174
381.11712005142533		301.73276363300835
386.0972234138052		329.27606248424695
329.51198720773664		400.1464025623404
360.00023270947105		479.9813691314413
447.3432043332013		310.21259062761686
418.32506164497573		361.25585884169993
397.97394625285955		331.1775275726623
418.34426373567		363.1319521648028
464.7144930499544		298.73402204866363
504.01678054587694		309.04518733493626
324.54253978192514		413.1311483598493
495.0715735528687		343.59479922946696
438.6121575173196		537.848482623303
331.12477863423186		358.2367163918662
357.81633030599056		468.09952579740536
452.37108043730746		361.65524347677086
374.2854089614322		358.3430950929907
381.1664058353216		466.3701792898237
431.7489056086143		263.40115789461436
364.154841219639		395.89413620472385
413.11401777578607		319.0336887837267
326.03708334507013		429.16938908383224
340.4831509098551		420.39210387764894
308.76817005062907		355.4044534095575
383.4820616735594		341.66668916662275
417.8101127323332		296.0918954172594
349.9199682897801		467.7155339481194
406.21323451329096		438.5720292090685
472.67767982974846		325.8785088278662
462.37729837752653		334.82353884617606
397.2450642131822		282.03275437426214
401.45393839259276		460.1716705013036
466.3633457034799		290.6764432271844
296.2514867448874		469.30391827154097
475.9029501053585		465.7291213804726
436.5085128123111		343.2438651764466
336.49686177844444		380.4175566160501
434.5868340545726		295.47258609443895
376.7283545338862		410.2456781877823
307.44189844632274		354.7720301861937
425.1753795895568		322.0939030360058
373.6173245936237		308.55666803032756
380.42423549524887		355.100573744024
345.52745780843674		420.22114127613867
421.1186052541713		354.33576134909373
386.7526249951952		359.2125652925942
501.2763075500169		348.24490518801144
325.510440031499		364.8443563547338
476.8237960056845		334.2462258903354
413.25499322055094		300.7607285700084
383.7671321250965		312.75195143099114
418.0337370440028		279.58781468631753
428.4208398167205		364.36658517403544
499.6573598230424		359.3197199997526
298.893810066928		300.02911871337
443.69582574165565		308.976502294272
471.07391887686316		310.7176162323518
409.38882746108254		332.0398350300936
435.12467764959644		512.9097579242184
362.6418125572036		375.5816075601485
424.6697857188718		523.3660064166576
394.0768681530113		296.24836045758155
368.0400948699736		289.9353822342161
441.52415568182346		257.44979287409666
401.402459136198		368.0298619258863
490.00705488467327		483.824917081153
458.17253771362317		524.0481367844347
470.85310062859276		322.46914207820953
326.0131443991826		325.1041991545317
437.2405671395064		322.09367205971154
438.89806834547414		497.9580309735969
443.73662701493595		270.48977848141413
369.7169728617647		343.36451187553877
343.49485194676026		394.3768535961292
353.3704470727346		467.11227789287085
490.79978251662936		492.25081317754945
369.4416112240014		430.6739948015419
344.4550167049928		298.3925507837248
371.03294942823385		401.8751740502935
414.20826758005467		357.3894445551058
420.6058099393616		310.212954475573
360.2881751511689		398.8416359546251
445.73439397731875		360.4493336810626
414.59120159466653		338.9503104615688
454.61681317845955		287.4530771617126
428.98730612112973		312.2383637008736
453.63856890396386		346.4156525670804
366.2602265421196		283.44358283842365
426.7203995699122		443.31580352575327
430.42201159027826		319.1142152697207
514.7748178236639		401.34399851177284
414.40503102324345		375.27061585425395
445.2834440200489		359.2854187668528
493.6552999792648		350.5340505077939
407.1608158984436		270.4100852785564
418.21994194090496		328.6449952821816
447.59294638675846		366.34447514461266
457.987947531975		386.5667835734229
364.25065326297715		409.9944986387921
391.5821874218307		340.44953312915754
485.89497735487396		494.5327792663817
401.2655574396923		558.076942324836
477.52390186833526		503.6625225236267
411.11682020819296		362.79779759740336
285.9295002951306		311.61325454928686
409.7039102204215		297.29234381200166
374.5599987036756		478.34060339969153
459.9641061445955		279.16051590826976
337.1424252053284		429.24498361616327
370.7952307275289		443.845110646903
407.6369925034258		299.13452355724354
455.76564239336403		484.9972596829067
434.6641086439313		502.2480530577865
431.4924547590609		341.5610633875922
489.63189195154524		323.1738922360634
430.8257286534381		439.39281711760754
447.9602323361801		504.562993021411
474.9575162641904		262.859976445446
401.15421193696926		370.9116927515381
309.3055982111727		296.07715444847486
416.35702026691104		273.34214014163797
413.16299651729815		386.7489286968492
496.9443338961286		318.89571352688984
448.42948656308465		357.5737386745269
363.60664694672846		440.2326955756254
508.93507848701717		340.37414748618846
447.7501217865557		282.93602265476767
348.51947659311253		408.28981094672326
477.9586778834895		387.24068814296476
414.29615663091255		399.36675026165415
531.2294601141713		334.84925405491674
448.523253171756		477.54971076117647
414.3386720634434		276.63500508565323
475.17408348041323		319.5561972913754
428.1500649033556		373.7288244303793
349.27547198271424		323.3752936844281
286.2657078783793		344.4514319807788
370.7808215746475		392.22222508009736
346.9659980468848		329.9323160100291
479.0250571684634		537.8773778721309
432.07693449637475		327.0009269861884
446.7207174497692		527.2965050711706
352.7074949404868		398.1625879844652
550.9364338855378		276.1665470482035
383.8800575699954		384.9420719222343
385.65059779187453		408.09803639944647
335.8093821944118		442.77243725616955
398.4810939355439		337.7480213887456
314.3572340316644		366.2979458224985
390.2856899665455		397.8131560336039
456.1772384889443		483.4436767430951
314.3497671739888		446.59377669678145
412.43990491477956		355.6724210425548
311.5551926072293		347.1336937881312
364.8196359149268		400.51291936551644
356.02874594794497		405.8960639437654
401.16412364122357		286.5380381608538
507.602171825293		285.76033658583225
341.4680468406442		473.2535061648671
374.02114946897865		503.7313752362969
392.2205697006526		297.90266411370504
343.754840027619		381.47477346479485
415.6033681882312		299.2167733886617
297.33948512914924		322.3768559871762
493.14045298461167		317.0539122973882
334.3493400297507		475.30364417150446
410.08233453441073		354.37758395043295
439.41855784336167		441.95373151912395
296.48733546453803		486.2732114117353
413.3115853223989		316.649091647166
354.46796996022493		329.3109210921695
452.19691801932566		461.1495676961432
534.2474665411402		278.9032198360878
341.9368193020243		452.9972396798985
435.65258155399107		554.276602007899
446.1023943241931		315.5091428912134
434.0434356140963		438.979399109001
399.58645493002916		369.8893139238695
428.58189039174397		343.0665102395837
340.9770365140703		303.58820755271967
343.2895389722471		393.20887928177564
472.536962437296		456.8983889089188
398.30139734954764		484.7515437825583
448.6213716712585		331.59854974749175
436.1434844184613		304.099321334483
505.30908422252395		343.92069780826023
387.1222615974982		287.4963378505636
353.8409875505994		443.8062050443057
462.3105182146313		289.0111826695574
486.2968221510257		329.3105920427503
362.3764653708381		444.2477684143776
339.43170519150345		436.521773477459
442.2835556412986		336.1221870397324
399.1931769718621		294.0324894223001
397.68103465090405		282.7568392461914
453.361059908993		280.87883120587674
460.79083983213013		443.6944768801966
453.99380079785135		321.6378814927549
472.7079713951285		268.31856722080073
411.02572503802384		353.0607592938516
376.40844650540373		388.0590367429092
456.841343672852		530.1858033997369
452.0988518510375		512.4159926756607
490.18812869458696		323.7465752091805
478.45717546132306		558.5943007426989
349.17441044052015		409.00956936660975
376.7630494322599		350.24806793550954
418.4736018259636		354.0210934693327
364.72103850796884		389.85550454668476
262.09605976042866		398.0766628377445
368.1762052559274		380.6507549862248
306.88133600550964		303.2514370584607
352.5913951984944		424.5447972377843
415.6115734349209		257.2370383421961
363.0750997754461		386.68193680416744
308.5720695352667		390.6848875889021
386.7479928279263		386.0244475122085
477.98202830700734		473.8133916185439
390.0306804879578		318.24988539229315
496.0380522034353		481.995113845933
384.7665818424855		417.26501868167156
504.06152687280087		467.21567629625787
367.55849866354		297.01117471214286
426.3851899600853		330.91966002071837
437.3778635182403		458.9820718903384
456.94681689030034		468.75055467789264
437.36686257625536		302.80832659252036
421.96435056854574		348.5795847615356
384.2468074736656		299.69869171059537
396.21843941414005		455.41245891347904
404.64482788338194		411.3993896093365
385.90133535946234		461.18265957341816
406.07346109620994		392.26326906908866
387.456416810021		296.73436002016143
339.50153043661044		460.364494835577
372.902406111371		345.6607133191286
430.14189003060113		357.4454256410265
438.96945116606156		279.5561899094321
349.1328546527345		423.4041133588238
335.6436307425683		393.43613575737413
304.63276845212647		381.0526498026043
507.9568943255178		343.280919510991
454.16787183100735		330.43948595973603
423.07015088183005		537.2480695417079
330.38517146365143		381.1973827416356
420.0468198144968		431.8012316649148
323.8431109734796		331.83326866156574
470.5763769374581		297.95919954560395
436.5668243654614		495.845592804357
461.7269410242932		379.29906811045066
358.30951250500715		442.7918938073109
446.5638395982907		530.7109856214811
381.1703298833813		328.4381290531181
352.7525504730157		428.44229675965556
421.7253549458037		351.0284173166518
458.5300496341103		471.6944894458668
308.0460916757613		346.40231633529544
423.52616853327095		441.16938073792784
379.8384579310865		364.10038769682086
388.637745342096		332.0813801985779
460.6479144149816		521.2878373335241
330.3762652343616		425.1993281964768
394.99857003590154		225.4888846586963
407.2227241769776		328.28515926368067
408.5817837784061		285.6873934831945
389.71493503202555		268.86925283219375
405.39306284059825		334.81612784200763
472.3533933242694		308.9915282866128
427.4028381695498		339.4579484291246
319.88019602960486		402.5454407700074
434.4818826541221		331.76621315836354
460.025965025387		312.67703210131265
359.2840026880319		338.81414666306523
330.6091480500318		426.23710562026935
417.98773353179456		501.53616009993334
422.43609332964803		294.2982501780263
488.0037998900261		510.14486670461116
495.39352431199427		345.73612668364984
479.9099206570222		376.54265896136644
377.97455925871293		437.04039801052113
423.0666824810758		357.1802973617604
383.6899059380987		414.57366146331674
359.2526817881531		377.5926461006284
448.00679919268595		378.994216065787
440.37766849345996		479.0665271682484
265.9730942421963		308.35678383284403
428.07832340391684		302.7269930213514
359.27859537575887		457.4146110470264
373.82068524550357		474.42576707258524
415.8592926833383		316.8915748577824
413.3258060565148		309.8655945465676
435.92676085050016		520.5107379789163
488.60053808872095		316.48244003705435
360.4626949521721		405.6369338529662
398.1622889591771		473.58669722817075
459.08494735732353		332.86218581379575
332.0750539125617		459.47229134169004
389.0161766395197		381.76061221952085
352.5092397274881		434.054754268642
472.0719550517384		317.7620039125859
417.06873372116195		288.36412783650263
407.24938198122095		521.4250980498002
414.2180055274833		530.1949126111763
282.38750060777306		409.87921632350844
424.5601097091361		276.89997651103954
375.32262764386144		314.0344082495013
344.3074442545365		434.2575881631136
363.9861192008447		330.5969542896695
351.28429902467184		396.35207070742274
431.3514642344711		362.53198554220035
430.7664494754285		388.7017892192679
382.4586390750561		341.09703321705945
467.4742060771945		350.43829555980335
447.26202197810613		482.13050626359285
392.95618550043156		388.3879587423459
343.58093855894975		359.0343079597813
376.0968187740132		331.9696139079049
438.49816616243453		370.69999460844605
447.8906130839457		286.0700418370227
322.7871519260841		360.9683157603391
475.5902472822515		285.5470531666579
436.8508479121474		249.62519097729702
328.0732615412252		410.81744331816833
493.25119432099365		326.8537888131676
421.08470514214014		327.0448316789616
279.56883018098523		373.33460746447594
380.61810032354356		310.3154282368475
316.3538695653547		392.41764716689045
343.8013879448697		397.8430933552095
495.79536893004104		515.0358675405605
473.59431847596517		493.8206316239773
371.5505396460094		315.7565686722075
439.56154563982545		339.767559401284
378.6987160323918		436.75283040540705
429.98883323186976		380.379802728069
407.72967344236463		280.0940986702055
471.01588189941185		488.44692115772676
329.82730139727806		344.11100565288604
350.2805399928615		329.03623295683315
522.2177550240572		372.59745113393814
454.3652083725796		493.47959555407857
401.43415115113527		300.8652722414134
453.67520166739604		526.5022772663601
438.3777815072735		456.05849181816615
430.7925226300395		330.7384012519467
491.12374479547145		462.2528632376893
324.2560996163954		317.70844797239954
475.7179361770551		461.779930920967
400.21530978992644		345.13106688361086
351.8669116328399		476.8660919136441
452.1322679913503		521.6215777479626
355.4338342735212		395.396525349523
308.0922619356596		319.83380437313014
423.8895009057141		446.32238110729804
405.8298788386809		320.61942873484355
483.0689056389908		506.41373058488716
481.097737013332		500.78007328056873
396.7587466446897		306.47892055009345
388.32413374398004		345.57860063140174
463.34543283080876		493.6942215154007
469.91143113128027		269.1161079906478
355.9830901439893		414.7943303438927
465.1725464168907		347.21383472864704
305.54079313995203		385.369517382957
452.7076359799198		289.68894180433773
462.58293374295687		527.0784037183564
324.8151597777547		363.59079042427675
310.27103142699445		402.1598161595011
339.4498116381074		427.47371320630765
279.18564860455837		304.1906064108161
484.0154419988731		281.14212590909943
460.59665925251534		296.6758162262082
342.01972275546063		393.13256997905967
424.1682981620932		370.3978328386317
421.11351289667266		273.01126855926566
361.5733210716413		379.8836604889181
405.4957220278438		310.789524517625
355.8523009258659		394.28366820067896
391.19967172920695		463.3128642004227
430.19475414463824		447.85455221432437
419.60076132090023		448.7568634604422
452.7605465391922		293.6435026817936
386.5167467599991		414.53182096396046
331.9323030142347		495.80411566433526
455.3562900953683		269.42445216408646
427.4697147837797		316.27235225224626
485.2653770042217		503.0429281858746
428.3534445393224		481.81568086370925
444.7882514498369		318.31713965276197
387.4869607427987		420.62886876799774
432.2527230643933		504.10917207343425
409.1749776255674		472.37263958548806
427.0645804184513		322.0314735484655
436.30724348502054		476.6176270431728
397.7618998006496		457.6449301341861
402.1469303110698		344.40221022344133
445.6613032196462		377.31214931135224
485.0300288355831		542.0245706970865
458.92203632966846		315.4561343197416
341.9813209771345		375.70788258248785
338.8013993350311		346.89662666188724
397.79145866295426		321.62081268614696
430.7436057750853		331.33082081847573
414.3936121520693		457.98069786396536
436.1972538826388		429.7710088379408
477.31176121219556		379.5608699441165
346.2141519570174		351.0539993995532
382.7606954328978		313.1091461886194
452.05386914737653		393.5165488287585
475.6835429861221		282.9815979460303
446.82234810706024		492.74671048251895
461.4387673573542		517.7659996231696
414.8895982877433		368.8187691485135
306.2775928296324		329.1834660446032
453.7287886931883		290.41722496482384
445.06834938160523		260.5203403284265
385.23976368822076		373.0769602379714
379.15693516734825		442.1906112042409
437.21859337094327		472.9821368358972
445.4612863545886		300.5241495743296
512.3865988662777		444.54019385260955
456.21489994959455		447.40522503486136
488.70713101751164		294.1691676017858
425.2107189675509		356.87822279095155
358.89231612223256		431.78550117202565
467.6831065479452		519.1319261944759
359.36618739365304		399.05827504700454
453.3009811126656		336.6163233162451
468.7995256252614		463.12556997026525
497.41748661678844		337.09545736705417
422.2360853773845		303.4364348659055
313.40412969327633		358.9372946219877
369.2385630794235		430.38522580121924
466.096850388829		452.1663497126928
433.1042276827057		391.607213696277
427.77810972474066		385.9434553087236
498.50472159967586		319.61529147904383
411.50882769609836		349.60716169809143
495.4969539871632		513.6525642892817
424.48534442562567		275.5912345527806
388.15864932952985		366.03457967637934
483.95320640976246		319.3294679550818
405.6114688083288		295.4791162153492
527.1136044443421		299.625360378446
361.5646084800972		315.17129020990535
396.87786902459135		390.7989139779347
394.1603469240812		501.6324403173041
444.6598119012338		298.0934238456433
458.3537214649741		361.28901381530056
370.0231400377625		337.21792798059266
398.52191576257854		278.9198110555406
423.58664607765303		349.93737255593857
397.4057013924059		461.2858504007642
343.49463594520176		482.49023826482403
456.53194242678893		314.14339618960673
408.27899268821807		364.6448131353757
397.54768000926646		343.07189759889144
356.1171366464587		433.7043923953579
454.4281922517864		538.4837707775997
473.9305728145949		362.9351263524304
471.1027137408626		340.2305833839468
300.9617541604221		397.69219055485786
414.91520690900796		329.6046082878885
428.3169417165322		430.0621434571287
483.4769712984532		515.2910417976192
401.6483466359822		465.83418801645956
345.19251411169614		346.13331941031703
365.5567209911385		316.83033138083624
364.97228561736364		398.080908954456
393.7617156435589		327.45718234043983
349.4599436030189		377.10754762466314
349.10341792129367		385.45208731102736
471.5504988145692		489.61151359866415
392.97161777407666		404.92489043946796
322.68855914733024		397.2268934764139
464.2744414302091		321.9513743518393
436.7463465240505		488.4024940469825
447.264667804668		279.96963411717394
385.84057820360476		399.16275122941965
307.1615928675216		269.6615992985436
360.81005289723817		396.4559372179109
414.87344530430215		368.81750101159224
478.87503883655353		480.93366749772844
409.50925495546494		372.0575059288129
350.3507051727373		391.0933711833346
330.6657085981068		384.24446227790344
468.0728801754957		492.45390270502793
359.5175876472769		437.0923478906977
396.9165310622283		238.87567155981816
352.5165762017268		386.1707619963616
403.08877960438423		321.05030973836415
450.4303492878323		275.9853754233295
328.2063548816088		272.2066007649794
406.3926333986121		350.21235405009503
392.39721974475174		376.0646990282381
390.87874769460143		368.5175974498185
300.8914646837245		412.6728944308216
370.3879718692385		276.2815715903347
459.80192623840287		475.07191862874697
371.926771679965		472.1538036319899
468.07872436862397		513.3594926951562
392.1369396335919		360.4531190445978
435.78410839154515		293.1408209217578
462.42139418508134		303.24164953261936
517.0515690221001		298.31644053878347
414.862731252164		344.55136010369887
483.38215562876115		442.8049606981202
406.95881152035986		333.6662151138934
323.5912727561288		471.36383858702965
399.9887976130736		342.839436383266
291.8130240124048		347.1114600473843
320.720318014388		352.2966468065855
379.85853126256376		442.66873459221216
427.22548970696516		331.0757182654629
454.49103871899865		329.27774546771064
375.3879219717837		441.75164963075406
449.2499523222073		493.3838261949202
381.9693696317992		416.06623685846876
367.8482570468309		438.8026657195259
532.4959151644451		320.91981950830746
408.8352011899428		411.1584277333418
399.97853106721203		336.6167966423131
385.8762130748829		277.65210384630336
436.40271593422244		320.7669866847336
444.88982483610494		374.9540928507757
446.82617837199183		404.00207775033
469.45946486685136		471.21631485827436
307.0597089704291		342.8617491646012
496.0391040726808		542.5286325398782
349.7754581339993		387.36790972497715
441.3704794379392		332.4542141763346
368.28468430229293		360.96814423472125
445.31463234479423		439.20602016847863
374.6435638118425		329.84793665483
401.2324196451858		373.5656228776922
458.81433879353284		335.4992349125776
404.70110485582967		263.5003048591464
422.3374445911906		325.1288994278377
358.22864661116483		420.4403386851921
413.12710652937477		368.4944132946241
392.93606772803463		323.78050751306773
357.36846883089316		428.0286347771882
530.8637790851906		460.7236810905518
474.5287218929891		369.62654181629193
466.06211902358314		535.9591277673775
429.44004001811606		290.7650277101541
403.912717420445		356.01608875920056
419.66232452255446		342.83120769295346
464.83851948712936		494.1622477102371
432.1841450954088		346.76860601412324
311.78904154868474		439.3165909771614
374.4593036362059		402.8429475233211
436.36082224570174		461.7467673760318
446.71474987234683		347.6897192354999
474.96594805556646		295.5151894814506
336.34806262165745		339.9565541920806
301.2350062504506		365.2974912490491
321.09234397427946		361.18685699123876
425.9035448825029		297.5325651998258
409.37874615097707		276.9065519754253
431.10312079799223		268.3829470716867
362.7758751467656		435.01441908750184
386.57314275374284		335.97123183581806
305.54636214626476		382.4071316334907
410.3411546098846		319.5474913119061
336.30544831425107		450.4223026896341
335.73668511405293		421.6535439656927
424.5922795385662		318.89888550125573
468.83269357651744		307.02923106265683
460.0750437693541		324.9635249786924
380.0560073318102		341.43798089814493
470.82549744889457		317.11256148651626
398.22057460805354		325.3415622369006
490.84550908844494		334.62767184019606
416.61593499086695		518.3467997509089
458.63447933634615		358.91459026718013
369.28609297077		474.1900514028216
379.7633412452498		300.372001368471
382.00322258039597		406.062542315244
388.15459798183576		316.8365412679565
456.06112651028604		447.1855620714652
336.99777426889784		324.8755705791693
337.7630799123695		434.12485552637344
435.9583500319757		322.3630608507878
424.5888585255421		459.73968987372126
276.989490196468		327.268753336334
370.2443290496558		317.56436993387814
349.53486531190475		415.9979165693052
536.6077934847707		326.99713420115074
334.8419557836167		311.11006249266393
393.24011302786363		292.58019272674386
299.52949445475303		371.398211082901
482.46025635260423		497.46941944211574
288.0820360456719		403.6186547971196
375.9396754511013		305.2914000929443
433.21121283080026		306.19153447142236
440.3587734265063		498.20618648268817
399.68550378864325		401.2587539741056
333.96172934004323		329.78307774833286
363.1259369827495		374.95795280065533
376.6520297697362		352.00025320802
375.2060766691283		397.97542716486544
502.9941693234088		480.586157703523
392.21846493040727		458.65735693781716
536.4417991049446		303.04744221352667
379.14687052486414		407.2359508347293
493.39329159234643		372.3535490645454
440.8780431096736		274.0653127680857
378.27235926946514		413.6715555302816
397.3732499625846		313.59995988867126
360.05054301111136		451.7811355665623
393.9504385621262		311.6337564477028
385.0941263527065		339.8718988448638
392.49039084109944		478.00510197833063
393.91785269976225		344.69017550107515
437.01710841455326		351.21810452383664
527.3534405090065		462.8289699115723
462.48825834391334		436.7110352898264
396.910309851023		353.6747634618596
468.28511625181267		365.4641946390329
469.2533492057127		345.52640792798843
452.94361047949		527.1052297800187
472.28414049111		317.8480526760268
376.1855060540169		386.24719961336535
354.1140545508166		388.44890697392475
370.1791283631876		268.00304747196856
339.13244439357425		472.03235989192916
428.6054877644537		481.61773726207497
419.3065252768922		301.4809441947909
320.13209125254207		344.58410034305274
450.2730618841132		433.6672386863295
378.49728237652073		386.2255906609537
444.40199320959243		456.24165023830903
431.14468560741005		333.17822240658285
425.41809654990624		360.25359514802693
376.2609903516035		395.7387445392395
478.59964418797296		484.4167161299275
392.79088722388036		353.57424038837314
410.7073560869242		447.31367928256805
446.20899163018703		465.8935077822907
416.53419819602436		301.6618041080826
389.1038397631892		292.2669750137627
319.78085984021277		483.1730920583104
519.8206460736665		285.4615190138777
396.7216494479882		474.6819791661524
448.5201452995777		516.490635152562
437.51563639106655		321.11571557579765
402.1665267238834		260.19459919244275
383.8577330131789		421.00442203377185
344.44370793162966		394.47490068964004
503.06591700162227		302.07393636085123
315.3767070524903		329.2304283571085
406.67407873674364		309.65982350047415
322.7762596818986		430.91196645006005
438.70633726273934		465.5729663774726
374.872048752402		416.9784871208942
316.57961795992236		314.5890039868724
356.9216651005192		272.18321663320904
346.74983961855656		450.2527530381521
397.6841354569523		348.33856704226645
397.50148615841044		402.06367631622487
448.76039950073186		486.616149293049
407.2081195576149		332.62652088731284
424.2887078048158		327.8638063983957
449.81145145372693		329.8218664969378
509.7195127853424		326.52721335439435
427.25215264471825		425.33934984213386
484.25264438452035		316.00945743182933
363.74336467025506		479.84727176182247
448.8564285978258		364.9137931982572
338.5715171017631		406.87387794415093
333.10447094191943		499.4518525547757
380.98101642402435		444.593793091208
519.2465919740436		512.1915562556217
368.3549335565285		456.2918089844846
463.7886009741187		319.44553351509467
314.33111766165683		368.8400935677152
390.44077691560443		340.70602743268444
350.2618117360894		444.02282358374896
515.5824557037419		268.65751140859277
394.7744665768866		293.3245258661366
362.4330710466424		390.08031349873403
400.13507754608946		425.2692471477105
398.08094308580127		259.93068234553795
367.45661886024135		342.02906417437566
462.7392994386583		282.4085292962469
427.3180882340989		339.82733914175213
411.91773563732613		388.14555545287834
372.3236019587032		329.58019879977957
445.59269696987576		474.7924058869518
428.3840959877737		378.62760760608177
414.457575903222		353.5048810859303
396.4429968285051		238.30212383827313
375.06323951004566		454.3008396230537
328.31694370316575		399.2751689774251
356.2905612347346		352.2927507372575
401.70932147534063		341.14260647016397
494.6068598608766		446.92048012961607
482.1158012550262		444.41206098265263
416.4567632559954		287.9426242227694
463.8236268083578		342.03243488067494
274.4976408286523		392.953754283291
347.09100888975456		378.30775635037037
357.6893859642656		299.88454478512307
332.5050001696788		391.3507860989173
439.75182657530075		296.8245141075087
459.6637725032369		463.7027046077937
431.68282393516273		316.02470395496044
414.81494491533095		326.63248467464723
458.60044138685714		300.0642257669371
422.96569792448963		312.00734835342007
353.17584383107504		400.2305858119932
333.7150348787141		448.7396466768731
436.5394873988019		306.19955490932614
394.53722577665945		385.7681325471824
361.42427549788425		357.04127211681435
409.12811057379906		428.1515221781522
344.42433059391675		415.2286695685609
505.90475703408924		479.9397336547302
399.3412055705084		310.3933019107296
