391.35929184991653		464.6771144027617
270.8103525960381		437.2911800889284
375.87812605511533		480.4372631552895
427.94422076162874		286.8890022837135
438.6290547153679		258.6169130313334
358.64901227585824		478.334643621229
371.346698727759		394.8339365294793
328.63457727021387		324.12666122545363
435.0592710207522		452.4543767435675
340.51866197492325		368.6904167347725
432.224558778989		455.5176700029467
307.6209539969451		595.0349058647942
451.80429305162664		457.69506308800175
375.75167217824526		409.91350097305775
291.577219928298		464.12705944728776
377.5470932972754		385.87482908452745
390.72099032406476		429.6361237369699
412.6592990498162		407.6571538979902
446.1652211776589		361.78970287333686
295.20234370198557		425.2068778418283
441.7742772444119		296.89502428292036
421.5746029493213		276.5245585001899
330.55767441256694		354.330912181696
311.94468704389504		463.3993792800697
511.0820831634653		480.37227065470006
450.7920862748909		467.418505521934
400.5530303278578		387.08373829476625
414.9575164563286		411.33122356518095
485.9539298004475		433.12701127298754
466.9190728745018		433.4225016833128
340.97050768723716		337.5289300761899
333.6590508085838		428.3829677532368
309.77351405497205		366.0447038167751
510.92624779023583		517.5584045386651
335.90586029876505		376.7870129502019
362.74740066596326		368.8491009234744
464.74948280075023		482.22096008078057
425.02849287146825		265.8040138060244
410.20555871859204		476.75339501147204
412.7973430942399		364.47655041696555
431.15255744160663		288.8868323462136
296.059596732069		323.2960283127078
309.6526487161448		377.99769731264416
324.62550611824935		400.26552283212567
283.75919532964167		431.2637560143409
295.7162000677158		354.76039461319465
367.49991907294833		339.6046531238505
374.74188403970425		430.9442698848451
325.1033709341405		369.6461364490687
255.5691131091407		412.31465796732175
404.4627182999015		281.9881605960058
328.74298772631505		462.42389824113314
353.8877273928352		443.8813851276497
374.82256081625377		410.8262902781899
442.8752659568212		430.30012279922533
463.93230258075863		473.44441706299017
350.28592664183043		321.2266853013403
463.3820955726358		399.8767851156767
509.5652186560653		476.01048353384135
398.7793643901236		280.19899044854105
513.5128306572128		398.9115146702751
329.2304924720186		479.2786516998222
422.2666687835926		297.0246801205572
405.25111980253786		266.79745729215637
385.3345901817974		449.474283728167
341.06052192237826		338.01048313472484
401.48647560613887		451.72252219931875
403.92914066339927		467.7501072619707
389.27163919799773		512.5234235790342
468.9087188370102		457.2780153802076
423.20398831711475		284.5410738154383
299.00598688633863		407.38680889392214
326.5934307188989		404.58596071602966
361.85679257355474		409.3306650068898
490.41811154963057		509.8192764072475
435.2701193380758		438.3655848501591
376.72739894036044		296.8727305219881
506.66993899670746		419.78160601968887
343.573783918078		487.0917280177942
491.59618223381545		342.8264563434381
337.79634037564585		476.04303474142125
263.837248914531		321.93863810259995
465.69620654175293		524.9807802162404
308.5270473093719		445.9780883348499
490.9756510489232		428.9603834456165
348.4795232359827		489.1436027737849
349.2447141386094		470.121452302885
292.8165893394999		365.32243250367094
413.5631175837725		243.6772104847609
417.49778045529825		499.22049508984105
466.1293215705346		473.34049745585224
384.95994248928065		440.04080985754564
315.06703459980406		475.0435367441971
337.20127749945493		396.27137352586675
299.3632733976936		459.06986061031614
454.3537736772853		461.3730315390278
311.1479629076796		368.0873840472821
274.7562263235102		384.0062169190233
484.6719723223756		455.2811887378031
351.74885469746647		363.5597813558653
486.658788075063		460.28184863449576
496.26256153800693		416.84272103771065
305.24272480768485		443.4466302797428
279.92143960224405		396.1245393640746
317.6089032466334		420.33846476279604
391.4722711829978		413.76914048092334
303.65081961164793		398.2512976123213
467.5167094848489		431.0726483400264
385.1464817560462		270.57519890234107
367.9264661782693		358.1725249707679
308.7531029835621		324.24870286110263
314.141626775551		392.7908108688153
350.50423092539114		337.34404017649746
375.42734360393456		463.8906756252503
325.00646562843923		360.30298364553016
388.4856014090252		414.00341308854416
333.5793122275291		296.2934614883246
235.58325909280148		338.12074526413267
364.72187056919483		440.85186989064556
343.4708303619768		356.7678539840474
348.9823932608026		385.93460777226863
512.214474929446		404.5729610520311
407.55205019676043		461.9183338703133
345.31813636371055		477.6733791874213
319.31136527867415		365.1443662838892
352.1828744154865		368.270972577293
243.07897040542696		321.1048773153812
342.73423042932103		444.0490545454605
412.6477402026245		391.2416527923881
442.72305698320463		449.80032477630834
346.55992784064534		387.52880893124757
312.8047454587535		484.8225338519706
431.06147293613196		470.67940693723267
375.00212867499664		405.87408061148426
299.96180300140776		410.98606527679465
321.6253710026354		402.86064552476
305.3053817335324		448.35391231558634
511.3768539941727		404.8402187745099
269.7874273033724		351.7714251718848
374.66231585494626		346.2684601741106
340.1672979839102		353.2363128538253
503.1821291083078		412.53819679373606
469.39563249115076		411.6627430066563
391.9973651209241		512.4059135619165
347.80429398701165		469.8070933034016
316.0110780231795		334.7170107275101
358.8161480553438		304.9991981343993
259.52944234499745		330.8919478676426
482.0620739778165		495.8211969145198
306.5719424351467		307.1768488603785
354.96759613542235		395.3485517060284
394.89954801690413		381.3881372804298
512.094003651481		400.3919807332375
451.7610843594537		286.7950416408517
458.7331080843543		456.9741461441674
410.44080632668204		496.6441683951763
425.6252419144592		501.091409228337
381.45030295858777		428.4725229664489
334.77593405041546		379.3988277857666
416.7631188307617		310.04351479097005
485.3386785381057		434.2017745288582
348.67352680929366		345.73879241824613
327.2406059296521		477.65318207922564
434.65556816718106		460.84362172654056
275.404536480789		400.2764014636521
385.4409991019121		474.96289040617614
428.9385353067927		413.7223628518651
463.94525156012025		424.40587149413244
299.2747093180449		445.6090160860605
350.14795286871504		514.3118089725932
277.50884332030495		392.8743983904057
273.4423558881585		470.51473299244793
356.27352097634326		479.8725963647993
381.62488907878117		412.04022696773063
344.583051955374		427.98141507267894
447.4232106510344		313.24616978214135
436.2835313228212		297.40666534858417
456.2735352081642		338.0229456697957
385.72207585414594		469.97385677201663
349.99172354203455		484.9371833339685
307.85849037046466		333.73959143668725
282.1693879356201		324.63110807827553
319.5224568948514		351.17992757674307
438.00104838474067		449.4561617825128
394.2932228579532		283.9570776040273
428.4531089497168		463.68558230548234
408.7613154189493		425.2696075035206
362.6787240879743		373.3542081449254
401.0944446365831		416.6384108865032
321.36383045636404		417.8518117958986
496.0032827958219		364.2869363882503
509.87190623346703		374.42321196748856
283.0021585389605		467.93377724714395
373.9593349033158		376.328385004492
341.17652180927666		343.4512383545168
314.85507930711935		477.02663398353604
349.3820219166767		448.4370764230268
347.27601982571645		385.4956706204953
372.3876857069849		400.7486667495067
338.58961275852647		322.4823053577067
327.85416883697985		404.25457524817534
432.0998413307547		449.7548368819842
285.65024089237806		364.95287948963005
282.1936082188993		350.4076675960135
543.4321376878366		405.205581870778
485.3013270405356		411.322467925209
437.26878331518145		420.49130773817205
365.1157470636262		343.188242317204
536.3010717773427		336.37300313415733
399.0779608934359		302.9927046521414
333.4385882635708		402.21711453728585
423.61920720415304		428.7344735894189
434.7742922578103		459.0764309894398
303.19732300154806		458.4098207358536
327.86728239744355		476.10384983635623
481.2136478772908		285.9501721009049
364.75515117633995		331.1486006569735
515.0669531776223		414.333538154088
415.61582324590955		338.07002526630737
313.37483856137953		457.59890369078005
379.21794018538566		364.94526211530797
467.7510021458017		394.45464547204455
321.3327247274343		368.69832514134134
307.95755901028446		403.20767091396334
497.5017185685089		396.4825904561544
489.9724211710198		418.558266577054
318.14629657413735		519.257976598917
299.55365869153405		371.1283029529354
509.5598248088291		381.9432879965463
327.5741676647063		450.91576036078504
350.15181015976594		483.2385066392241
313.23372303112023		379.4422709393378
322.9825640765516		407.6813891956217
376.53927984685174		387.87581476101576
378.3557621105876		435.60568794131115
449.7668661492943		442.4481149106431
285.7697143517253		403.060916049523
341.1225621640131		368.1288366352204
315.2939589137564		472.10740402241487
447.8120063536275		410.8164635320652
349.41220773719266		341.4453764314507
481.2503977229784		491.2165962633768
279.93424588693614		359.8027201561461
283.034575588247		469.32735182731403
373.53833631771556		361.68580438892553
307.51876800160176		479.41294961507054
339.11584800049485		488.3446200358559
366.5563206694916		539.2163102559265
310.2537098740414		453.0937678647468
371.7329351682938		421.14709377361214
325.6291867102207		395.542471357924
349.3738409404998		340.7419576694084
335.42090918867234		462.1086241540359
421.38265299444026		434.3635855088623
469.9359582252024		391.05129933374025
500.854442141154		463.737854760798
355.260637687945		391.6761489653147
311.7049495336918		319.89398091732875
484.0316582836021		400.92805213046955
423.2037031892177		366.8813596643329
436.4969753890224		429.36218336357035
320.79395342383873		487.93891325660684
416.61186131400683		409.0604357741016
275.7300185951825		420.8954373288947
456.0401208076821		422.0662668186404
300.15600168190207		345.4636843001354
503.9437189543424		417.75082995415937
347.5700637637725		402.5382467068983
297.02847299527025		442.52174597681136
459.615138561753		286.7599678693747
340.90357336913985		401.0740394560172
338.0812262885566		378.0636074942086
346.77144723922504		391.2865153946808
318.217245306879		387.0846004787545
374.90712176923626		411.3496296755807
378.9896681917214		407.33177787166784
286.99496387930634		392.9819443081139
287.54915636411613		378.49928397127877
368.7303109303361		394.37338564509776
388.78993690232255		350.6600897061165
320.6858127810195		341.3909035330076
338.1718832768168		397.29424851698457
404.5705256409688		371.1486707195553
301.6275501849506		361.29481651982496
290.4199496315226		333.5853993936389
363.414837154783		380.63455317763845
326.09550513751765		349.68661617416825
308.7046592183926		540.423693364027
416.49104034625293		452.94967340075743
360.2101585358343		352.7243152446878
330.9741882895869		491.20609473177313
348.43907318948885		373.79931309393953
351.9302909195767		356.8668966344767
461.0123925411626		301.23803814160686
455.89249131718714		484.08290518060335
375.15416071471793		365.27963700677407
331.14682295019384		393.2999869978644
401.3778099179541		381.04619148032737
349.08162847423205		318.11216677574566
354.4689619629389		442.7261732952751
529.7674522599045		416.7981681898332
293.91006332510136		433.14922116629435
380.98035730020865		475.2735176206896
322.2012986216829		373.8081020460283
350.36871891815446		515.6419921626457
490.3584991637549		457.0349229292961
318.4390703499329		512.5846539413192
300.30618828635085		354.6652409369931
332.89435910388937		469.18033722057385
321.02145741818435		381.0002651762047
375.3343545654592		359.266434544566
455.71144063592163		457.5979265522863
336.8077074432589		370.3046405854068
272.85240627106504		446.74832632614704
332.5224194406999		348.3004755051847
482.3129685647225		538.9639283502685
348.9263097602544		443.3948226024532
370.7544653084492		243.93844025069956
371.30549312920976		467.88702293462086
374.78553386013283		421.7104503052401
326.41019873349035		407.75622437628886
306.1071387021204		314.2817682981581
335.4495456712634		472.14514794278307
343.1531500264997		407.3519149037816
287.1243574109843		403.83760693013767
352.16066723640347		352.8124227845381
345.47436094047316		358.25621332491295
449.8668911993306		535.6842340081486
455.30332102675084		464.59211367136965
393.9291931472962		454.07149904404355
454.44917020727246		473.4722359113624
304.4700631487359		385.5091303234457
351.80845380911325		412.8930232039537
233.0626692162428		487.9463781807104
414.9433094219062		470.83664061882064
316.5896461575952		383.61248258141904
276.75336920402964		476.79507530027763
486.0111817058271		471.07669004889806
384.7116424431249		396.45160931544643
300.8936286910357		347.32917535458154
339.6850579017154		338.08443338652114
334.53563960989703		376.417128374595
491.3866613769271		401.3073203997146
321.8579811262419		529.0886701901019
396.423131649945		379.1565771482185
459.04808793765596		452.94819644307614
354.20701864489337		499.2867274074568
328.7565777636418		425.4091384205957
346.0688583322525		516.2224996950999
443.2010922277004		431.51486408791146
384.33704689874185		427.67583606065733
325.12830482405195		344.7764484952791
490.7850827670652		456.83490823078824
407.39129155709975		486.5060750836585
337.465128709111		396.5017709286861
404.2431333416962		445.45065488953634
366.6494155555815		338.34141212251876
313.69064145314906		477.84584712185836
373.7075958531229		405.8431257244817
384.9680278117682		370.58259354772747
311.53218344702026		366.2429802759975
498.62735812629643		429.44855277577153
257.85928466264846		346.62405045374544
414.3324592475547		323.80072314222934
370.9648241462729		462.43998198257935
434.3315635201735		277.5636960835363
494.02872460366706		430.85180226447886
367.9458841137311		220.49272661335573
502.4615255682341		433.64392095390997
366.4842824394941		411.7059169590961
351.2980483002998		529.8936431294171
248.6496614328328		345.0350930457785
373.107344334398		484.60846884056355
402.6838830470458		339.4783992659889
338.42223691047246		476.056075214572
518.4565417007774		385.9113645497499
513.4110326864998		440.9141032417614
311.69551793920624		400.92702376584805
413.23112151740435		490.2897621819868
347.66843204308407		364.1532414972203
289.91173999795194		348.8926355018433
404.94172305536705		415.7260480590689
389.5670286526922		473.1688279528903
340.6260361681801		384.4358887036975
286.02157312604663		494.4018873151015
331.06665714483745		347.78790374594035
386.7932439219631		467.8309072491779
418.95867617053096		302.10407177238477
308.9925417132124		359.42445968004574
384.340203136445		404.9617105126839
318.38707385864905		393.93077556038355
355.53669285172555		389.5291466971199
477.61216353857924		459.1842388446914
349.9212131003052		533.0416600054587
324.2916210434281		367.3277338728945
482.3689643283545		487.07952835673024
339.4944664141595		334.56811948093593
345.00875359711597		357.53614267766636
435.859284233465		355.81864807858744
460.6661345522544		432.2632363002204
312.0632924416446		430.6872921394367
367.9881163735379		301.0653122621967
299.4037244222723		384.74267043195795
336.12992901118764		494.02223912628983
319.39240839356097		408.33935879344216
333.5249892080338		314.37618806149254
507.5848435744428		441.6901761343421
543.2907542556579		381.75092612108654
428.5662664889588		389.7449060035659
421.58551109872747		471.79711679947457
441.65451430859804		444.9778980907766
370.3144064723324		466.61629573932106
372.67172267551456		499.5134226705852
347.1440117232227		362.5204847307486
399.24166984712724		395.718789621681
423.0204674036414		388.71457518405066
293.77141132497616		493.9205957392228
329.4152803627801		323.1600793214346
359.0007600077875		390.4381803535359
279.7983406635236		472.83738241558285
349.92696614816555		407.0220491448533
295.92004522664325		411.36114054136544
286.84859967568565		524.7535796550948
402.36387414296956		294.54371001547867
423.3013098770156		437.94794432960487
295.90986415173546		382.94213830452344
326.83249496556107		440.8415849572888
291.2287944308148		368.7941669537351
481.482948964157		424.48143866183153
279.67311362036605		391.2615708424006
298.38887914287676		430.69157208242086
468.80015392223095		373.4168894029566
294.7363367228721		348.9170570278089
334.29114340136294		386.8340477147739
340.3094642353732		326.66751889359074
369.19467499214556		492.86778891281165
463.7434631266114		478.54445880835385
447.8617780863251		293.9741388119902
373.90624928122344		469.2229892124515
296.6937765854283		347.7670459170419
311.40061598979565		311.78722426664785
387.0391635281662		314.641715238262
332.98500363513637		467.8846615998373
532.9132056237934		341.1016118724366
459.6390170721206		297.839488069883
363.2152466987171		330.33926650205007
292.05473114951246		335.53877218016004
339.1340034863308		388.12242797234046
335.77853423569024		510.33875412164775
311.8872664841882		358.4115879510435
369.645184849791		485.71722590741564
485.04330908436		432.83191536691527
272.0714588411508		455.640486338777
301.7888879327216		384.05037406208834
332.8499477782879		490.19077384837715
478.62686544867097		395.43969677656384
398.3703453179682		402.41634037229363
392.9266897058733		312.44064154586636
350.90312428967036		433.80870823651776
335.4399993884037		488.79415233589873
309.70423291397674		358.2427104082335
433.3421583791454		423.18084131366095
415.79777335033015		423.4493762261172
311.20725570248015		390.9718335393759
383.06868632747853		426.22190802198986
432.56518844049555		450.95870949414285
395.56731039043706		308.2196689347204
504.10669077059384		512.7430632358006
321.28302207493397		334.8102543026715
296.5618614747907		427.7846699386777
433.37352342699427		444.6539769312331
370.96932787043283		323.97329838037217
302.1169399141098		379.4595592457102
329.0514546651627		399.78796640486286
333.17447367184184		407.9802118913514
311.418019830517		511.1109389227846
439.87260180282453		295.93340428455474
431.06450616934933		492.1742613163142
482.63737956325957		428.9815138311555
333.87505936888493		481.36164158585484
438.9413975451907		274.23624420226236
360.9187165272039		494.0121315363645
257.7742069090172		393.4024208886762
471.30130801605264		406.2574369783727
483.567687977961		443.99943647347226
456.05863121411994		316.9667775700033
494.6715195279624		396.8122307290283
507.1901888138473		430.3059099258436
317.38877114570533		413.902116640988
309.01771232315394		506.75747508318926
469.52267742164463		327.65784058721545
362.56601671195347		272.6118466187488
421.6727211695954		520.0304183448604
337.4465790061216		351.4935889880477
392.9237326924109		335.373221961168
377.1052628536929		377.25970819704526
379.1055829855578		433.0214859187479
307.0017516688174		369.90331776741556
343.9300415428652		333.4272329424008
245.40083332032884		368.7675661927824
491.9439742115263		529.755366585865
413.29334211436463		427.5957914289407
364.64914384977914		396.55426071476234
296.3985074534719		466.8770355721886
372.56299394989577		496.38125423214586
385.7677856915014		393.8765428206828
478.5952673588886		463.03317787101946
305.47844046491116		495.9059875452414
463.2169074650619		377.60763415774824
275.88065910640626		434.396318277621
498.3884729344138		448.3816158085166
447.80047694668934		433.60789066376583
300.89798260870174		427.0132258245616
370.23286154800496		513.7425564850784
437.93554043020913		491.6816343577748
311.82088406704224		380.5655655152437
350.93521056677093		360.63538133393797
286.0570157953608		413.93674764298976
499.60578603013886		367.99643953162126
424.16065601230616		316.982686459349
420.26615578346235		450.6910078727349
371.9489053948529		343.1388166629137
279.31631872492557		412.4908596123975
327.27958641181795		524.9061605365243
298.89042260042146		444.8958326919555
511.7767335993038		388.64576283993676
456.2890428709063		500.5691867419836
266.98584615096144		505.37343603837763
323.5862958138486		361.04286006822906
420.4700100930478		297.6314567829494
372.4688145251283		506.8173552269996
489.6175083789721		404.96115070900146
470.5728712678973		471.60614197238505
475.9765140972763		427.55056897747147
246.75141274567568		391.5641383042527
479.40432825833324		428.02582680075096
501.785792636168		479.22722566837444
429.7510750527997		503.18543400885034
347.53568505858107		363.4442521989466
399.41697944222733		256.0148012876758
334.16608093936634		439.0795277557801
527.7713416472163		404.20870259170596
477.74541609435715		467.31997885707864
330.7289954642095		432.014551280788
468.2313588313476		468.874534432479
354.629436952527		330.36573522198
466.80602308933584		391.4719120509314
321.378889266371		466.23641648216955
530.0074009661322		505.6837416045138
327.8928995889552		564.9454705144585
383.95501439143436		444.2441634220238
358.69316870231813		347.5610851753496
402.3412095073249		423.9173192846549
468.5671212411733		466.12301697238263
325.18972598462454		405.5446175375526
346.78859823812485		474.0113762518829
328.95361186685926		509.7589546283744
337.4771306040593		401.46745820040303
330.98300381639234		432.0550926289863
319.8659112240164		419.15839589085397
208.23870288750408		370.2023825559564
306.4620986670751		470.8497175142246
304.2030411999804		408.83727458254725
369.5049459299222		337.77632224471074
269.7544966942687		394.21376473008
303.2751943562609		376.4800616203612
287.81960912950524		448.65396139984335
482.32879310808426		404.7410218736009
288.2429272763704		372.832873782383
501.37566824740355		426.0469797878345
348.9743651893332		444.34831874920695
460.66237933017555		467.7373941938803
390.3083511005461		459.7526780545395
263.4224789710805		383.81667566067057
489.02457421220095		414.4922141768664
399.03593164322626		499.1668456385372
355.88544876981155		502.3379373041756
329.48990169431784		429.6314924415066
328.57788793623763		310.9637844332219
405.76051748344236		333.01204060004744
438.0570365322917		533.16213186069
494.8258208233519		442.762931966462
461.26993387390837		504.11259009702815
314.59820262828606		307.5723421899052
408.145924609581		255.44968334949868
353.6121692629881		422.43976468509135
551.5206520000434		388.5244350658421
265.51760512321414		329.6202978952406
329.5961271876647		469.34465263675463
378.58898058554706		400.00487531308164
401.5316596992316		263.12049891929604
297.50944838952597		373.8384948271545
333.0865474758913		378.233650596511
357.32578980464234		410.8458298694596
471.2169566532662		496.9199943134247
268.5285076201809		415.90943439830943
360.58831896807607		338.74911651998275
421.412306850098		429.20416244094844
391.96158080587315		463.88831629924726
225.23882046834945		425.073239283004
320.172582001057		361.1508075106527
325.1579406657671		435.8717678547498
348.85037016505896		353.53406196308634
349.88017041315635		493.3019802688513
474.1064200197795		404.8843098133746
352.2311558944607		520.339232756338
530.5802019733046		415.6095364470545
311.50600516474395		414.1737982738198
432.85746987754123		424.7920111144619
389.57479442267123		362.0537621218744
352.0078856405247		409.1340622516035
339.15705653399493		380.3371273945206
253.25163391727006		374.2440721890586
291.5598836094945		492.9738494472578
510.7926686515335		419.86913731326
402.6790336717875		380.6746223830916
524.6171971536452		392.21014666947417
263.8102893534793		379.04400560178476
302.679538043063		314.49578507525024
507.4799048036135		431.0957732721592
346.9694871688553		291.9999529686253
421.3022066619415		429.8561475313998
316.71570764830255		346.2189775423394
335.11436194987806		459.2043354437315
382.76472238063366		465.4103907450337
306.9372061029949		402.2488910835239
328.57119514724155		490.8644015265353
467.2117928322687		429.88243540646533
506.365865457424		494.4160233254836
505.10893708378546		402.3707747372853
351.3254037240295		348.6989669668932
459.11751924703833		374.86560354312627
316.5209256426511		383.42109276969245
303.12090881248605		342.40201660948674
479.42198280294343		485.6009649494665
346.2108023395629		433.0028817058789
486.7742188389022		503.1066260483765
370.1888106886157		361.7908094963272
433.60467531479077		490.24543991303176
497.1052117860143		478.2891664834521
294.45768083331325		336.2328136279528
277.410272115593		505.1071126768359
374.6192807968733		513.3794368224253
340.29242460201505		494.31251899492344
348.886323526292		385.21345673846326
505.43876552214704		364.0516244105055
378.1080907265525		270.8340819067744
407.51984671488754		280.7074418356986
414.44092965396345		505.35745974386134
457.27899178810856		454.7129834192594
509.61996324453816		431.2696074233347
341.7403804645355		473.2444325088045
374.17261649481645		397.52762363519287
273.81112719051134		385.47008535956877
481.3232421046727		413.63686500274355
278.7702547789612		409.94495851998954
401.2167022109592		385.1020762220006
527.8656055137529		430.34615773165086
293.3405949136716		356.10318915961085
441.9163369477888		424.23324349482783
473.7215634607854		407.89957650179014
439.98038351902073		436.0911635581599
453.1641078032368		424.2844069559967
259.7513299066852		344.9513486003219
365.6038989835238		475.64552142243167
322.9333689037811		335.4845310209645
357.0056152532974		485.84016935420993
462.0616883437146		418.34521178009203
496.33341253003584		387.85519801711723
296.5590991838787		403.161597498467
346.1300399062802		375.404266576184
448.3890034444565		438.8165706558661
315.253102292043		459.98194800664794
393.2831205909778		286.0110776859342
316.5095770949078		339.79565023783084
338.7178509363173		331.9444279395438
316.0529020759658		390.0098257893158
397.6103517330486		480.1574667149111
402.686185131406		425.67086061177315
314.59264780233116		343.5709712994619
309.862612122924		501.483931050362
414.9411989102171		319.8616264220182
347.1317818820334		535.2257182615595
332.9616708269572		464.5764325783815
359.34338811755924		409.31421236458795
349.19679840097984		395.4573547922255
420.6454616190922		340.6215715316663
441.0053435138568		481.8780981793901
332.06001297834644		390.58255357981733
321.80693321542316		403.4251383298826
511.6567257671304		411.4793065853437
340.74830636886503		410.7661976130882
430.58248055156116		285.3578937325038
432.03012908698344		421.61204385812795
386.32611148259866		437.7983601741369
314.34397174061036		367.07153826690836
425.49806005777566		479.73881411346895
265.42845688788134		353.2214927501408
337.26386466408957		387.66438763161585
371.02749104075417		485.9244011185032
336.4238516131377		499.623576971731
326.9788589992088		343.15818611659193
271.646412982444		343.2246105153675
356.97185663926143		413.55420494396003
330.147490109316		362.0911610123282
279.20763913435957		427.4291033806734
341.5336557348017		457.72758701401017
331.03554524503164		539.9709571160412
332.89287870712985		439.244266045842
458.36875800782633		503.19112804585814
388.5106425864815		326.4284257531355
386.72541486045225		323.1013292629333
276.47401238573605		400.57877774275437
449.50291716093767		388.498853662543
256.11359834357074		348.8747077668887
327.90902889008237		375.92049861170943
416.25410734920877		448.148737997624
300.9815603143305		434.5923172780711
330.0117947076932		327.86463611795216
468.40313545823017		391.6472591225202
411.4811138183777		495.7376696944725
471.3270689530042		439.907521983222
337.01108769199834		327.6462295853983
315.78902085597576		387.86263255483726
298.8214906442232		379.86041156056035
288.62106861477184		416.74581924482396
421.6703469995756		282.92428078297723
494.864025815457		430.55053761989484
417.79628125296404		339.46697015815596
450.6651023907508		408.1137785256672
442.16939081117357		420.1705771432463
278.8511882203884		446.03780843690674
349.0552833782745		365.1200888356876
456.5044717879302		326.6054552522075
287.63019184103325		372.4910917387428
344.2210575405156		436.3160145210112
357.9775134912079		411.93801181138707
321.45760114997256		529.474471887609
312.82106401626936		416.2416671079086
301.9369183307854		441.6126795041289
365.49619542229794		506.94482530927354
249.39887201298882		428.56047047634536
518.324767463754		411.03559062265134
302.85245737731077		474.51421555793894
380.29709998012765		385.48953765138623
331.5202087797936		352.72780616937183
318.2028232312106		530.0107715180001
336.85810787929626		479.96950066726737
351.8249944789283		484.7727407061035
457.3191621792714		277.2207926199282
392.28430184870456		515.0236393100384
340.9441843129443		460.70657729984407
314.46352827606677		374.38506026598645
350.8525785079891		522.5550581391664
551.930984455171		389.1210932638189
475.8684805732636		510.0500697973193
295.9388364610841		335.0757842110134
450.8052032345342		402.58578697847395
315.6985552107341		340.02578897142973
426.31457523588887		452.74366560069575
437.2262813906725		361.4764383894124
332.2416691271292		351.5789788766089
347.5213702890768		364.70573966418016
419.2067418638833		471.6432345591264
435.3453664123044		345.1842129493825
351.74467466334977		314.2056877734725
311.745800795423		458.74957569979586
469.58830533856144		310.1989581698098
410.84184340656157		334.1004017208446
360.13660920356403		415.4736223375006
304.6678596897392		365.76764805237406
289.43286864243606		351.72183845566786
282.99117736666113		423.68825546832846
332.68605574743145		464.2182706871442
324.5631742060206		483.44421306593773
471.51179142787316		465.00383567235883
336.41567981319304		407.6448682874965
448.99612438763734		393.94431466533666
283.1881688508978		415.2211573410411
387.71547508212666		491.4197689586909
331.13963051157805		400.0159480249056
319.10231310101614		341.4176303209518
307.11164563146775		362.2327847626719
558.5000355267506		454.9619653272003
465.03828766334755		416.5163109214426
302.38574229776225		438.5402707221409
353.6560007920667		427.14271241744626
230.8602113145825		331.4347784717553
421.60527379296747		406.17337109212616
493.7377066261383		412.0072106775537
449.7068932309901		296.5721243196413
314.4584669795037		451.92509246289575
377.5795007096128		300.73319139832506
340.95406028689763		381.1812818948262
336.0172507868234		380.77861397097837
245.16279551125876		374.4864659668791
270.09551377606454		460.5586858209665
481.8076184865569		452.6083156780935
415.14689252164993		391.02149975125246
338.54859340823845		353.39748420893005
281.47298645556987		337.99232552678325
310.03208959424495		396.6032484115678
401.88702175734375		475.95983589230997
371.68701403327304		402.3257487329908
288.3547436843535		350.66499310435194
448.17985552070985		439.65754618396494
434.92303126253466		360.992415459338
435.638427307509		481.01129481665635
286.75807336686245		443.4132812678697
339.2866298144229		466.4790608503253
359.95500243550947		322.44366617458934
329.3476944402023		522.9039464428198
390.5066599211451		486.1521252497371
402.034863222039		505.0211408249694
363.3282834987617		501.76409174982564
490.7452703001053		466.8266048769119
403.45367204601644		329.7768117236345
507.3513399881206		406.8453924647208
364.78499835658477		507.0988290923467
356.37525407075367		374.2805032194952
506.3313291674231		380.6414948636086
432.6237058705501		475.00447002472714
436.1609179179572		416.44955163799625
340.1717681370949		449.70978511444883
341.826218053081		362.8246636576227
484.9106059445646		413.2999903962166
306.8600212399715		309.0526756418453
316.7248139458318		475.37482742562173
314.2514440365868		491.1596017667197
271.7130571850431		344.48558836706144
256.9274582755327		322.40519637384546
419.1786810609156		355.7978218125736
347.00067657248644		442.1804546861602
449.50742229119464		481.7616673183361
349.0443516848608		457.85792717890126
458.2810713299531		468.7545577315694
336.92171239676946		364.4756729517685
297.79675691200697		374.45059379160114
273.7711810135195		401.6532160892638
476.4937937657165		456.05956009219335
388.4204080450464		380.7666564563332
367.61808230777063		356.81916398641965
430.8646294594688		436.391320008112
336.5113231045872		502.69421456459594
316.91271350284165		342.74898738621545
419.1771649862434		475.7578170273208
383.0058838238641		388.60989907891445
317.81003339536585		437.72173021623297
403.71706391254224		419.0878223594377
319.5540689092698		551.7176422054266
311.82014229467694		378.6588667210668
507.12589829533437		361.99634222358054
293.630627362014		364.90726763599054
449.3218944044744		499.96876111402736
450.9645803407876		474.010154036582
324.16979086822016		302.04465458774405
482.92670750049075		513.2270025843139
375.11699082732605		420.61588579725833
359.5142371837604		383.99601085313674
276.66887113290954		381.27806408019114
267.90633258043		444.7140429100918
524.3825688431393		415.0962705217886
321.96687690398994		365.9177312433969
429.0964362308622		529.6853383579275
320.4543642445769		438.83961498803245
459.60637814937274		469.1649560519685
411.72338668087417		307.4865622937127
253.41510924959195		338.8961528025701
429.7614103002674		390.81775504653734
326.48845955024126		337.5035059170281
457.8557747013924		469.63525016088437
515.0582484871378		363.9386788025203
424.94540103854655		519.6317701069811
401.03803114230266		387.19292884121563
316.7747566947885		501.78919703203997
464.6474127413575		445.2922572483861
453.51246179515283		515.8533114300216
356.56064722222203		494.74760938558785
465.2990916091706		479.2892555084575
448.44001610244607		500.88860902310324
259.67418909192975		355.4314500586451
306.1626473351066		423.3421521122888
526.614412881735		425.49866487258714
379.5088499054012		352.42094681782726
289.8003889682571		414.83203187157045
270.76585037686925		446.84250575161724
440.4852045164947		444.18459121834417
257.8305850892265		407.0169889813736
327.5083403759994		377.1671023807295
214.5494645094176		369.8840733227224
346.6772324288902		396.07604729543675
457.91289824695		494.94121553260305
386.2347432132524		328.00176706906007
427.42643375808024		452.96578033942797
283.72008644936716		402.61897405101433
368.8095096459314		352.29369366952307
302.0807568537103		421.51029383208015
405.0718805160292		378.1433446991527
364.5762717336914		378.84100284204374
464.02684861607275		286.94081289947815
325.18215767028585		343.10542332069184
382.13915270321365		450.3132169961075
433.2984037349297		307.7657430430028
441.89065643890035		474.33548661645017
394.9458953554334		284.12110987440997
334.2683366265839		342.6586766715789
483.373990476175		436.61679594220254
445.35163952478774		447.16975473058307
342.45022939625505		312.0598908932694
294.2289387320075		430.2865334574975
498.6734819612832		496.3352625747189
382.0087366249704		277.3645538254387
412.0523690759301		283.9261127615411
380.4473846015962		326.71649346583246
341.4314142257647		509.03168944545604
381.5293688961644		493.1035483335773
297.43359922017123		398.79770738697994
461.60482650903214		521.0701615097527
319.6679851251695		435.5062362294729
423.44266689680876		277.46841000879334
272.06010164524224		363.6822996217269
295.6859749454719		539.7075523795868
434.73960044898286		539.3685144043375
276.9977440244191		421.61995613762156
323.29771391256656		373.32786522254884
479.4963555991087		474.69354667156296
447.9902186042344		431.9867766604127
474.98452464066577		457.1937177580934
251.7342439340541		435.476565083715
327.65163080537616		348.7072749780668
320.8480283236972		348.7019279428546
293.66267952093347		304.94361306059545
314.8097556866716		395.30721895652084
493.1121267596494		418.7964490445441
294.5378342231184		373.39657768828533
294.7735659754412		343.555178904431
379.5615405561861		477.61853181589083
302.5532964500534		320.0317115635311
262.2807091330458		456.4446260664179
306.3557648213483		427.5845795889056
443.50035248155865		438.4264788481951
389.25763406905173		380.5196439585894
436.0333740354707		305.0283454935605
489.0992676452559		442.51101296318797
419.2292988806438		501.25238426564454
399.4602608725811		301.4768121759122
331.9934324989879		456.56519188094876
387.1795234999866		355.3814264399835
464.4520601324909		398.18528330237723
364.9555625678479		344.1453370938297
485.81485191127774		490.9845352784732
491.17082998855346		441.5657209211497
316.20608346255824		376.51815177872567
331.4506468277338		503.73573669725675
424.831800840828		307.7895901589918
326.4040745796576		389.45026385122804
430.874100499899		361.3722840807789
347.39911228364673		471.7939553218135
419.0355066129035		316.3823150404552
392.9438379494606		433.4299288114158
476.6026632455777		380.00198433561
383.71361206536756		479.66815819181994
468.0953133589314		469.71915471198406
384.2856591952323		280.6796840369718
458.8593309675971		409.204941678026
479.7706884035266		373.6329886283982
411.0323813728808		496.1265668815175
328.8140951412945		386.5583830482299
309.18200304449294		314.7169500388794
466.97496427928456		438.4090323931604
315.3533757149399		508.68085942499897
323.78338982217326		452.47273535751697
369.69138363588013		348.9686966105984
426.6504596434372		448.2801085428536
438.75248791110977		443.3294769081792
381.8658678683843		484.7121430975306
346.4552295434654		516.5882353454583
367.77284227899565		474.5786187253982
407.1245778256827		347.1346216969073
468.26101859862587		315.5115187169107
403.5072642157027		427.290337012989
501.94428717675373		415.711507999393
411.00760090717154		371.3830468427369
404.5571392866192		463.9937053221354
361.6808929556606		382.609759500513
345.9159866823836		492.3068017296224
374.08259274451103		472.54259550726533
481.31700048121456		506.0036426706839
264.33576759202873		478.2220345041214
420.2280790256744		468.39682543740213
436.68401447077093		448.66015048285425
382.22354687725124		284.35709766969273
331.2950677273076		480.31916711866614
322.38434809308745		342.79567387681135
308.1219714518821		481.73888792192685
384.9593711647981		390.8452739219209
309.4968705776115		364.6681340583791
335.41605649877636		406.0709741338836
330.730969347457		522.4774924057056
342.2639998925067		389.35296639831614
302.1537934559871		363.5045915008114
324.84480995449377		425.6064259812075
454.10189003552586		459.24321088521765
371.22971843796745		367.6945222506345
329.9828517836679		384.89186290044614
402.31693931165927		404.2198755279849
288.4858195856093		368.1044552078836
377.8986490160479		314.1706107245303
238.8782634448012		410.4248448940087
315.8379873567356		371.0477341043878
336.7517049930302		393.9808695061172
452.7106693866293		390.88148441983424
313.6314250403851		374.3919031284426
413.8663871790261		490.3607811839177
398.1844066948622		291.8985629261732
320.4625940517555		397.5778943277795
528.8594244680941		359.50654554378673
370.63126616502626		386.8460386973824
322.1420057158175		413.8763553857132
456.4278685191155		436.7560362489758
327.7370848963032		370.6946320165548
378.1381426183896		383.473183375442
398.7669177427747		321.9390906099492
442.3909312647281		443.93300641764534
355.5223101136693		435.09182270846344
310.1363307176053		400.52177752741426
439.317729510339		442.79701724114005
320.5398956017332		499.93934890986014
419.8450428280179		364.81328271335605
314.15257415156026		393.5903730900961
448.2451320152956		430.7827229098033
383.832027333821		540.870267915505
283.9955557547944		417.15743148953584
374.42461098400645		285.2169674543346
499.71804707047994		370.73203816221354
352.9031715476185		454.1599117371897
452.1284295030969		400.60405330158363
517.7916479061568		430.7775256531153
363.10954238926115		404.74314954872085
369.33272434031204		355.8916397580791
409.3906904313143		390.89422751219206
281.1635927935806		324.3556238898228
377.8928302087536		313.56196530239856
454.5056094354562		456.056199571742
342.9857555710435		342.0175025367743
317.15778936230726		406.6831278544798
355.7076844652197		431.4379955981745
300.88324173252727		442.6644728888859
317.2557848621981		384.0845692281777
286.23424555703275		328.1252572216083
496.5684840957895		374.3752223214623
443.5605745937231		401.5657385047593
476.1252721217886		467.00297329215135
438.2130021918016		462.25920830764045
355.3646219075684		379.7716706796931
341.26546024017586		379.55121402793804
311.18552179343624		491.002570964736
275.65336709426435		442.48365149224264
295.2644502809871		344.56818170281997
362.25916244915743		493.52413999995815
514.5391066501528		467.9848914786693
440.3501934548568		506.5304654396165
332.35677724984004		387.87259381536273
359.62039276813897		392.0762029272121
510.5104275826144		428.88068763713926
348.283150688484		465.58808159915446
301.29818299750673		363.16037566674817
307.1307523620217		497.77408359657016
340.02442373630004		420.76187491976185
352.7098378102852		309.3898839638781
432.8068675832473		429.65873566214276
269.5985296125746		399.759861849566
301.7417254586251		470.97277328611165
318.79203220460107		494.0169245483093
305.30656166136544		320.654483019286
404.64658106997973		425.61258272060473
337.828115415769		410.8141785901287
438.4153458603545		494.6368858426658
562.6521651287854		421.1741625789436
380.2884193677727		394.92613487579877
365.6456077147656		497.92281129248687
312.51088419503105		317.26199816632544
418.30700760290455		455.2330421369156
353.669157801756		414.9690092151602
435.41723182486123		495.6387658476391
304.9871736695616		327.9177785234102
343.2863569542593		384.39678804476785
267.8774150480829		342.16043621936495
353.80484022068276		378.543061771
410.1552981091587		518.9153996949289
416.3255447792302		452.97058697344914
338.90103398687285		458.4082786682589
364.0239875341482		394.7633979421144
308.40646409824876		421.67432840153356
338.94617298290285		335.0398703998337
418.87942056881394		417.0959533576287
360.5578095072664		375.64147746537
359.7361616363694		473.9880063857086
412.2016529416752		381.7198778389751
528.407923423939		481.89792018230713
354.05463932659035		334.38170662375705
352.0634188172909		355.49480277761717
315.6864365915096		467.74023094274924
340.4339980669794		383.34226797207964
456.0787534111065		390.353685871329
339.61937107383096		315.1205494778774
318.47858946383985		363.73710531853936
269.80199196372297		350.850981831465
439.72372541320834		314.8186306775579
316.7637944246739		300.6072994320377
339.7385701172649		385.68054701289753
311.77324725873626		476.852218608865
455.8839700764893		495.86351996271065
541.4435843174771		445.444419638642
266.4106748371294		380.44453172920936
385.8289448784619		315.245891875617
422.95085996410876		318.0743189749452
516.9992539084922		402.3393769142698
317.58069582725284		359.76308536259216
453.1133362926007		393.70115963974774
291.3796092442328		305.8866953332705
401.4161634695591		424.62763051907
378.1987670032908		501.8729175560653
405.75276602692185		414.87309923231186
346.8448712731669		358.4265138124186
402.94455855494283		317.2871412914508
304.5251867165764		341.8505885665682
364.98719825563745		377.57852180096785
436.3381315435979		529.953765955106
302.9655655871457		521.9094661203607
527.7067037104584		385.04056435710254
345.1446774619419		391.5649113428324
310.85187128841176		379.313043697215
430.6896629084544		270.9324386869145
370.61529233936835		303.65141243248416
359.5786082930559		406.64003065803246
545.0490992662533		376.14291205380744
346.28180411233575		501.75528766511314
324.9303237874908		359.4685353864029
412.88260971023584		314.0828523059328
337.57975199108415		429.4504908654871
341.0252875533119		461.35562974400705
331.9019151221988		423.40841420484577
292.8411620311633		400.8982909343011
376.95506991402885		516.7439838704548
350.7410356989722		418.24945782126383
263.8285551295256		408.85501611861224
343.8682871946304		445.4355427907591
261.00450034089636		351.3859969326898
336.4546531974697		463.8832071284709
535.1071759707096		390.0725601867707
409.40208227045434		290.9036475417927
329.6031015947819		412.6265375098531
344.18417322135457		340.94276494086216
364.4390218360796		361.00269448235406
499.5712520096474		431.91646147314543
412.4482703026812		315.5035009636589
410.7586955623233		410.84713141820686
417.41111549027084		268.009787957343
330.2680571520808		369.9738310030108
278.3042233226637		406.402671996324
400.06837158945046		290.14225081758565
264.23708576027104		328.55957946288083
389.55798041839523		328.77198558862653
373.8145809726034		302.9536507696797
353.7273537045613		435.488893042075
390.9381664456329		351.3576054512682
356.97168667692847		438.828929194239
309.7986378893498		370.74847516668206
358.3703214486036		397.61002995594345
390.22838169548135		475.529942212651
285.1425932809597		321.65341811326624
316.83294878337426		322.91165134085674
330.3525541508446		535.834888177944
336.0590372998746		369.4931439206902
264.7779010103064		359.9437281829908
400.90814415594787		329.8809375773507
309.94661451224215		346.3521288260693
388.2030442071079		409.65262539301017
330.83332192006645		458.16725396304867
293.7414229932262		456.6342615347316
361.7409067469765		406.3591748848034
367.2968711995626		365.2400516071647
473.7606947309693		444.9433068069111
292.3657953159687		346.674530819736
419.9588063928249		415.9393347642171
483.14934797414156		451.7420510152358
502.97196086741		410.84250799103233
315.59541670188037		437.3798784312619
350.6312176857503		399.6222267264938
288.31534899186175		368.44512914343306
516.2644590522141		423.25331127534565
523.1931788705398		387.9823663864669
314.03757343715057		518.9650663666071
346.91032523183543		411.9034633133904
503.3149212311919		480.64203195901985
459.8495174282388		489.76312143967914
339.2344048208646		499.5798650390541
499.75428195184753		427.1333286970433
469.2127583124039		487.1896400564075
289.8040239798041		404.1670071010036
333.54100910891594		488.74396432365637
280.6120331923262		405.28378279112036
310.2327047806357		344.60868030939815
303.2416972905217		399.7805100073904
296.2218452082443		390.2327998302986
360.3769512232205		406.50800827579474
326.2852478371256		430.34570040469407
426.32890422190025		420.9126220758055
338.81017414596823		431.3205600422346
299.23405938396775		432.3768391010443
416.94565521598656		389.9641171279752
295.2451698237973		529.2146482728889
396.50497232183284		491.8943337115955
320.9063234090332		529.4026881590326
414.2625960555805		412.32807114332905
417.90174493630496		446.7349650970893
310.50838499654134		415.3252508950265
503.3952867242792		422.05211493044703
360.1516882300079		408.69529192242925
445.5072457492881		299.89139487357096
521.0287166465746		395.8064052705021
329.8989671411679		484.76918278019593
310.97377718065195		378.72734044197574
297.4963158325711		370.3330029623171
293.04076388809773		424.6247665516642
309.8506019624603		396.59039068580347
480.58656027508243		464.85354509525104
350.76583945917463		450.20837474753625
399.462382954557		505.88292643781983
334.03837064498816		285.6573642813314
380.44242933614174		425.4377488267927
308.28252136462527		393.71113989435867
517.3178979055998		445.0315526967705
450.4538804756655		479.3266909807025
485.2885019049638		475.757237704305
346.35278443585		362.0222887417451
500.8687230126022		393.27654137664337
381.37517979382574		257.6286635480642
422.27207396411234		281.6239930762314
298.411991047182		400.4639944090902
291.0504724798703		371.64030995624375
343.52004087482317		538.075717008064
266.7499682195406		332.2220790107871
315.20250339183895		331.85787152766636
492.6695627610598		358.03127266096277
335.58649887412724		439.29227633145456
306.5843502135922		325.8234734223231
306.1570201740892		376.2525599080253
367.0538211887823		421.7045900337606
421.73384780523304		361.628159505386
321.31149955245684		359.872431841649
296.2462698191522		471.5896178807676
330.83603875522635		374.32443622817306
360.9970650388398		394.78585566862824
356.42768088023223		388.35933321909783
388.17026713055657		421.39136714523767
336.32152720281044		351.5425915171073
307.54872059551917		395.4927898338808
354.5332780148256		489.0845565051383
322.9703015243535		346.9454347655416
322.2804232137365		300.7693048142226
358.36257984810516		503.47078346577536
283.28041459813403		442.9539565626202
312.6345965153422		358.8089857221232
375.90854812484275		462.81648029751045
401.21902523109765		477.10681162643886
388.58366124208175		462.9108266126626
294.8647163575092		357.42667540417443
301.2397454879533		377.4518947805903
455.3168900413356		522.8514952938508
310.45979209567236		462.2813258237386
360.7649879666166		301.6598189375299
439.7398720540227		453.9889695699865
486.52029104741564		405.9719596272662
274.66750628408903		399.41529602292724
462.0181393487924		456.10704299533654
247.3093795261832		364.39848151134925
304.3220313371698		347.47681884450725
379.2865358750538		412.7319829347193
328.8224270858946		334.8454994580016
389.8635193472476		315.36270274788967
412.39805885298307		421.26606083373986
492.29005237661187		408.32564276921414
311.99104915428876		378.37914674530396
334.9870824063355		385.40350866074886
288.1797930388881		326.8753259561849
414.3743758406065		385.47995165073655
513.9310214601188		407.21416234295305
414.073049860795		357.79611413245414
343.6892368868073		457.76465898561435
340.00120366711224		368.69352094940655
494.620159729902		448.3601854337134
328.4297411828787		446.16913628362175
477.69323795678156		399.4890783874603
438.8220207655552		409.0102882542054
395.7749112901522		317.12677231290763
372.4537569935795		421.282505970515
353.1023685867515		337.75770179760684
317.52222990923855		372.24106417989054
372.6155157613222		392.61066077733653
374.219892149075		394.38232781824274
470.8526634459995		487.99881643024224
321.5118537026157		492.69935618754687
354.5249058951398		391.6210956847498
263.2274933824872		409.23120294282535
388.5013969300461		289.55156455565697
391.84719777941837		261.5185301459021
501.7177126944695		428.39487899193495
420.7432477628474		449.15038715413783
415.1585129572436		328.90032726077624
378.28504444135814		424.4078009195727
276.6687014714487		360.6706930731097
453.65006800336647		266.2344492975377
368.27378446406925		411.77033665014676
331.07321338264865		351.2302061431966
309.7981954792709		512.1789494786195
300.6051890995908		303.3887751435175
403.55958682739487		515.2141070630116
290.84366835793827		419.4701775693969
262.61985935721356		369.33378087946994
326.3813882448511		359.5456706786447
440.8034628115119		482.6879857311937
344.7938843282131		374.4637330946177
315.8972698070076		382.3186559922187
410.8742701134545		495.92974887504505
301.1504353250653		361.47171990175497
308.4812599539278		407.9952278460717
371.72428606121116		455.7681834432623
342.23818429951706		462.4959394290878
451.22739215603787		425.60260574988223
392.5578623271737		454.5972670487553
306.9406577292682		330.92204580887767
416.73272618986584		299.16449891164035
257.9524134417094		454.19549470714264
319.5131135493918		456.50003365911306
455.7753545917887		253.24685962908632
275.355274627468		414.5997056778909
403.1601074254026		472.2083664600866
320.32210544963266		379.7013976122143
490.99324599119353		513.8460162491241
370.383341861359		456.808482271465
540.0624163336151		432.15301969331705
400.3527285712077		382.2655798245611
416.6998530311755		384.906216352242
303.4967115494172		399.07471626765187
336.39826664087997		456.9085309524168
322.53987168065294		370.8038029095763
449.6549956170367		386.3848514407929
425.6783923048959		471.72653129151416
510.89472069801764		414.7759769384971
485.09071537963825		454.5315950324838
204.08172365716445		352.1910171456449
444.70843373281787		390.5006115628946
492.21913024915074		453.38842158303004
338.1741184227482		372.4599342594967
301.2653922005623		511.8701145808102
253.6251989167678		332.9438351643656
360.5907659557799		300.42942165920925
490.38244325739964		396.6805203957891
348.7550440286266		494.50245156000784
343.83993207828263		416.49520581927845
416.6958685580848		353.7072359851175
555.1491968827623		400.3428961676619
327.9120742020369		426.15805655087297
303.9656144420971		429.7013106616427
433.5396970269473		438.02019454357475
359.5619756054052		433.47695427948855
305.2715406704992		340.29640759561903
416.96258469747653		300.1043473592277
530.4278656842298		393.82215469717863
419.4865513836899		436.1300836111438
300.72113269703584		435.64974281785885
504.2890455558056		423.7585343887236
435.15936107181653		488.98498866649896
470.75153188778785		465.59980943696127
350.0118267397786		401.31172089160054
311.039544621583		367.4210584873491
366.08112137027916		414.01419774388654
324.05650287636075		366.4941354600156
516.4380929556647		429.15806050713695
492.8397952368024		528.8667479569306
395.3986770607209		455.70182443515404
326.71144543982433		467.3834940632884
430.0014029960892		411.1453957671779
339.97756170890113		317.6359566994544
321.21456304535803		374.96111729513325
425.36485064782045		255.32144533503399
287.0735782199287		447.8958100403126
478.85828798519344		480.83695350739225
342.49999819994446		397.00662005285017
290.6864830815171		381.0598406233632
343.16638799508894		377.3768645154229
299.5571599642965		402.9341305593836
290.95023044278645		433.6636187546602
538.6428708322386		371.24145180929645
517.6120930213636		397.80511734173433
282.7003804640563		384.3442275640674
427.0445287167161		442.96928792311667
308.316589218022		352.1745544685693
356.7336620770064		503.3221184427226
315.77415778201356		420.9555694193877
409.2811908235186		400.5137923533891
316.2455812983028		483.6272267721105
468.3288040272312		390.1301354339254
437.04488285058204		377.1165616204827
508.0735444814492		400.3584896620812
280.2608855831929		374.9891553466995
265.3954534751446		442.1955039932866
329.0958627873964		404.912344410433
437.9601861966924		466.69056071278277
467.62217684142087		353.2009099291626
349.2806358411204		467.3279473866084
249.5956991713798		459.0418971096402
374.78595091005195		458.52916391820816
398.61351844873957		501.86713295353167
308.5028220892695		531.4379101858137
382.1327515572539		300.3935224854283
276.3903548196465		406.2042003987489
488.71231023216603		403.2883404456396
376.9524728869909		363.10135456194405
416.0079210238565		297.3006824060919
407.30021409300485		263.24275956638644
478.5466003656088		400.1642652414383
287.7681531968266		405.33336411598685
339.18384662749514		382.58811289102437
339.9115697543911		339.86777018235796
350.8113945237134		407.0082863355164
325.21150997893426		331.93846995900947
399.0013273208011		386.32327975911153
285.3191493852079		476.3419993943433
397.6472758672882		283.21995421262767
440.21195938855317		453.749162541432
308.77874922950207		436.24826615659015
334.22505508294705		490.94636970438825
310.9774064425133		404.79897771597626
284.50016083211057		342.1363382807165
322.41864503256556		433.14645893579745
331.65671539206284		346.1818062730846
370.40825843295215		370.9602602538273
327.38278873862583		493.43873493163863
335.8802058366609		301.9279242676031
409.6633020227887		439.193221575874
288.83831168377696		362.1996116206503
445.2022260022344		386.1163008896898
307.05007303785874		414.3551987573927
488.11711390017933		439.1774019909872
324.92652047405346		359.2583827450098
334.70900616664017		318.42655369751543
347.6208481555171		338.065006863211
340.921984377238		484.7469849708561
336.97469055293436		492.08286034772146
301.32780886783087		390.3195587281529
403.38065427863137		447.3601496214678
403.30816853358044		448.97098788861285
464.4886369771512		417.126120717722
397.410270288459		437.74563129678836
315.8665988233332		340.7472660779755
333.39998466686365		452.2784672826769
495.77618214986023		391.4675457320784
367.9717978323924		434.72575505371344
379.9831313561143		438.80706381685985
338.4010368555263		429.43553927947005
499.7132410801108		432.59948377293733
421.76828159560887		296.433460564643
361.98556690786864		336.77634446319996
411.8260728363051		350.98485154601707
329.218124223195		391.1256172670789
481.4595054371571		470.82035190778583
323.1268636126759		429.60793841960304
273.1852707794094		398.48576757467845
397.35578762915554		355.8114947698767
458.17540187502635		419.004545013968
412.21426591440013		406.72372367145795
368.1849235000683		338.1812618518015
291.6094694434391		453.2154567665965
430.83205079702566		389.80825488040637
287.22345690115225		285.8985598813352
273.86162932376084		364.73418447460193
332.8784279731917		379.1318596977303
428.3526926984793		443.2257830125252
386.71754427475685		416.1016898921009
312.5412405537365		447.2684300939126
480.61120612528345		409.3673214232906
426.6983881462223		491.53295464566867
419.5448340198472		255.24999469651317
384.83149921784116		469.23265544860413
387.600308889436		449.7476688666147
306.8410885682567		363.76730846323943
447.25263346465863		550.2368249582527
299.56095117786344		361.31483654889917
411.7348965881507		313.78756438040705
397.93777510419204		253.4040593785198
308.45542935376255		349.8091971370098
347.5903936527036		401.2039165128356
348.5996176568989		495.7967996393728
374.0116218460094		392.5666958255882
303.42535303099123		367.49108661737444
315.3294672906719		334.9931569484835
306.5603438224362		435.54468622696606
