531.1630160733373		357.68744388989387
448.45920792576		407.9500002434361
455.17834792899225		491.87519874376625
363.30504786109134		491.609218298138
342.1462231172932		423.4084070467536
353.304596474765		323.40735998472474
322.0178275688404		473.3922040444412
326.8911651037073		359.43847755627115
328.72381461403666		426.4913823161105
492.47634645743324		322.78137489723235
366.99498016277073		442.86009264480964
390.79184451225433		501.6452813474936
325.6132753336287		421.7701309389649
435.9151363001375		419.7802216019203
315.4484016442582		479.59763892272747
485.5256420983426		486.0504606778086
393.8494032912165		398.3092134277056
406.62890190892165		448.4672300024539
418.41489418023326		275.56255449135745
470.22445510059003		311.71752691217455
418.36896901765266		358.47670955044833
328.2814029529383		393.5406282139289
336.2236874897437		412.6438291546463
372.09631208210504		374.4643056868389
472.77253210995633		462.29733435960947
414.89256043052364		415.4195177156103
462.87463722409615		316.13185545994605
450.7930668722046		366.39791785955333
477.8123766939654		431.2903634975819
497.5529391855416		466.3143145900628
338.9947242296034		419.112217075754
421.6760773727595		436.145205083669
345.79846150144465		505.3707376243243
426.8616172158983		408.5808977476143
246.75300748101125		399.68717608232816
475.4638096584742		391.8477226362868
442.7800794630786		344.254484296419
354.4928926579867		303.07045964199415
322.7168678902076		311.35549016280885
338.80726756444864		459.8184686242417
473.2460555187223		402.3105261457745
325.39616242103835		527.1683904191417
446.66204745662515		349.0446101748788
486.5332529119891		550.9515120698566
354.75318803884886		483.21451298246984
333.2884584346078		446.2084137225273
455.5474420326655		379.14040216608726
407.4612165337803		476.62405400420425
374.3179094519751		365.0226946991772
517.5688794363896		316.5309541873543
314.8258806847552		337.0383767018137
503.58736933873985		351.59642229306115
425.75184124824307		291.7618090932558
340.9756285749204		411.38213239123627
347.6228009587844		501.72687734601163
400.4631518634969		267.96856587950407
420.9970635883584		375.6976463019531
426.4403829330179		323.1226311656626
360.16010223747855		480.00647780514714
505.79837177567475		401.2619170440991
469.21099288953593		325.32248236815803
373.29726416125885		367.62410362807856
361.3403719431973		440.62542153634934
497.75458571633277		433.26294079441686
329.268755990689		496.7343194998545
455.12473771765997		456.0016342667275
438.4471149925968		442.17041252044027
473.7596787266447		342.66438636044535
549.2481807181254		500.36389581213916
366.68349384719295		410.8545774742266
463.750545876667		361.38733244409724
423.93022536172816		403.8879463469169
367.8065050069585		303.498947555686
398.4310810456958		401.18507030352555
454.2415105476153		324.37850252924636
464.5649092348453		391.13381571208504
497.08905528867774		453.2562844013014
311.9443697956831		356.7117346819703
449.444066860162		390.0905727181291
453.67714982842347		485.5655757473465
470.2651733340073		369.3366611757797
448.9947159511027		414.47395712598734
470.76412871796606		443.9940331961942
324.5922372714568		386.916763812317
475.714499697066		434.9506128830347
329.48887982436855		351.25678878313704
412.3343526984609		418.4061454564402
413.7406845808779		429.3292548353645
322.89740455075605		451.80950152713575
377.4686282897002		439.8133120530881
469.44460681209546		525.936840115277
396.74507904038995		327.84053373559095
453.9368231605109		269.42599693383295
425.62466666287946		416.2290607154049
347.8137103438465		378.3841891792916
352.77433990026924		434.5186347736239
468.3899361486828		571.6146527880014
468.49567746774295		504.29821191641014
383.4953525742393		523.9234088081364
452.4078890624047		485.44782964886286
343.1077447963961		476.17574296495536
411.86032899608523		450.1782343207334
418.8961104458027		468.90451032744454
327.5086643626872		405.40469759794894
321.2259958660056		399.37296035343417
365.0393518396846		453.57346198175355
478.03718786987486		508.1960160471117
341.981369551009		480.8766337256747
457.8877383229838		389.65661188343114
485.6837856042185		522.0790850763209
422.23987786701264		435.95451031403854
468.28657223545963		448.4959250830051
366.8964305446475		455.09488688680074
367.55318505996354		298.9202990474983
474.0590803096309		445.6521189347668
456.0296156008066		449.29116609739776
467.468703182282		499.4841293507965
445.2012924252747		389.3526456811893
420.077504845099		437.73330027342615
496.4458379469769		431.9284816154676
492.2507493283221		387.07672209570273
432.75870405197		350.5951076612742
451.5441503006129		519.7117324188933
423.0592312868667		404.81909723700085
375.324826114518		387.75571517035075
447.8857410648453		517.7574646766461
318.65515569382023		374.29781201959764
386.6020626050454		439.3130960249914
492.64270408539727		344.7583136227168
416.60454441391147		330.83949236991083
328.8274764335258		413.2015156122734
361.21356606104746		394.8393100674947
391.28801100780134		414.1981519650034
497.5378464619843		500.78941168879504
388.50615474915054		293.2934384517218
466.50501644704957		492.1068388908088
313.96535474321695		422.40785772290326
434.31313403752387		353.7816743852919
405.387568381773		278.59065254420307
488.1284319003996		385.7052577862682
500.33004460863435		298.492021004262
464.3774986706518		444.72994291984287
352.32899365440176		462.6343584983339
488.64447492270415		494.5066672818634
270.7539651334991		396.9554637726224
420.144853613575		374.26745202231194
332.2446966758854		448.13898446218764
297.1000995075491		379.4082498417504
449.00480663424946		354.4356391901358
312.93537620690194		349.5242854113832
355.2793661437011		487.1091365555767
345.37767766054026		348.1705999435032
407.0492198191434		514.9720970870815
471.58568860911515		321.0996379487855
463.00071393588445		295.9389394132189
445.06326850802185		301.99802994074724
298.36053366762786		437.3524590865921
391.7267453886549		401.33906166025184
408.0224601053401		421.6610832943767
439.30291214464364		357.72182420106327
374.0081778193996		271.6066446600788
410.9819288032593		438.16400469194167
400.68202683732295		287.68211769228554
377.9953366323824		349.68560631912976
324.81777420130993		297.9474036862935
355.86315875922224		419.69684667386935
357.8406387523924		408.18138680952586
547.3598767086307		392.098561594308
451.842879808722		333.72304668879707
380.8624021615158		447.1155174034435
437.69899551590646		437.8793721328517
418.64369914503874		418.9661569257453
463.5737838141341		426.0858062027951
458.51760376873284		316.23944654594413
461.89949167434986		465.82123150242995
282.63795998226306		318.00593667450363
412.48073818097146		324.19157736862616
325.9189577179466		460.88300735378147
466.1588762960161		460.24614513667757
517.4051750979235		496.0175143587278
335.21015198232595		418.81549435531065
485.0641329462871		431.95855140886925
408.1364681496592		336.8082187477588
292.3481381510539		409.1090717018871
376.14092086413723		427.1243589053478
424.5185972927088		410.786817738276
481.17282952634235		319.52642027402777
399.04630004715347		502.82620366653714
450.49859499767916		456.6483449767599
461.6142035022805		431.8935053563491
453.48481924803315		294.0909575889364
368.86960342318145		325.23699094889366
389.23141491927197		518.9029695497318
334.8981409389484		394.12627743712136
402.05473859024784		413.71001174507603
356.5546188424435		358.75267890709847
532.646079718656		375.9111895043551
296.9884564413479		391.3716991168009
362.0241805977013		230.9734160332464
348.77089425958667		493.4851250749609
369.2427096256467		474.3959388363482
443.24495502497524		308.5558476002698
333.4603702384662		369.0869374661715
394.3792148261086		314.1906310557885
469.3607827568589		427.3693719924276
405.580284929226		350.77579740696
489.23526416595297		323.3029262383219
464.56535588239467		389.3437958875193
296.23439364411786		448.7402105199774
343.8539932343518		273.0582756201282
401.6793858349101		356.9794701396674
482.1420816101327		422.39289929038864
458.9379415709077		399.2725506613311
420.9628054864772		501.3731918430918
462.75756430070203		420.31043586301615
300.42999171051366		328.00937740354027
330.8113912613445		380.4584682885898
363.3083357884085		413.8373701379506
485.37900049082674		352.87247044118294
303.7728001955628		465.99696633450344
344.87183193788235		468.32193311015686
340.1200708593609		477.0577479832386
483.82005140493266		465.36681235513583
457.9064529056983		457.2559441739006
462.08727016325753		414.6602990292529
346.58185721963196		417.43081023462423
463.3531712500135		397.1330484297184
437.67785712571725		371.01555925410673
335.86351636715995		473.60201614020417
327.4375585372276		368.097404929907
380.1081996134664		415.0986108942
493.7745915838388		362.15274394556576
467.87354169532875		495.5068529670507
467.88513341683677		389.1609560215686
486.521140732715		481.14348099354424
379.2484156419405		297.81510308095943
490.7927589826181		343.7038784359489
439.5349910841993		446.72005019125055
329.74910008772775		412.0712845761664
500.56548476153		528.5431853096202
446.1030984881859		417.0496740391681
463.09683173464146		435.48336601956584
464.75054014972307		496.10717293374626
482.9411353990297		424.23473805387675
427.68852412428197		476.49565144745833
503.1911215311464		502.1850281994702
373.94264894547985		288.26049116658777
316.6896406105057		469.74758679578497
468.0777535010487		372.1694805549723
374.7997508016032		493.5413698963738
329.6472379707777		476.04138049793073
288.4256445762078		391.44748441379244
447.6760108771686		317.81551837268967
495.7001700150364		280.35778682684304
465.9721780330917		410.8734073344824
349.23588155148224		397.87195408601764
441.70186670681994		491.934533269972
421.56664650062646		340.2831086235072
329.0360744097344		349.26077222591357
434.5025467785174		396.4702059567112
387.6912849565569		351.4340840328707
502.69447181031103		396.303106101978
490.1227016723768		298.3192119254081
354.92310245101885		393.04753782462274
270.9878581591699		369.1133482863592
323.2000267960867		444.9107006267969
366.14807345905297		334.0560071882826
484.27197220629193		506.27201755500874
449.3608745454427		484.4253439602823
368.3102709694018		486.2612895212465
373.36938792173476		413.40084290766384
424.358682568652		320.04331633503716
366.4396876315406		404.94866852281655
422.5709118699991		253.34125528172154
376.6826875975378		346.54605888957923
286.0717844545467		404.07234837268766
458.2587949679381		418.84923895269776
400.3762707537982		417.76183640529115
388.63010768685905		257.0252193634522
314.90241697069575		405.86442206450556
516.0678567488227		481.6488326947744
406.7959058196509		383.81798258090816
470.54328597672173		426.3725018433123
433.2345307603602		413.92197190136824
276.1850069412747		366.2135097608418
435.3295840166799		335.31336122074543
492.9636512937028		498.077574946231
497.429779712609		257.6010587498396
358.7801967112162		330.2869695964801
328.5641545512905		476.64557984794317
492.66682048675256		323.8525511657882
461.58849161120634		325.8386165583709
325.1128889482922		480.7290266752221
382.0148945760699		301.2553476580652
502.8447735909603		374.64533180427
507.7715395423415		327.8755113839053
322.5637730757552		453.50859812610645
327.01688889959627		357.59399538338346
310.0190930291702		300.2557151673629
461.548216722301		446.16074482464967
479.5969250602506		466.5854259835522
345.0186715645965		420.6873565595959
348.59325814007383		492.76212106517073
320.32491873569165		403.9813143429215
457.46680432359335		398.202473619735
340.2066959893569		414.50956570742574
495.5853850390599		337.4762445045198
383.8890201498061		423.44135331909376
394.78867511788724		306.756258563361
370.7430346144533		458.84426755041716
463.2397435558494		418.493733129994
287.834334600761		479.8659798036786
332.4281023145333		389.4674492906217
303.296408263761		313.25666148708984
447.2927824595679		307.05941463389587
452.3496045275397		433.9721658648701
453.1642730589831		248.10580051199992
383.796227106173		445.8960504605596
371.05926238734855		396.64423279928707
365.76347500200495		444.1449429383596
339.0362975867497		352.8329777914581
420.57378559954464		343.1378146732153
434.4020896785174		354.7456171460596
401.90383888962083		471.7175875416359
330.565953785919		531.4108843377438
444.6012064063415		250.06986865680366
368.2830648572447		315.6358694469649
475.32854952398327		320.6117688662081
410.2793462835968		411.3082854828027
488.7757618843763		426.0160360180083
489.26452001030395		418.13467462753283
439.9362981616228		341.2040084022203
416.1961676207489		401.7910961923914
466.1088556508045		477.4660680133913
472.92234374446326		333.6268240007235
326.644722816057		479.7099940561816
452.02693363876386		331.05817642395186
315.4028028722832		385.58809592955856
461.94002694353094		360.1094698861204
322.080699276042		473.7990219685086
342.54431401000306		446.35943935715784
365.6268593769898		326.14367136292833
451.6397979531079		441.1695054081759
304.20981697575974		313.5336390777071
468.5755235639235		421.65939421444364
451.1170802398906		484.49799043306706
374.9241546284117		471.4357274932007
343.37130676512464		310.0899062693577
308.42808216164747		402.340867046196
356.94504398756317		417.13992143052246
299.11646490900273		423.1852108101091
526.3985276441882		380.6698943068779
340.12596093100524		386.6419162536525
314.02116791347123		308.1276441853929
405.73718921896983		392.80221887099844
425.20522564250456		370.278689622859
528.8188934542377		425.3373369922497
451.7009272737102		283.3648049743579
500.36825082247645		463.83953351404654
467.16089486957304		450.52071894657666
500.09029844078503		496.9296421343169
449.5077453786043		363.4601652886244
402.2474772106246		441.4882773933764
364.47991399520345		391.67415905579077
315.48189877569615		528.7107017248608
432.9281769943759		519.4565951312334
358.08449564183485		423.5335296134043
330.168989536839		410.8064573750533
411.30010034925874		258.84379602555106
414.8553331519806		444.51402295220964
383.75170221893995		396.8363807457987
389.6367555035767		472.1190917321907
317.40903478326135		350.49145739369794
473.4997864841566		380.7790459287396
453.79559724710225		405.9180808480591
357.09526788849166		514.8793268000545
465.81229510725746		475.2372322918267
510.08039984944213		427.19731742465177
387.1445872841216		373.4882895264132
259.71530003373033		399.630497742409
311.0679312783362		367.3365790744874
360.77256546182264		394.63692289666307
369.9429466681763		475.2553053842566
284.1522965747224		380.48209510424186
471.7776258413198		430.68825172155255
474.01239374721945		475.48175559773756
392.5455823020739		491.69875312461954
371.3790422190336		372.35987307027426
500.5191083051506		489.3483816746158
347.9445763700429		332.3517631955209
432.1297103046202		433.49185120472754
337.6943685678054		413.61571278678645
421.1063272075308		296.7121059005677
350.49175791364576		368.78786068857295
540.0283612352066		452.4177758502861
486.8142491606203		296.2292140802506
322.7434290846504		441.0600178145521
497.8960132059325		420.2529756724462
305.68396175255697		452.90290902347215
377.1192520901992		440.2988122877863
346.2282211511017		516.3252016788258
301.7094724375887		346.6192405064777
395.7639066831303		393.84581988477555
359.04527695043123		461.4943543163093
440.03815650574325		346.1037540035647
493.34149393202176		448.85326411845267
320.7584904697474		493.60481415334027
408.1547968076926		353.3556760212837
355.8977482205842		461.32885220004096
442.14546088923385		274.5794470521696
452.40490680778623		415.07381420729916
433.9387192081745		413.8788034923558
304.0522442905519		459.93397436436913
449.9785839174201		333.85272821052723
490.3378651010816		353.54557166893136
338.1124363180228		378.8367616631666
424.0158304234064		429.8692196031303
449.7040871692		440.3613586226464
349.82204355600277		340.50925554404034
480.7210194166355		404.2394781923753
455.2837493034525		334.59642522920154
515.0862712645089		291.13015768120346
325.41565240383653		445.3004227571293
348.6668872072672		459.0647898438436
373.9394392751363		284.20387719106765
318.8829437806155		466.9133277826717
473.90301195635186		362.5416916954482
387.5197688213862		458.5044349272215
469.62142822787916		389.90646917847744
517.7412407161818		422.15713087471073
346.2974694433356		530.8574130836372
338.4317527769283		481.57864037777756
460.1819859799232		344.90550199466645
375.3370448634179		466.8421004910765
346.79500200542407		319.3257378279054
469.8349989698373		288.12639508089194
328.48629467405715		370.26965522459375
336.04719249829276		284.7825895355609
468.8272878395177		310.0366842900975
370.7547269698141		329.3747746485374
296.89158546435067		393.9349922215049
462.1345862198675		468.1722705423126
281.0047019378389		412.7616105740659
437.0858135071382		467.0961257753143
478.9178011013303		461.9688909733749
280.94437238598624		471.50986440925607
333.7116933843588		293.0254276121837
425.7274929176157		301.5368026761499
479.0031188067453		361.4657034343523
348.44802045138323		265.1840417886661
297.95682589423166		526.1429071636267
363.370326787371		396.180155066819
464.3759375287712		327.1591502717022
427.66888012354195		422.6421323126653
375.7923183501259		456.7786851037097
356.83486306328626		362.83672577032985
440.1275217034103		470.0995747165161
376.06565850685405		498.7895707864193
503.434536191038		463.21727930668783
376.84827258357683		478.843821228869
450.6781668736192		403.40842485673386
275.21021015894644		355.05143700275767
473.18954020448837		404.8375415172893
451.54269447169753		323.68122716354094
360.6562680265429		466.0026806716758
467.38024863751474		567.0345929975407
512.9692643794331		537.4767831949122
366.1475714269043		295.4200798087581
407.59083030010413		496.7680362902459
461.8152631020511		404.6127344114383
385.9147943710381		446.45168396974196
377.8845048614622		284.19537108818326
359.50551189214264		497.55324791826985
331.3678475172549		339.3426373771969
348.2215403281407		395.9940532611592
484.9355402354251		410.6466111603858
361.36294720704063		341.3080065638279
391.65856436631276		467.4589354243295
414.1838655797964		429.71466597116773
473.84885099608476		354.4658046164861
484.8591567669187		448.44346347677487
418.4251132409834		327.16187844560756
362.32678304124306		394.44118563775606
345.4883833653484		394.1340529754392
427.3368962498412		491.3334461178266
384.57781249916644		300.9160342030499
460.583886381057		396.17253738379657
493.149385285732		318.8753488526685
353.0248224554794		374.3155571562778
404.9944363970147		466.8289959775641
481.1473281947536		472.11704206170833
494.71073803385696		318.50839965593275
361.28548740351886		312.7521613458886
443.0565905225256		325.07717359912556
347.8847195033758		405.7406818624894
457.30970519287126		335.04796533838896
284.72663310944876		374.5234248394251
366.424537192086		404.76659011257817
369.35641819348376		433.22042960090465
329.8338652696955		424.121620851611
428.3928776898161		364.9416569680898
377.6756113679213		493.20370514139375
342.15932306480425		379.737659014626
393.4021418176511		309.81164997122625
401.5718324042714		437.01371633479476
478.24376960065365		467.69282450308384
397.08704565908994		403.00630373666945
427.06625748833807		417.0268681756913
390.10053656646613		419.7704198542274
439.48523027926313		424.3573188939783
437.2487305640594		350.2731141300195
456.5447095583608		414.6009851040747
573.0071273859032		329.7279096509562
441.1470592345038		400.62387425284675
315.4481098484216		365.48761950510834
377.36499843103053		360.2509184527369
452.666750424072		450.487791589776
358.8721336088039		352.4395953484276
344.6522632395387		476.34024142214815
489.97969144705525		478.3025948627903
419.0741987831396		351.3871418448995
319.05508652312875		411.59328234299903
361.9308592338776		555.0657385409626
382.17637623956534		451.95971921467964
391.4565047094282		341.2754209978749
410.5000365666911		423.1152313872635
436.87834623584865		470.2968556621707
379.29434912847927		406.1181761917068
467.2028148035105		381.9012737555301
411.422004834697		275.4455967813395
493.61877086690276		458.28240337842146
344.1187548982891		425.0489038023995
421.68275727884145		409.44192692668753
454.1630435809427		449.78930009658825
337.16053782501336		313.44354162917875
484.24447728555964		328.0718140428247
320.0333969241475		396.13163491532623
423.1296439901608		319.25193501472495
319.083157266217		449.4516765706639
437.763806442704		403.10324876174593
343.96949525703354		515.5036535761999
333.2906688911972		298.0578897209199
369.9608381198462		377.26792855176745
314.4137782806393		324.25621734288285
338.2234857480549		339.794184457998
471.0112365503993		327.21424534723275
405.4436066880167		320.5760705776132
333.6246651955303		384.1012934667608
439.6718710081069		402.0814324869175
425.05020544018294		343.69184490444144
362.8807816954142		364.1843378901848
405.19445064900253		418.5809160532034
495.9958578019788		486.6324594228047
332.8810546446967		326.2745791265843
351.2471557117486		458.26596283559115
452.5071532094181		356.3297552595471
354.4585543644254		487.5251573941378
420.6646588277613		439.5409664635005
465.55468985018234		295.8249104188482
335.0558150560515		378.0404571490594
461.7780782515331		487.7573713883588
436.015837055727		397.8182071409858
472.63367966558775		416.15212442690915
351.22985026366337		384.12381613753047
440.269620768888		390.4517773855588
305.90894220618594		425.0101298248449
446.0673028723365		437.4612403623476
381.7607442483668		329.9551294469705
470.8450126270304		312.7616221648583
366.62638564061524		513.3078951187919
437.73544834452355		458.6838376226786
345.4396645876262		277.4245383088094
403.54306152694556		420.2337691607171
429.4375438148159		482.7260726615584
317.2149351267536		406.0645724512378
483.9696036992307		412.4751061024733
326.65630858264745		379.36477733946595
393.94896462742105		333.36610408123977
315.9598792804863		270.35412564296723
473.3234100991848		416.91657809905274
411.8695232736827		414.7568102141537
559.846581744106		374.1352649717282
463.15479548893353		352.30617064027655
440.2501673044763		387.52600659584283
460.94104784433927		489.041142922198
412.61655318923556		439.96673779975043
414.27985722889684		301.1911188182517
431.92037870440527		325.80596020757105
475.43253017021317		450.359704197057
446.8762179647065		423.7143666263466
444.73518823970716		418.9779135838122
491.5184649061257		577.9938151051573
552.8431318051361		326.0272910075311
421.35027795200574		418.9242103774751
427.26568270367306		289.4588968021558
475.42574276849		371.9644295450038
434.0879780400974		343.7796769007748
322.0870319119791		395.7281399102801
483.396205403601		447.14986485914784
389.3447096996246		404.30541043717534
364.39466810543917		412.546669205971
325.8071829811601		489.51124697110765
319.05925653935583		393.88241494825036
346.41327906602993		469.90983697332103
367.36287391839096		531.8177990531518
525.4486623256878		406.6214240319735
324.1247958287096		358.0845813907697
341.34165124454853		513.0735060639364
493.1538021742066		477.6638059497764
343.6663184820057		321.4674882670077
439.0787974574613		325.39446763487024
418.5422093186392		392.4531370919837
376.96133485214233		479.01240367090304
267.7114715792542		398.96082826414545
274.7163740950103		361.02186974514416
371.7385052770609		475.14053638700227
492.9493796335995		291.3369070282939
410.44180750363364		423.244330550825
441.99373122081425		353.7202521452536
419.1248259102403		320.33940437287146
352.32715744300157		359.00138085873425
405.8039765821235		317.45360816300894
283.20170933569466		418.9615465913637
345.3074241511578		323.88414201499637
337.6061148516303		377.79059175740605
334.9189082283753		478.4626072075645
407.7902097484093		299.84298305105733
334.36705223164313		407.6607439394463
282.16491320107133		333.54847088753905
383.9949667414972		326.21013285659643
448.83245087049863		386.1146447516482
346.08275589472424		325.9502985205402
420.19038970450526		344.18693584382356
332.3409830224891		364.30653729204545
316.2294359620031		463.3356702787332
469.71503484755704		386.99420058121234
440.5797599531926		270.3335817176521
424.73953385741294		322.84087866247756
445.1258931553553		368.3957437607106
379.2789568818719		404.1354436166014
301.4717784287038		458.0608175588272
437.4106412089146		436.3219482571217
337.0150754927058		381.061893142083
512.8526515732757		343.4514253628461
406.07486817709423		399.27995197065513
329.03340208474685		483.1278419459734
441.6129817897569		316.0678238730894
514.35653353024		359.75975998027684
461.3401832186379		382.66822788942363
379.55733341641684		340.9811777582567
446.9650367492496		414.13253566306975
436.70238838944937		346.3664276925743
377.9133518559596		390.6610677423905
461.6355246970109		452.8165103159374
391.8526734683411		425.4137983485537
450.66721078541457		484.39879542817215
409.22772169094395		319.3041011155654
477.7062908543537		397.21930393471257
432.2985551120835		448.92757518647346
231.83723986381443		366.8624577385588
375.6108397954724		463.88932100860177
344.1942464968404		399.45321847232987
370.0119109377148		478.14180950591253
478.3789696866425		349.2616913345118
377.2708962451784		549.1461819248433
465.05135319157813		518.5280180050538
467.33759715340443		428.1960378841241
503.70599187109656		369.68713828840407
318.58403408368076		439.9175944976556
320.326098728366		494.18622348176194
397.69330499688715		426.49701644981496
363.73128545160966		449.602182313297
360.80872278540363		286.6577298178176
458.3548929955586		310.84641302606207
355.99648846537065		504.1057456969151
410.67097173157237		264.71910666452374
470.3181565433091		510.523247197994
290.09773367643726		397.36218197299627
281.79417221846563		354.7400906932809
397.5382672617623		324.1581469455368
502.2354443604117		466.6902714934346
347.12110763022764		479.5060605197632
406.8718938444179		406.5546339750048
469.77208158255735		359.84163550865844
405.0499972385149		482.94748809405615
347.25008513365447		296.5123422557376
418.74138252769734		448.61209569739725
300.8319343655412		415.4648216837557
382.877460141776		310.1875640700012
360.6734767240927		540.8808560079535
479.6163065372404		372.1946900040729
468.84272615214206		332.2285407932521
335.9197381315332		371.07505320196793
454.7110394570662		323.54297476567325
331.91218025183565		351.2858071175865
337.329093567499		399.0377311472284
367.17817333279345		287.5528790572346
455.7600305320338		259.98214450445744
428.4373696653904		343.47032259781383
305.7398795214319		363.40984492674517
492.11094326329817		274.74091169309577
474.4890456541949		451.36285859386555
477.8782745934272		473.8327007803749
425.0655247237396		332.6774025547688
529.9110287776845		454.42553991685577
318.64469631731623		301.0060488115146
374.3960811432669		443.19987457739455
281.42249908689155		404.6423483609701
352.3370711372189		500.16916812180204
476.7284152188575		397.3388965008062
504.9283976204098		503.35561026460016
334.0768846924839		273.68963105259417
299.9737584760645		371.91231663473724
434.2495210566917		348.6588573006941
365.5563588846815		439.7178156893737
289.5090159318499		369.3228297401965
414.7411073986688		483.62036140914427
483.7970289754256		417.1292995834177
461.54708852064095		565.0747143633697
483.5961551835497		301.69639265975223
419.7970957710672		423.5490924138897
292.3402639010309		448.31693247504444
328.28643081394745		334.6624930791513
354.9349698309085		393.44139996021266
349.14512336462684		449.2470188505918
367.19959920953335		456.9409981340566
412.5146189162873		296.48353291296934
501.31595394261		411.84733354407274
378.23771442559587		521.1245512286692
353.4666528831315		381.9950617820404
469.23353954444394		463.0267390824374
380.6234630924108		405.55296374649646
254.4431482898898		387.44964614378273
453.3379675755579		401.5090482057313
296.00584753726037		356.8924852531549
325.6719903363797		519.2798825246794
449.92731264125683		283.78374285421523
318.75437975738066		499.3126227539756
426.4171248428954		347.8344124041639
477.92597453060824		500.2894575251566
260.7611744766103		392.62593055146016
301.59923797737395		429.2303860552004
434.31811365970987		299.085614356143
330.2953249896831		492.6796542627246
432.1523378062514		331.3580966736088
537.8612802986535		422.10673810334305
491.48051967265224		329.50387435696405
299.31609281789747		365.26219577888537
302.75981710315443		356.6186065334877
388.0116815297429		343.7929982540114
331.7585377538025		531.0025926270883
323.0529796243429		397.11524442658344
386.19998284980835		312.54634856632003
352.44927542255		497.8429050990221
376.473148454091		386.150937824772
483.6683276692829		335.5311286751392
488.0249614731631		447.61682920192607
457.80688319311275		273.6161486917584
502.85776427781065		545.2426874455277
379.2437206608967		415.14410072041164
414.8227618110508		333.83526871642056
443.4527522659535		371.1321633956891
504.11779668674296		459.564061829966
403.7881589167679		346.8879963992997
459.786433815785		459.5095307242683
324.1060908820538		344.17749430793685
468.8977281581718		365.87305509490795
304.1197453211834		484.99461682877245
479.42985161277437		348.0806804397251
460.98934610390546		328.25059363657897
450.82334429982893		339.6683888685093
338.270329419491		495.97855942048113
342.3965361430227		523.6830524394395
295.4041141344371		298.5870855583439
318.28011486029465		358.4461989144504
440.797524254982		299.83474349643456
417.0808025902174		324.3572462129686
392.4753255566885		327.8650110206827
348.3025546887809		360.67728061643885
372.8342658065679		414.64203167881215
360.12325102111504		445.17496200379526
324.1288262477218		301.94184730346655
435.81927591036566		410.37031993615483
359.3292191779629		483.27485855110325
406.14011609311643		352.8041037128668
348.4035852524495		377.34572478820064
334.5855501848283		290.535015113792
334.00834120918876		386.23616902629294
405.0986441864177		374.2785986366297
294.0514664985207		461.99715463389106
487.3076114228018		482.6804076521063
485.6135778364277		370.296442477159
345.1927913873415		422.93968717896763
475.80684602115446		484.2303567745695
440.01886324053623		392.66502421327834
336.8585686225313		308.62999123131465
364.6709279955118		461.32300480711467
389.2366321484354		538.7199014139103
506.0163927093229		492.2437244327558
418.86096184459416		450.1126498331365
464.19310865998847		384.78535882027995
389.3213483113673		522.6651784110186
453.15969374503527		332.77610118012666
450.69150060687616		295.45218872417104
433.34610037566273		430.896867184641
434.7882490409124		468.2822640682368
384.4236138768679		367.81613424437296
482.22117311780755		317.0211902827241
429.65951053476914		329.70333268817825
480.4704656673539		455.61135537654525
325.5636108043954		445.3597111813446
480.09777613735014		331.3488952580877
322.94244971060687		486.16856052190906
308.77947293056343		463.9723661599711
406.4473680488679		297.2360211667108
365.50223602266		305.76724066475066
260.6527099170243		376.98497211533737
457.22918181519213		482.1999515972134
461.4198017570408		428.212508592281
291.4598100295682		384.5808306195425
454.2258577651228		271.44519173017875
423.3100880208649		383.8770400779886
437.9149909799212		454.9004034255298
474.1034191989929		362.06015287228524
405.44255890645604		404.6934276377308
515.3210939698923		531.9301651103298
487.8843720434976		342.1248133549786
399.81070575563615		437.8217071914382
341.49710787960686		467.45482385105254
274.87974819412955		463.4754992651839
408.55022880398576		420.5342571093368
475.1961730690813		459.35081317088026
405.0959665839285		300.1161647939075
389.3443698170705		380.2799874393695
464.5228740606801		317.53938197149193
414.70417663913923		273.0922665841201
401.27396759415666		356.77763185072786
351.3575550860089		438.8678609475361
360.30002231080255		282.4946851896662
451.6468660794773		298.5495505082781
480.0299154486333		489.618116759675
531.8010557192723		401.4018822229876
296.8550305429919		407.60105065868095
377.4105106824804		412.15007640059787
366.1061927802409		428.6901937893313
428.1503727098275		373.3228280989973
339.8903826891649		469.03981035596803
375.65506996483987		371.39111879753307
455.1175629723831		293.39323573971024
414.52103317472347		376.4676558513156
483.54497388266884		399.77927818127586
370.3818699427928		295.9546386227816
391.5297980164319		454.4875157815211
454.1310708469833		543.702995730611
324.800631118475		376.3401163840033
369.1446302374956		435.4010107100755
400.3796529326264		314.8720327937208
333.56234823811496		448.25823872043793
371.3272380005525		414.73106117917484
357.626838111328		423.9851497314097
394.64150335911995		459.1522202301601
450.4153150132776		496.0198497202739
306.462761349458		478.20735454671683
301.73774185065906		426.55330483837565
494.6349363652742		566.756303179732
400.4894217400651		427.73032476888454
410.8690831023632		445.7833415053028
463.6606484356023		406.0930653813141
331.56576474825283		405.6669334959982
367.34492898142105		433.35413373153096
381.4065360939828		558.1234260472723
411.98531202327905		322.97559709447097
413.938907344384		522.4895469808732
365.57620870936336		475.8902200229162
491.28262400877617		309.83857746420153
411.35776565942587		285.4095959526375
440.3806197125243		421.2931123495598
447.14163807104114		311.32985858267347
448.9323404779711		374.46670677484894
267.07735015996167		316.5016304442009
428.87740467127696		343.28876266962413
379.52255131119153		505.3566272801
487.88475046698295		381.72374545289
324.5011355451192		302.53021859837224
540.4150184683496		342.14589010825915
300.21023057515004		455.95809389450096
319.2634511224333		411.6544527137623
306.22459192456773		418.59560856010074
371.0283973392106		452.0605438567213
470.22097716291853		329.41036307116525
336.00532131985165		462.19005806979806
445.4899405507847		309.7435306858129
428.8963126700518		431.2323500864912
375.5845187447864		485.33015311710756
391.98262899202786		491.64988010634085
460.97951980082894		374.3800567323105
494.81369329953975		318.40049804166625
420.07957149452136		357.2534104512011
498.7808675474068		323.01302520780445
434.096145967048		442.9818192348621
310.7737732436514		384.49370740405
401.51048185584864		356.2127863936916
521.4074586806747		475.86619237562
504.2358821502694		323.44325028156817
463.96107430386786		471.63130177297
312.9060797180085		517.4578141383466
376.8433153000738		469.147110136086
500.0519379263656		326.93134660591306
380.49992361461193		463.5709483332009
380.07089733266633		275.550537214399
478.77975379071376		275.57331875831056
354.66839802638316		387.5584069601179
303.02349790347984		474.9043852300046
309.24608233146864		397.18137007288647
391.56812983952517		434.51906666359486
433.48832079864786		335.4380847183037
334.7138692433463		376.2696898401644
314.6243433221656		312.90752232575824
475.5317508450902		344.6936942047384
367.1683346201586		281.7291899136276
466.13942236880484		410.23146451535536
447.65089185970476		355.665249246896
394.89774035073174		356.80554781710896
383.1890070301213		432.2894359125178
488.55814260806477		438.4001188576059
464.83027888680243		441.8825082698384
335.33297274748634		455.570357848711
338.25191271958096		411.3715239099683
342.549219784838		407.1241539043478
480.17774358492545		378.3756818211427
396.69664951469133		350.26439289253665
512.546656084333		350.28330053862624
414.21166603720786		307.892018173263
463.26923834745133		325.237372361278
316.55998173521436		356.54056563081986
354.3643487824509		332.6326109210763
309.96063103567445		465.79853132217744
473.7738830485102		329.6845833022551
400.08183298472545		412.2726398860561
424.7506552800687		273.4269726114285
427.49531924583374		307.977856897376
424.3265083565496		440.8074801271687
478.2346678552154		335.76093869632234
376.54857132990827		360.50654616673125
506.7901751627284		372.4643244593513
245.88350651774627		395.67059420407276
397.19533942077334		467.8507068567738
414.140751904145		392.0681783940575
446.3053727876357		380.9731839000949
336.0449246479993		463.4768642736015
461.12168692394795		395.7824376925909
475.539018462876		474.3684314073001
491.1300338297027		463.5665229689173
319.5272013552718		278.14506183711
286.6273197136332		387.7976378429693
272.5398875409185		312.56147349612075
330.5277565875007		422.2939257685979
420.8259173736934		430.1065284713397
350.9394316368063		458.181211786479
405.3713016873765		389.78291955847345
496.6038907820873		302.5309716343929
349.42039979357804		487.81480444186286
393.7446995767985		275.8414711444475
343.1071931776533		400.5009887132399
448.9885133989744		274.77238496455624
435.2166412754952		313.5437181238856
369.15473099062973		412.497300016617
378.9424980573307		426.30395731675
249.1447709596091		345.0678751732755
336.537624716345		492.43223001221565
289.965314731601		377.65643934375476
417.533496101029		344.136662020811
446.4129952608652		292.17093827013514
465.3698537990924		347.13765493199895
518.2600823501976		458.4203392713421
334.17152996188315		452.01104099975396
346.23150227935446		377.86570382621517
284.4879202598038		429.92262193758427
414.0705272273733		307.2195419183801
359.68150321785856		414.69756783780855
430.9967204772074		332.3982463955003
517.702586390598		427.25319517298794
388.62495212964586		513.1264826446625
325.6549629003007		265.074846276431
410.6320313902901		450.58698000106824
347.79787472208807		443.0435246281961
453.64871855982034		265.16718172822874
360.03000796627646		512.295736223661
495.4129204168849		451.4184055658971
377.7462389698983		259.2503764774066
517.8571775113095		520.705225425754
456.897831583195		302.79195962374257
340.5379940944742		502.20967485091177
370.2003448744879		520.0602959036718
327.6019713198677		352.14713400992866
374.2900464935527		444.6173040830066
367.58771851579735		421.4745227094571
357.13932411220486		503.08063060951974
482.7810333484773		409.2149692819387
297.1729867870082		440.15173807645607
342.7512277127605		471.8907983767733
366.2901342752204		433.8657466182238
449.9072300498588		509.4709465418054
334.99609706678535		422.0463160067817
405.8943762142513		272.1838795646288
498.868112327103		437.044599258105
394.1275164855108		390.36424782429174
498.7097598551232		376.45006097050646
494.48324810133437		377.71277150880576
372.30819079701706		485.3558902465364
382.55038318095114		483.9214271661717
324.95188658632316		423.7964167738842
334.6894126345861		409.16711850923
490.6208690000614		461.9108920946694
489.90728460414635		534.039431672458
318.1128836337077		488.3212967644578
458.38579118754865		537.0994236603163
420.35177891293984		349.8877651441581
379.8991506396818		467.9379431033233
302.4399824007973		500.133844835523
351.3411300461496		484.15630005224676
387.0748290861592		458.51367205182527
445.99129659290355		449.35947046753256
313.49806630460154		481.2311618903212
449.1087502661326		485.751011050037
564.5561469035842		522.6397326303226
426.6069878252887		259.7178220733141
345.42939506344794		443.2973843323473
455.8185865662286		506.23168746287325
318.2127787752744		291.67367541268857
402.2057762102882		500.1985141467256
414.27603995015966		324.5852575386144
394.61290129767536		320.3808930949321
439.5978529742573		476.17719253145725
453.89275412815425		426.79529458592515
468.822121047182		284.7083780185411
403.4578428186654		414.8618821170594
436.2921470320713		438.94681033096595
435.46520033779007		275.52228350581805
483.180322814712		419.8556444403859
488.76378412007335		535.978592612195
469.7990466210351		429.2865607837817
466.45663759480414		547.9502779212477
341.8284769617195		371.551670090648
433.82863640851576		330.7560492701075
427.3831941867833		442.15130846795637
439.0951933554382		347.19463025918236
464.8534238563791		426.566000152217
434.31352143704135		294.2226581853575
459.26251487366847		462.6363993593756
293.66472881177907		360.78741819507854
323.6329680224506		455.63600745401084
430.28167022616856		471.2418823320997
329.22659002043525		351.93940819800105
336.7010678883281		310.4699523302093
296.17968015891284		387.54508185289365
458.04429346805523		395.52890269019457
485.34804259423976		470.4455757253896
400.966923136291		498.3661916171742
355.5466084292875		386.19123104657166
506.6445845977425		290.4973371251514
484.5469275638042		425.6276308822411
301.4796601227821		346.41216622562376
411.0047433050336		328.45287723852556
329.1837813825036		293.1831157187681
402.6416272977729		318.30604520529096
473.08666510472		499.12762439963416
539.5024858790837		401.73949360942015
414.3330083751636		389.0353076582768
344.6562880284015		366.80346332883147
497.6605379165533		394.4129436679524
277.78596012511395		440.7908947860592
391.761248401395		426.1698729476543
407.93533328672845		296.80877364965835
365.25728274775366		378.6351818797856
417.2262804598052		395.2805252364466
348.1272205530097		422.189239168326
408.1665447040559		437.3281366525471
369.845164693904		450.6963725334499
499.2951773472967		487.61613539167604
488.7538938202859		526.2978515799573
371.509924313574		450.7429868713649
386.83708351073375		382.98401815364923
343.8551636191757		370.21439128586707
516.0522798641832		441.733138823936
367.044228271654		520.6490007542253
454.5988322462367		382.06716005170705
446.9664031914761		372.42758193867155
341.0348851531214		330.8875828656018
491.7457996387516		326.1694479996919
269.58292469510917		454.3002754728004
348.9622762416512		447.1102069526343
302.6344335547918		452.12225070282983
484.7315883923913		315.4598040271777
459.6603024331081		367.4038121666844
464.8806191992964		404.72924298081034
479.5726010431899		524.6090417279893
407.19579269222766		444.89977907209834
327.8666791587938		317.60637110084485
376.3805718079477		355.50675655357287
492.6432427204428		427.314270757552
509.0899664328159		313.3213297205951
474.356025010937		314.80811985861953
453.6981220055626		311.6034134989512
310.49198449823547		255.0750822900556
388.72465011871884		454.05918793563524
403.92901412416575		516.1911193959104
395.38691542540965		440.1775104960471
410.3236124297739		484.6569854237045
460.86859162053827		508.34994303618964
311.55299208965613		476.45244091359694
350.3104589965215		371.71984423234034
535.0747809341744		418.2840395484682
396.3517480404833		359.12036854286765
391.6892936742568		305.74404644387994
507.193891297778		443.58488040728867
430.51591774146914		418.2669188073707
426.6559993281675		332.79016592260194
482.8184544115064		466.57637551953303
285.93595004007267		438.7686697530341
429.02934583270775		364.5113345245097
470.3904810418432		403.93869264089994
327.9285050750685		298.72876824400976
279.32214295247826		371.3316674503375
506.0924105131419		490.85305824816186
448.3176771202049		424.0681502737491
424.48519001983647		411.7039401419711
380.3744167593223		537.1249524945327
395.2022053432738		322.8324879663567
333.89636849053755		451.7288405911145
379.54104190488465		257.62615221796045
320.99437068420843		445.52651838522615
352.96963785234004		335.8216450170221
479.0412712127748		523.7267713819209
490.9838015956094		536.3981614372142
433.49839585642235		390.80521394875785
359.00119439938146		469.81096496962954
338.58674492919334		476.31587154287905
426.43405671085725		457.0475758998506
367.87539280477176		443.79069470492584
428.3527807904922		411.871140225163
364.0909256647903		358.1265123273636
375.37427643366163		517.4710648464556
335.5386741543851		428.7041000247876
441.7580492376984		425.75150101740496
455.3077569107993		436.0142641075076
403.5150320976113		442.181409796032
286.60601231045445		372.8099104290187
490.8470521808003		327.41441744750836
444.3764223773478		422.54336378245193
518.5518004392515		405.55775390501424
345.34977433997176		469.0504365904902
399.85552049051404		367.89600255695376
396.393964169021		440.1632878445065
388.1614398648339		386.5690820605086
394.00964777973184		472.30234510208925
419.3372243313972		507.1464747620329
489.16491667221067		361.7026722359462
331.4368311677661		465.1662462854008
359.95668078724907		482.7061886025147
396.12313149683195		401.55149688793455
289.7899227309442		457.07250935291455
356.16850114914564		286.03522239385137
413.30374671293396		308.19001515923316
449.5664984493112		484.67870437492405
466.321528368327		354.5040822381573
406.26601282489935		332.083317810363
449.52675563531017		396.54694524738346
510.78423980752814		485.16650295844664
441.27416476949656		418.814430725297
319.4168977429542		450.74613218496887
324.72439087635877		484.3740986197969
312.3605985293211		341.70252801569933
519.5801355691716		432.81942544339176
506.90369278503636		386.561031881108
459.164674228104		312.6493111644665
335.7172150757611		385.23419115666337
343.8634589491518		449.62051880418886
443.23507836736377		413.9068223794844
353.3334478675902		374.97283254346746
352.7364440010784		338.95789212377326
410.5360329622663		394.17773357551425
431.23024878461644		422.50431231110423
478.1097268574867		307.67762660119274
356.6349250103714		440.62754899521434
290.50501384499756		471.7179811682476
509.78210817935354		438.6229186680819
415.7663743572118		452.59499641173664
368.88542807809483		346.1365563942295
331.6955870655817		492.1505473037413
435.9553294332822		476.63665915855194
409.99356171981543		353.5309242902106
391.29559842980245		397.51668258875986
322.235455723853		498.0634342130983
314.6614536506874		395.4002747639081
376.77867300805366		392.1322173424365
408.39349085210984		429.33820028888675
440.7658779199049		331.171220685778
459.64269405621747		453.4578299323311
442.76798667282765		331.2672986584384
345.8898031223785		468.41554095063987
307.33847104653825		368.31536347659386
382.21585295838815		313.8686113786478
351.37253167186896		299.9205263121571
483.020084784487		447.51490580766597
456.06618736253034		360.7037294133834
335.0976038772464		468.9692857529283
413.90845152729764		372.755837693703
504.1630004687973		377.79651049238845
380.6133464562458		342.5865405650973
344.2932298826832		401.18100433031816
323.80153604430586		314.4122912276829
327.70579848764737		337.4787602810903
348.99516578068824		296.52986756735635
542.1433833717768		342.6567730438959
524.4152999214609		343.1201252406044
348.3163483175808		559.2941529144749
468.881946781801		372.726561858647
380.05492539247166		339.2092013789004
339.10108294786687		466.1540405830291
385.66940174468164		520.9330183232508
338.0940313063404		479.74405532205867
432.47494602682735		428.8432586757852
494.8281846832686		485.57983966819336
542.4790336654171		436.12808040869123
330.9182808298181		375.28891380861927
332.21713617452735		297.38475728246436
346.3817243777423		383.55952322410445
435.3130154184039		338.04630976386454
422.1353752888174		302.94233264035165
445.9036396236428		372.28497949207997
399.30142464128875		428.5449224769602
439.55482690517516		439.0093177311426
473.1080605928743		354.2858641518201
472.53504502385107		468.20307456276953
491.5360812809764		463.64119216792454
411.9979330529412		448.1151296321608
451.4354958532412		438.23474510721206
407.85109581008913		408.80802676572716
500.8647960963834		492.3104974555439
373.7735294350689		495.5387480532427
450.4697914889374		450.2197138489334
425.671061795217		496.22431837064084
466.14828949961185		310.4283101858254
395.8909391505416		278.4476098917707
468.8159605753764		505.51308848299965
334.5617119744024		326.8778853339709
376.30775751479297		371.1843250162291
318.5284633450653		453.46364705017527
374.43071047421256		457.1942209210765
445.6923415519044		302.4879529594762
446.933446007497		448.1347636685533
486.0524437161193		371.71152316874554
461.2047988949333		404.1497867238834
526.7979856015709		336.47550835246534
508.1100699884516		475.4938856733319
326.523892013884		286.0549870187862
380.90871404945034		312.5654451252288
482.65125926479027		428.15718940200554
349.4908703350859		493.62039738578756
330.38881986358393		452.33698568980435
371.97717308140585		505.71780578373875
400.249656289973		505.64632863844383
491.9871907717697		501.5993681743355
322.83321639589855		402.77779147616747
289.0580142567665		381.07235262640035
347.7138136591277		373.13639983218866
462.9040856450647		351.9101368189131
495.6010026949589		509.50921412133465
439.4194949179655		331.05407783289377
456.20677555316234		308.5046099751517
350.4860376677756		501.41421073467797
354.89712035231247		387.0501913860121
452.61610553489896		321.3855985793409
497.1053943781503		272.6965191703495
421.58832339707635		281.792067667489
396.3391892171483		243.41809997819672
453.15022608365285		346.66245156591157
371.51989624251394		456.4368279436507
349.90324394066624		460.39644459083564
462.52874294385975		424.77161962586825
448.292975632806		491.1735924499958
362.7805544937724		410.5192608249517
479.7187661790711		423.63369712634153
396.2364738715282		353.60535812989775
424.02127248676607		493.5635636019558
358.159656036439		307.2235796083198
296.250406315068		280.61373328407745
299.6683389112021		426.82694978708014
489.2354198191756		353.919305565521
503.10581848538106		514.0864028540768
435.72134019096467		434.2264742068887
318.2003268156035		396.29523825591554
490.7062900619294		428.92202679485706
455.2774512031168		352.33147563597237
509.8315914624098		434.4159732000112
353.3730198175911		498.89765653868477
467.6092106239406		407.27971077494414
443.5644508546982		261.58329210650766
433.6627684462281		409.47357972135626
294.97942140842883		412.72638776807753
467.52688310390835		455.37704520490075
439.86236360193266		426.23261484164135
388.1608691057136		419.8802272045023
440.50978950422086		365.77922408073744
325.36959215449446		298.7578228279433
282.9462015165199		384.49733694220424
336.9963958353798		395.08571807707887
418.367062035013		437.38056387683463
402.11111482357944		303.0438248725712
372.4511628891742		470.62783265318006
473.71201373261914		380.4619753416375
503.003518121686		354.7885377864222
445.34055114818443		274.0173822460139
488.9155422145332		321.5176089066674
376.6579629763175		320.75919463234146
351.154375380343		424.0325193019012
360.54584593109166		444.222052017332
324.9143125775928		365.7501799842981
449.1061306057606		371.96085917673
416.71308152709753		348.8303124486469
452.4428717512774		355.33795985937275
398.44556908857334		411.1298287301713
461.12246593685313		485.8174565433519
312.39405848525774		444.78427468981556
451.0462634138852		410.9643003048796
458.8943565396426		387.8409176795423
397.33509754242044		360.3308219898471
406.09103686144596		338.1926613014161
365.98625479585615		300.7359208176672
346.87720330770435		442.5504926511871
476.67946264814753		525.5163898094112
291.5557972930196		365.7799005139179
322.3919865402141		406.6082977901945
308.8258619960635		545.5441077555004
414.5021274902101		375.77731603362486
352.15239448955185		404.0518954119585
335.6338448792395		402.17363660059283
492.6979143254051		357.7575014683148
365.4432331824427		525.2699374172057
345.5310891705219		439.9780074196251
353.8501418834095		393.55391762434647
379.4474348056468		310.7180354737489
394.56912039112626		300.8473961380899
437.6874966418865		403.81828408126563
516.277723241411		427.9947081976325
453.61241560691326		262.5154498504536
316.37161932315036		434.88640484760526
397.16031038468293		341.2854043385721
482.4264323132625		494.78499402392976
452.8289847615948		310.9947606957478
434.188788144104		318.41944362331134
311.50874636332014		441.5134307466154
385.9714498783982		447.4980272515872
333.3582605207636		469.0504224073637
340.8931140637162		451.78726610627734
515.2912527673452		539.7761462318972
461.27316350393585		425.3397062353676
480.5454170897496		360.64461646603576
473.56687910648395		450.0454727129867
487.66355134588366		430.50903706886413
355.5138624693067		426.5679313805977
490.4292877662173		354.765451849062
343.0529703668633		329.69064160248604
397.2523835512604		353.5924926046405
505.9464252325613		398.94935140488377
430.8311125637649		312.4199630005359
449.90411936271465		366.9477126230284
426.8992648675391		380.533678809809
467.1545588578733		341.13154471165086
401.0490994389704		259.6527609516063
357.99701724914974		300.70359295344986
387.60788153324876		421.1559358536945
416.8232163852658		377.1355387235049
321.87134905823007		394.40810724354014
451.1374881661825		405.9131515813128
362.1701672276502		323.3410850558891
419.0344139081323		290.90193307714253
432.2606082553609		351.8812759394913
420.8338882323943		450.117596199657
433.81161188014954		276.9824680032528
303.1926860806764		400.11006248169645
393.45518807664064		311.8178713741175
427.27177057569304		482.98719430975177
421.4060005092727		339.4540645736325
459.1370187338031		383.6439051511969
349.3014581781834		525.3014068047917
477.9772411152174		419.88875274896884
415.65903216943275		421.72438209456027
339.4675624590431		511.8188000358962
456.99715756881534		432.1871941284367
456.64596502130996		447.24651911927936
414.6212882801938		247.57202294994312
476.9774394581833		394.0485749572275
340.8184758144661		538.9366650769339
517.5043140915554		434.3132238426453
327.7808132176989		498.89505443969097
421.7182508907019		462.3338580622384
518.1311406754659		480.97849003784944
412.10259968747414		337.6112583879713
487.5868843722359		413.6617646676192
362.4012493885597		373.9738705137809
280.08441343234693		437.2320558815914
311.92042014404996		392.89693391187404
349.3638999484954		454.44671337903185
362.49525979708346		330.43223123450986
326.1915364307327		266.1747432877581
328.73379725972336		401.302111041839
434.7955317985749		316.225267563378
373.0360755605237		369.90334939288306
357.568068412618		396.46658687644464
508.3524080443003		342.9594621386923
508.30671530839305		334.5777284651239
425.6979276440132		310.9499681971532
333.8921187946052		420.51591987287765
379.96858050307435		288.6384906303321
322.26119609538495		355.02974948530897
298.2864505549404		374.13663389595865
489.933547839339		309.152256820358
462.4781046993517		342.76310923155347
392.5414490341865		340.5769496536897
361.3302499433116		455.79129623261144
333.0183445104086		318.3780572775724
447.9939376943597		383.95303516640024
477.94689307707756		333.4946519883136
347.2713055298031		392.6962269036065
443.7542820073039		453.736033713464
438.2997075686525		338.52408761259403
428.119349960208		418.7069366330945
351.8417849416221		285.08150681828243
383.76346608380277		438.88777866499646
416.96855155133096		338.64757593003674
351.14298650209355		448.5679259344571
409.5344469950501		381.70462682175076
415.93181885760237		379.38487271557483
387.65392914629615		416.3313367551495
437.08803764856066		451.829509493718
337.0189357362425		404.95334968526777
361.95423475010347		421.3710408386698
483.9321225927844		522.984311062071
403.0560541456352		432.02557063441816
315.930803533583		282.9513939215569
398.1821983481339		384.88206758429976
455.1346303429579		322.47588577849086
422.3489776435325		361.13237243461833
342.785187043187		487.5331587814604
369.5037179622		290.71035196704986
378.99081614850024		425.94455415188565
495.7914646529613		352.8934241260225
494.2187247776434		494.5883108045946
501.5011010514429		424.67571013668555
329.2160155044887		472.9782997717301
500.4770248613121		398.64468678107704
453.3957855535121		337.81744907363316
470.60879915698433		375.03344281600727
447.76806363026117		282.0829853658586
392.9857059969994		294.55035193138696
313.928214049863		361.10796775589563
392.75739167258405		449.76641340546416
407.8644107341414		297.7306219753148
415.3743221087508		416.7322820424452
475.48876814122127		476.06496657770856
400.37035962517405		429.50412320968593
430.17988189203714		428.5859987553389
378.03426818324397		403.843106092055
425.52325599285484		500.78613569547275
330.02997256711643		415.51739950642093
412.6084050006002		433.85142869518785
467.2956418711499		331.1038238283289
335.97040349330865		498.1175686442748
369.09977184450213		303.54589280055427
323.97819367592126		365.1015636498504
356.4524762579734		476.04442107206785
468.44953647658724		396.9219658431939
466.0367780076713		413.0525034620168
363.9220054790988		316.4549127566786
249.05920635180485		364.97370683056107
545.0102670485685		434.3941189442341
445.00070966567455		328.2947806210315
467.77031535480404		412.29789540938515
312.58208309540123		458.70723748532896
383.84104798901797		466.59951114234565
526.8227863038273		505.5824147412043
318.399000351068		495.91604821524976
293.54936311436853		381.9660386013895
476.2361540302392		359.4158925484971
494.6964199864376		507.4644756067312
457.5568819548759		377.14822865650143
520.8157330206566		365.54956785260146
470.73676478653556		305.6318659353923
500.62947173602095		511.83681804420286
353.89405056242873		428.5835925677309
434.142479869805		311.4659148379098
330.18941454763		471.6049623470301
307.6915075245077		296.1098244147687
352.8395976645062		495.85938778754667
324.434341054019		310.91460188390135
475.8239838618263		442.145876385179
446.1338745288291		424.88325582164026
361.28328091605897		489.3815868833266
