414.4912302129352		395.6217993396174
321.8204433061688		304.66230961055805
486.19104458538743		302.7834331809661
341.2752251610567		414.1125132923003
339.8455115633207		329.2459261099312
385.75152796292366		454.01105346356496
385.56963249089085		412.72909843022074
441.94251056368415		414.4182042645227
378.00866087416176		460.2766755733066
236.838769346832		461.7639655693084
397.0433870559422		405.2847724320437
428.47829435579126		348.18075776476434
395.1572561499263		325.83888848924346
407.51690351996496		274.6183577630945
393.5115257691621		314.18523754352134
357.6012205035004		389.2754053344661
478.21489823345786		394.6467721119023
383.3301420153034		382.14014856082156
381.646545561902		511.40510731719587
443.4586040588544		418.54465108413575
454.57604682054256		367.27746903765666
425.00273289004843		327.11582104785487
257.4403680427033		418.26617096279324
452.7891851371727		449.3983575514207
458.50378278656126		422.39892193551657
307.64774362761375		477.236723686122
428.3403667279231		332.10800357898273
445.394687470104		306.1674674520173
356.2548469257919		471.556063604569
480.1938293201706		374.5822870776736
480.09546095563206		398.4485753878317
316.15444171994113		347.53192117519086
429.8273940026951		396.8638627889383
334.0816025606136		410.75546374672433
346.5070743824471		296.25390132576354
480.3417055562649		406.540665444846
493.48847566352606		507.27336942657547
429.7155177478569		410.9152361233974
408.0229687901647		403.336942338541
477.47127731102006		332.50487349424577
311.413702308143		459.4411915725144
338.3428038916683		369.49400331967416
334.3257191859942		411.10883232252354
415.23373387907174		375.07067222536165
469.9007484236916		320.28421347251947
390.6028777944464		335.97856630073375
380.47400302309865		340.4431793787039
436.7054866493019		268.9897319596477
322.7066808410756		349.27547062212415
422.00112054830817		416.8147325758667
328.04126101517886		292.6635010442416
432.36736320594645		436.4196135631179
491.75972461145557		422.04132054719304
442.877267820839		383.9954184009335
293.68526574315877		324.0781050154221
414.39368114846536		376.8237381683095
407.70166927759243		497.3357024007017
314.57498500170993		327.98384843254905
342.45843636272383		366.0617825903287
279.3689526594982		383.9140142232943
466.32945589068476		362.47820689132936
441.8390535173942		403.1533337617318
279.17119448956186		338.84752150553487
300.41518633751787		500.3586148108746
437.1913254166377		385.84542508186075
383.7556264843804		331.29287300973834
403.09686934176693		302.6979583398148
437.62921544800435		437.6127830134496
380.2221688125731		507.94490101049837
384.0802385683132		428.09280412321795
352.9084968585635		375.7951073136381
392.5920369722489		413.1997437262181
416.98049588951176		414.49284156954764
341.84564323938474		372.6028261934055
254.63128075015103		337.85161593845856
376.95468684083045		392.609403124322
426.7656368456551		466.8615754089543
404.908175297212		452.6950210687866
399.39389532685146		395.997801606087
425.1145518875429		430.14755613070986
270.23556114504765		356.7115195988066
370.323274451712		418.9664399113581
422.5040982656825		335.47613587117655
281.9019472032028		368.94290601250816
430.7751091742778		355.64637946506235
348.3392788973648		363.180560937707
444.1656774610516		281.9732743490662
447.35855393819406		311.2870997213547
415.8000303782813		443.9154533047339
279.8693097910633		424.1944789757058
439.78248944969664		266.1467207610466
371.2196276671932		378.35708994981684
345.6975382108945		376.7312225472723
439.0058183558313		461.8237810329916
354.7772076515473		365.21759390851855
446.762244257735		425.1797284859905
262.9917522527852		329.3234671327323
496.6689593377694		378.10982490233647
415.7059266837269		401.66683475343933
422.58076716739845		399.6471657658204
416.286878223725		371.2889938507261
328.926968711468		323.60894290555854
340.5468694798428		402.8243664276047
473.30237518933365		368.08842059815
350.53414028139144		322.2856822958735
278.3773663988691		499.77867035137245
365.77922223087063		360.7615886168789
389.58169508639384		406.1322885484455
390.0907137164716		362.9507577907403
445.0651454945339		393.0762982333263
278.1504898639057		392.1051957760829
288.33158974245777		451.5831611154909
283.64701837286736		281.14274022585437
439.6588981358556		418.8015362451199
435.3942916207101		379.90405166329356
346.6789048540216		306.22693871879795
300.57489144169784		439.3147757712885
471.4400468518292		500.19736155682824
451.88154882924465		418.69355180742195
310.15111949781556		291.3302138302113
438.1166937926855		283.4983171552991
369.0956464462756		401.7116708588022
400.08860946430144		429.6527647321737
435.5038484202319		311.49444954897257
477.61730844697615		473.9848550804588
380.4008678430349		370.61179759717197
331.3162588653587		379.6458314243982
508.74155434605603		341.61975495356245
317.8795427152237		345.9958758495409
323.6518333431411		424.6394820920758
506.8017000392812		278.07692115410646
481.9459285086086		449.85099887707054
370.5281329051554		335.18259343199554
404.39770824773535		476.75333175444996
338.92637240747837		324.48452171539145
345.36480252158447		310.48281881749574
334.8556041846039		451.596568896432
421.3808359867463		390.33531299223677
389.80970241552956		362.17676528029943
328.52022334678276		429.52114972578266
454.27993103243267		342.68853036414697
425.95788690509517		443.0127698300882
286.37687710871523		244.59133226443112
291.9014302648094		473.70447387856376
401.47384886157795		415.36861896403565
414.0951724912327		462.26366228719843
317.3680782236933		322.80655304418394
445.87918864401945		468.8844677556729
441.90615239107086		376.51340351977615
393.64287467819486		374.3380001364867
331.6492515300744		336.80621227140665
336.43830065595284		374.00252057808177
487.30747375870794		340.3820805461741
352.3241022959201		385.7261601289909
499.68613412967477		322.4362497185835
388.8616191916869		416.4247975754752
445.13518210467777		531.8454758713583
400.7273443065432		473.0360247193842
310.85970241767797		459.36733992630195
400.93712705112006		413.84366458986113
434.5422783729918		494.12963520206597
316.4096193129381		445.13231282563146
420.8797566091513		465.74805036086843
440.22275874363993		322.3338935960222
307.8897302722533		331.34897289658204
253.33685253620368		313.20844883737726
404.83126878474917		308.8830259678655
393.02062926933144		482.5799533712942
439.97975417531126		313.6157349069495
511.18050046439316		339.09032152831816
364.9291750611232		323.4619169577375
281.88101149591625		410.5094838429254
387.62201782946136		413.9373688212841
377.272068931875		428.80533044312955
504.67065412847614		400.962054659929
401.09034422983484		249.0233145526563
307.22283540148516		344.7596055990998
347.95629337652565		342.0091070301222
412.0445632432952		435.4042166626639
403.5219986466065		385.9322620285494
295.3226788287048		328.6227836590231
348.37519016875893		376.7598951558562
466.20835320702366		439.428278791098
327.6734147199441		313.98115161564925
406.66965942016236		405.84307367232236
457.79462913286295		367.99432286323287
328.1469135454625		471.28476611669583
287.60044668988076		292.4064244623386
316.0958501089154		278.48729190703006
464.8584907500256		455.8612381441685
314.8364001622774		508.3369647828071
421.31210937575406		406.63391910097016
405.08489838410884		425.32792836646297
498.71392353637776		376.1033417394683
440.20568576810405		417.21334568023934
386.82687926219967		461.3040047710546
293.8403518309194		344.6438509726019
454.0476745140736		311.1476215451523
390.3499253023342		416.95630158199674
492.03398673743374		392.36447750348054
391.96272456219526		378.75361958550167
414.8490790420037		458.68370812069435
407.4277557966583		386.0720586166489
261.64415147650084		488.5988733417165
455.49033801154366		395.3111886122302
353.1580446785325		420.8122490790847
357.4859976621241		273.0016158819528
457.50515780910405		424.8799288822524
431.9346750973796		388.5127357055122
487.70474015681106		493.5100575466157
444.64718982351707		469.62169588607543
463.49230207891617		307.3369031250817
432.62256410324824		379.4768653533947
374.92181124612495		320.8652945105298
331.8861524482964		339.18447724272136
337.66814871173443		345.5060390644788
424.2121708489698		336.82190678495306
490.2138462309651		437.0851712966451
371.0974147541215		419.67693706264197
400.76755732279264		371.2410596904025
420.7031843708088		426.70357723597436
323.4957488361937		315.64270965654003
434.0333460351687		399.4272692881413
336.55785354589653		434.9634249450064
501.2142628339572		472.26988046316774
454.71423686362414		390.7925881995253
439.48783412694763		465.67479932260386
390.9399828325316		521.3676722689223
366.26397126190335		368.16889723547587
449.07153646005315		489.2875948491553
365.95105268332		499.9311128468961
417.068513548344		361.2558630496715
504.6765252111295		490.760958788442
436.9188006391899		325.8501880590635
364.0754012407132		484.57678379697217
413.7044678294898		399.1848142681744
343.35466612086805		479.25984262260937
249.67753772723756		312.02565558782334
294.88871837090056		491.31941016672374
371.7418832070765		375.27303726037854
513.6985371586072		388.1843498307553
368.19979134878736		354.59228285933557
323.9244207337819		422.8730115121361
424.5564301435064		440.7288710357975
418.426114541587		390.4908598741328
331.4366973241888		342.49397782358017
408.44463627649725		455.13177530104207
440.5340462000383		351.30507695123015
429.35981873506165		512.0916443961319
380.93572426379745		433.06719307345156
396.8418045663658		391.30412768386407
424.43219628014106		380.9119896510526
414.73310080454957		311.7769381829508
440.5581855634138		477.18018497721266
301.8250134368612		309.12585838342824
356.94961773426473		371.2976108813668
421.8795749449333		308.73391192445314
216.5497111402227		306.99723607605563
334.27585522144557		340.4604914270849
396.13539123424385		422.5677815821636
303.60107441204855		347.4744668344802
479.04129133611883		386.0438422656535
400.5668502191241		449.67397155232004
419.16822825606096		344.32356471945883
407.32785479615535		285.155503593683
322.9559985335197		271.0656180649538
391.1387563226991		416.55485059156325
454.87239038324714		426.65462136157447
320.47740373440394		364.17836603364503
299.9513117871977		456.03096289614274
342.3422985323657		468.0153635413598
432.6243581385592		492.0704579045295
363.03868522768687		409.79400577301897
460.72914441624596		395.88729696380966
423.06376888339656		422.3035614554232
436.6497176274521		448.79419285303703
476.526467874201		296.24404767425096
373.78009028436594		329.3816504348488
464.97755563456604		349.26952421620683
401.2772914573179		502.5406413718739
399.51864909075243		298.44183678883746
507.71778365843977		353.0723532347498
411.84230208685		357.4753753136986
437.33899062025097		461.9678244681919
393.36231880924316		419.0371941998092
306.229875951242		439.28964876119386
430.5790927616034		330.0568478751451
277.63399542694356		374.46359374581976
452.21801856738153		434.1495584032196
431.84190175576435		404.19730428712165
319.5615605782996		267.7656808748082
316.5682113065769		286.62471577849954
343.37885643118864		357.13205863111295
398.1805656993617		408.81358243198673
406.66279381009184		315.5556868277337
389.4986498136798		400.4754913235828
436.43240705585407		306.34428416401977
406.6504795198268		358.74837345797243
448.39496649241244		448.80274968143175
364.37986383859163		373.11211950435467
442.4663934363252		246.0886747876742
372.719925275125		445.3955011444456
356.18449152453314		298.0015887101518
402.3675890806538		381.88352595887125
487.86500406851474		443.9520497886058
375.3771728115253		384.24044494163417
454.44121698900335		477.46006761925344
333.4924404502242		399.00067574488475
457.3787304709852		355.8806323071831
310.2933319550639		332.4506976886838
303.9967955485073		409.05006237340956
450.69443038216775		422.7674267755965
414.60841125752347		380.77507931011047
399.6912929900159		422.06252500157456
471.6092638988603		385.11066865498435
483.737150830313		286.56763976207793
394.21773773465515		433.7779557262186
427.2625852241737		438.10817803589805
359.32772871581966		466.083436623808
442.8671406574448		423.16601921645974
440.7622410905683		481.6957776811718
454.9627592834305		427.99128281337454
316.89768216073236		403.3951506004819
315.0430157111233		326.606773178857
440.7901200780291		423.1399917686214
415.5684401910666		492.44740871030905
328.9781755311398		345.1683590224261
523.2586677154768		457.4408388103965
350.66210366987764		346.5971470330767
389.4687730018009		375.8787229087145
298.60483322319294		360.25395251225484
459.536225540755		362.1932851000121
374.1912951831258		385.5436031554835
419.09963106688167		389.3331499982779
316.95788208633655		357.6225348232392
349.7235682405345		482.20663875251097
446.76845400195543		404.19375356363105
396.15706817011244		415.8450801517714
372.4184406967258		371.5803227417827
341.8800052404555		426.71527523477135
428.2520521658671		350.71770802393644
374.26905030211		481.6841800054948
413.96083938758227		388.6453219336446
424.45169928015		402.4762174818544
450.3299241085981		385.4397580125747
404.8286480968524		391.5360821567157
250.80470648669655		421.97671805756215
384.26007600784266		410.84798651642467
459.77745174403304		298.88462391715143
373.37445238744533		411.0998185487244
337.1893960174921		285.2424369451763
356.1094831106404		464.64215680614643
447.6163044677008		355.8785800834097
442.00305887263977		397.9109846122981
413.103980124031		308.7951452335954
299.80071024881124		457.80359953077584
366.37348387469734		356.3726296424706
427.6833032957995		409.1064901392263
484.15492547893103		368.9955971046031
378.1085246490365		361.5023595396742
312.5764148843992		419.2902788440149
367.0951190001825		435.50238721025227
410.5636954323725		406.72951155382384
314.60775855302563		507.13510400176415
447.01145173597627		286.0931335788402
358.81287465077764		406.6321741824758
381.85583137203844		403.9880065468605
382.50114864947085		553.8844526859741
427.45159823166676		312.04714668456415
409.25331148766816		384.01952907144374
302.0997391902845		469.05275631614506
329.70148185469725		283.1215773862475
473.3646960734861		406.68903234169454
296.98212315942766		327.57050510043865
356.2867917621566		372.2671857906032
476.0219019343557		491.28512546116946
365.9461598159289		372.7986824309144
430.6980447484169		432.92368550086843
397.8972858733741		388.22046106702646
414.0740248001034		427.3580945390184
406.0891081303559		424.2355381510046
303.8834615381364		314.19950098088054
450.0957489320786		444.5412306369855
382.9553458076428		391.0159488009582
355.1964694005041		509.5021187310656
438.83116644881835		378.4505833311857
467.0482560680112		386.40675801632597
440.8699577040595		431.8733710905523
425.8393816268743		390.36493376173274
414.1384857995242		407.89150782887435
420.0157446521555		450.9900751060188
428.0790052173236		313.0267554519423
432.34753434487016		308.46173583773196
384.51086793214535		540.1578589992548
447.8466818977846		343.3724576388971
284.8056143128354		355.75974094118686
330.8438712417392		441.03284538050724
345.7139633592251		349.0328568157395
453.3953880762404		388.20683744173857
351.5926837230013		478.30839645496974
275.856138610761		274.15889756797145
334.9863776900958		309.8804403516857
300.13901168361895		360.1512466528968
343.3709494187921		380.48933197504067
339.06958783251355		498.711377794544
385.4278598060776		381.5273228964833
329.56831551571713		355.4531020464435
472.1299907318874		413.8068827689719
426.4487642785989		392.6514305678492
416.887334488096		302.31130287372997
431.95042714730937		272.425072310674
392.50323044721415		474.75390870076643
431.1702258295961		442.64488091129795
369.55006079891723		344.3780667028185
442.91944392356504		321.7773028302993
305.6562295930731		480.9333736250131
289.8830258832782		366.2084693356436
439.8834750238772		371.6011159955291
348.3590047219616		304.6672604108436
318.83923072420754		316.6012768450669
299.07780175574817		437.06490417196125
444.5936112155373		319.71527231113237
397.3055036117062		257.89256769222317
352.6459824365771		358.2507238920329
287.1493935616269		362.6041572332236
362.1125805499696		327.9993293261998
326.9527948768658		488.9742272955107
469.7125941681202		408.14192312983005
356.4240787509967		368.20951150116275
356.52102766399827		524.168431308579
429.00553259520433		285.7723477323821
408.43537644371753		433.7093996064377
481.53470909627225		380.18030404965333
311.5455948551637		408.792586035301
316.1005550665661		379.3220620416023
475.83762912648314		313.64825980532487
347.2471726264263		342.1968360227762
393.50425078346973		446.2369417501801
356.2441027871463		367.2139151958861
290.01965801032986		464.63149028210967
375.34506047667315		488.7761378126903
377.85031788343906		450.21548305250025
361.3109843528598		348.1734586085175
378.1478082777932		390.65174799317657
479.3933057306159		418.0760787970421
490.41627028725014		453.58143241993855
428.4013391366824		358.2295229725661
356.03821354109		342.9986978916958
308.5341993901265		348.4788728854999
409.41456984152853		348.6783984625022
292.71405243013686		445.72632526161345
413.28448013068447		382.79490781710007
442.2438051591452		418.4145465156175
447.2916339934779		386.64764334727136
282.6526519419902		434.30749912959527
308.3824785059758		307.237595499997
305.645616736715		332.75096354581717
467.77508890289255		407.19989862471664
420.83488165711543		432.03433185323803
314.668519522703		468.95237028564446
399.5716091573779		394.58370007054015
338.13496936637557		339.63031013961563
423.47281248456676		343.7539444196282
350.9677911800355		340.28079670773207
471.54165708921835		323.7496375920788
329.6935709480836		377.0929791114789
371.2495165213515		350.1310553564851
430.38616096094864		470.584913495004
374.1205053522166		331.45437783872126
444.21731099535447		391.9893381863263
391.09305530494254		489.3000860108237
414.4967558948727		430.11935699209204
447.6472860927489		363.7447782816597
290.09900663040156		307.17729959601536
405.98103922433404		396.38499413354697
490.50768933414065		425.253213423406
264.94278872140364		442.7376866585961
329.6287848793557		468.6056594156559
478.242489482724		388.9989297339466
490.258460337713		352.92851276440615
471.1633303598526		432.36793096004027
306.5480798125446		410.18032075025485
469.50529263710104		403.145019815233
524.1975286693105		380.88013015618884
382.7117727433649		451.95142970454157
489.69102034583483		429.75008481175433
396.26505302646694		341.3491773449251
400.9708974430578		315.92272574045836
407.52402140125844		406.02947275179974
410.1988825346645		385.633352736666
474.74959680490014		405.340566174195
233.6946696963472		478.03249617785355
466.5067848274972		403.17019262408604
355.28626199999263		471.9833955754451
326.7728788735732		344.4458176302418
359.05518015554986		431.70462111346495
398.1743310634885		313.20150591986067
455.52216748366516		392.5343168850493
406.99707210361913		432.3085691186193
304.6344263624546		309.01782143801574
420.3845292745246		390.1851116791497
446.4568341352963		432.6435253188479
361.24618257726223		375.8616792098421
311.9889060809819		356.9350981799854
277.0344338880436		275.86059987686053
310.1041550717655		379.5476030479736
364.66509518957724		394.0684803311315
411.897015234286		428.9086234786946
423.5298904639272		284.2691198494704
407.8977917223967		342.3569842616678
273.05814514034364		279.95733519165304
393.5973743408125		443.35984782425646
375.89931919631374		408.98672126990164
460.3741446295661		367.28598033717424
441.2387687331585		412.36323179185865
442.7237869449257		431.83779760499317
386.73177121481245		374.64702420927176
425.4605404133673		422.5838709606968
444.50207613413176		326.41509757565814
391.17185487712084		430.2677125922703
486.52936507465097		398.1808454598526
393.3270032882406		336.0876799352532
417.61468210063356		397.03191375384864
389.56963527127135		456.9019374402406
312.8425682365013		382.1163018697599
299.42089254426526		371.3252130054313
309.9005376603432		404.2298672851683
296.4480316221257		343.9977894709205
271.3913719379632		475.0824581184476
360.2997713121482		404.5887658293563
386.0171937569111		421.2942528976515
410.27816130176063		414.36886626685
466.7754516732261		405.0809918545681
441.62171110202416		392.1285189997987
438.70856530614617		351.2109343029215
319.74708445562715		468.0568660170389
256.3011672435714		434.99580110362183
292.300596400163		465.62600230767123
298.0875330102488		437.02321930682103
416.26802819275736		377.5912935460668
445.0619823791802		311.61637807264
458.06765679945545		436.08049180944533
409.4016024903848		390.9104452286607
400.0441170464904		383.79958849824055
404.8519864604625		399.72592175877406
376.6199574393164		482.0751254890009
399.8453650679239		374.04977749036107
460.7867328073074		433.067677071624
333.03073561291677		433.06877182701277
316.1480107347247		487.3536494225458
471.3272845289056		368.14228452027277
334.54942252807194		401.3034316818901
450.73461885892954		434.60448420049255
418.2965613374746		396.75895335512513
376.2852959577663		372.801988823251
392.0132260464526		491.39615926536317
326.5777597969435		462.57839634999505
382.4778480799768		472.8440334188306
432.17572253161904		462.3668681723678
500.8776766919192		386.79066846520834
435.10198055135305		373.1220483486375
432.40282308770793		396.1831574591571
507.81912218885464		438.69291702196455
476.00911505975665		471.97200120724693
372.24215872751654		381.80037404398206
344.02930728905375		280.2934551105924
454.3563029986932		343.81168747879883
406.26940310753395		329.12813528535105
334.3528665018912		344.65404288772254
404.9626224027911		427.3595503601098
345.22694024090737		316.03461847102835
321.60855787873777		319.95170089794493
396.66788087721676		361.9925858687833
382.4953510269833		336.92633944592916
380.36917611215006		386.33931288521876
466.5171514428781		366.50779308574994
314.39497668689455		415.992364425849
294.09847275839047		460.3784122678231
407.5205795942191		369.28027443269275
427.20488383488623		459.80656733587284
403.3059456455115		472.9118694525137
508.90037653345513		448.69528941926353
323.74340151913697		442.5262822038015
481.15291906820767		334.87097219404984
320.66893645283193		291.547194683511
303.92205359157504		439.54095576307907
337.21508230391345		264.1257298995881
400.9418233187978		390.50474253085827
404.4255268934424		452.09374142169617
276.51178680448106		294.5592845898987
377.7545327365684		336.7881360595959
302.46173414541306		443.58255803324295
415.37115934190564		421.27309494851073
313.8122455896813		509.4173548100282
362.52711852217533		291.3646126609835
339.49266998783787		414.38503080008707
454.0871665067963		302.0657638927588
405.6346377448005		423.02272098905
397.8681930574446		344.5182030473518
512.2439184290721		469.43574274585495
401.04974967011935		283.96444288392007
445.4500872530446		384.56292456922586
347.7923309009565		322.56717507329597
435.49786139265774		308.92906863212625
378.48859835312425		460.0073574443226
420.12204964084174		431.6342809875072
442.3251081290309		389.1652556375064
450.3109174053708		361.0777504674059
451.27906807786206		473.6092738656622
306.00479614353367		311.74447088303805
358.52077149490555		322.3447503570596
363.19028547218517		399.5046447370078
268.0705309912581		482.8728871713177
356.6822106296184		391.6985281693374
471.8736213668753		413.30603261868697
461.8803228439863		400.65807272313623
374.75485882382503		391.0307380288725
377.9423559167463		478.0168401901617
347.70332083968896		430.38012031992497
463.43297636706666		371.91233897946256
468.2787154394711		392.33433855685354
317.50375722906836		485.5275596473821
373.27590993290676		447.62805455698447
422.6623275119192		372.81577486954177
276.79374048313343		463.10182065124803
364.76074349103243		327.6954557505293
363.9077951931278		396.2045245324218
435.153546037603		495.7546246123548
284.21529434167354		329.1930580247435
413.5757571660982		330.65208259350834
453.64325678652517		422.75266394819806
445.1270184932011		258.8584755552562
376.3250200317169		374.5880466711071
347.086317283057		407.3505628573683
422.6560577796508		455.8513154260073
453.1180073056326		293.3253385945861
339.4472839208163		384.5420915211978
369.71703319184047		514.4526422030951
413.7716810271098		368.88630601905265
480.28008758373363		274.77545563072204
418.8094112722306		448.93129154112074
347.33885752382366		357.72529998933254
398.5668437358477		318.2086066170547
430.371221884286		423.94038539647624
347.6919089113711		427.66351944404124
418.9640518892613		453.0845541625948
360.59028755312386		400.033074290877
408.2464669189244		473.6530750601765
429.08861932851954		419.7048559026648
460.2423477133037		302.47449027595184
283.1859183800492		349.4684658248416
388.90103448265376		327.69075493517454
420.6467196607335		357.7950029444317
463.6792457820039		430.04806443517293
435.4289518478503		385.6323812692675
362.1733209489117		416.96229279089397
371.7412357506541		479.7711575160349
424.1085217958842		394.36571495159075
434.5865583406562		338.2350980698567
381.80486927076487		490.22441996127367
412.85947617345033		433.1632469532935
380.13842835479255		434.7487980592926
411.1402265302886		456.3677104423666
424.5679216866241		366.18746583145474
324.6171246558864		515.2657530940035
472.91110911973266		422.6626982027073
441.83841522137675		349.6016389448964
337.25313086898296		342.5984144433414
415.3498088950543		440.63674806124135
433.2089972742619		431.9355868691222
398.26341520919055		352.60284505466467
441.4393213597719		330.716560886071
508.7093979026079		408.4635751776084
249.1048642092481		440.8437798170886
360.72924905270133		472.0294816262252
434.44399637676685		494.82313051526944
388.22295838876175		405.47408781120185
430.8987723419236		335.95841777112327
465.72781048671345		345.80074829954015
392.97039187447035		446.0706048077269
422.63587060570995		285.2908486419164
439.19368503473555		393.60642279347803
305.3392640205163		466.4262534818391
383.0039083939748		335.120215066231
346.6246036108022		386.3157317779845
397.4544047369643		418.76464002912996
450.75439304513344		372.90849981126064
364.77019432789484		405.9427630320064
412.5518022723588		396.68975014245007
268.61787851288045		349.72588726736285
385.83720752133746		357.5707733881463
281.5988624855063		502.9948518207189
354.4228964503127		374.7252379296555
266.1884081620542		467.04040033124005
316.26931305819306		375.69052032697607
464.59594698192734		422.3700078926483
372.59717058949417		440.3205030645505
302.5862650609036		491.234144988218
419.6466277426449		367.6704772030055
437.1071914316647		453.53529124304464
356.245604886468		325.8325372439558
359.2933583831897		453.05775628444843
457.15703065590776		374.60038756045384
374.64258136556543		419.9684253832148
429.39984832681296		402.43106155955917
335.95542192714373		466.0383355245131
302.89833847431987		469.59834007383466
398.23292161774935		343.6094038999676
364.4206995072801		248.11806491629665
320.71155309929213		454.7150890466712
437.9866897512677		420.1129695480862
487.8566012533353		408.0940531565689
412.05665523849507		440.7436691014315
489.11770205670774		449.3066586783422
383.6232621987793		429.7196940769991
323.6092851396109		302.95915259488646
345.8939406329623		339.53395423939145
365.1547776665566		440.7738282571325
405.36440544440114		487.0762979889757
439.0799090318915		356.03816280285804
432.53234680395303		496.444371891564
457.5719376797165		306.59558745232647
379.75541860247364		415.1852389614471
421.57857172323077		384.71063383065433
360.33990382410474		298.24038937427434
293.22488768503126		414.2614409290502
469.9924723321094		367.22041579228215
317.79176035644423		363.1008751310254
412.753049026093		430.1497315575212
456.03599315661756		335.8153768476807
412.4955977853473		317.8635031214344
459.0670647719978		457.57745255306963
464.1289767564317		453.0221706592924
329.115794410162		454.4482769659848
454.5841126518011		470.3486977941994
324.826878885235		333.0860962409095
382.96930867525367		371.97247444408106
422.95228368786377		428.4343154235606
342.908704466705		348.6993414331126
469.4366602519885		449.0357323791771
273.66699595151687		294.32950197157305
488.1346044241104		416.2109039270962
344.9059089814017		335.35414009977774
478.59085984414287		394.0719604944238
334.11394257680035		332.44879869307005
444.0457332665376		308.2628190933788
398.54247916085325		391.76912670992317
301.5107302042314		405.6766277297264
383.9158761454613		302.4148576451041
242.33729567168524		439.7620483377437
315.82614667685306		439.7117493388348
396.80977253178474		407.7836617758712
295.2250823068056		459.7550796605913
302.5089010980572		365.6110298429779
273.46807640481916		441.57710001986254
318.2508714502385		285.2644573549082
402.9544635655822		404.4936932316639
494.19939667448466		341.20200932041564
338.8483564017842		325.622192720541
317.74813090487794		406.45383828554736
267.86294672822675		421.13690443707446
465.6925513215136		436.8660439190342
414.6257741929801		424.2326626077446
453.79587113011627		482.99341431438813
394.4711871997935		410.3817678403528
368.10389643450804		368.7491842964367
380.7367135674318		447.17410188681686
294.27311943384933		349.4957480027022
397.64687716164235		354.2841846537982
436.6373922341577		416.9544580084921
359.6378375803332		425.3617454267513
292.3114947199812		455.34951122881193
285.95244234515945		362.97843709591314
284.11728854271473		363.4955217716787
357.9260904253521		383.7307994203739
367.2941765416551		365.3450949741517
421.1520247536748		397.48785412367647
286.9898050724869		427.09522413834696
411.0742276874476		396.22569415095137
369.6315565432986		427.04561810440134
304.50808461145425		407.93005881616887
314.37231358616475		293.095146782563
492.354082586297		297.4548654960794
430.3784335672819		374.63879487525924
417.51592877006107		398.3004900793282
381.3868622767169		349.8772445544
359.4728137971827		395.7868638632501
439.71638154362506		371.9931045009524
339.9323810195532		356.80765855917394
452.3039828250693		424.0472712399972
301.8117341683197		423.22025719450323
446.6608628654326		422.9259366487687
448.31214080711004		439.8181364562552
429.5682028443289		443.1133831663696
481.93601289043914		390.85085302307164
423.2104794310621		386.07614526280076
482.1908696788204		451.02335328647126
431.43377990402564		369.89017383511896
436.0209859322808		439.2424812494198
441.2723451295462		430.99576742093467
363.35353751827125		355.07768243017597
355.9163543389953		313.3189720098524
348.23698557557157		480.4733495563546
440.47748975910605		470.38990867396046
369.5105824017779		420.57206813032326
329.53667618266854		373.0504974472104
366.59156195715326		466.88527595899086
410.0203447740263		391.6002162588401
381.12913710343975		358.91546400811404
397.7040738782912		265.77604807356323
428.6021844923435		475.15124278870024
382.9814015966409		320.7266326644533
350.181722818588		458.21891295910905
450.6962855660526		344.38155799113844
333.3755180684367		378.69249600752977
474.977585059823		398.96158555012516
416.74291573437375		374.6510813659427
408.0684541375223		346.01391513864047
307.3687581996424		450.90094861720337
389.4600183003204		496.2438497820986
318.6035369716234		393.9097440735409
408.9180196406909		361.71756635678844
466.27886197978		366.7743675301709
364.0555255611467		392.80981626779607
419.8508178006736		394.58891626049285
372.99557815599445		387.61921039540255
377.5647811223471		460.4233143811756
517.7108558547501		422.66784193779887
422.93594310296885		417.52506555703496
406.10758687416336		477.628675044171
484.3693570747107		437.8802283720544
413.46426429041264		466.1474046084014
431.4712044027046		334.5966674975642
542.6215168767371		388.71421653998385
397.12273820436945		330.6650598981097
383.7202547429122		334.2795465492876
500.5969355706601		346.3279132227864
441.96490722276917		434.9633390193789
318.11297091076494		293.6591849897708
431.52688869292143		428.451460350232
410.99222861667795		459.6179434060809
474.40134281361975		302.5183655231868
353.9787803335438		422.8480493526973
367.2495197839271		371.0022658043636
417.7498866548334		457.90440718818417
462.59644006798885		318.2277191358515
422.7686424138957		402.1959766892891
412.8871632090035		466.56793377356365
272.270884105182		308.9411501498812
405.2401500153389		406.12236020605025
282.724749947469		454.1265741415791
310.93359951416767		343.60773708217596
409.9126874071591		320.86690171347345
413.902413661441		475.571307595875
383.61123604513244		465.54534568938914
352.25897770567747		344.12379622501857
412.60042224207683		402.9125528320101
468.02305478709025		355.1323369330154
463.2847106386979		291.46193298305695
427.85085763283297		244.59878104384148
353.9879643742638		335.8199537449281
423.1067714831032		423.81236420040375
339.3771234699578		296.9002567581328
368.79884153477985		347.163487030546
396.8425663015696		379.599762639954
443.8792942935361		404.53482867501276
417.99904558494757		398.04519470820395
392.9492407481406		339.2076841531641
455.0228652470177		394.33659686601845
399.945545409205		268.1267121484125
492.4845486100683		398.04372416118497
450.9545715412524		395.6895246134914
468.58633120241393		419.1917372609476
419.07103436312553		412.3814910422695
441.08476582676116		437.9794968344456
448.8205283067276		433.86189518356144
307.1352621990717		284.73952233904345
320.98439501239		322.1174562702628
387.6656265004774		446.5848514629364
316.82635168855177		356.0255671574396
375.3001877717035		465.9325573311976
366.3297993427861		415.95981491666674
424.1638773732277		385.16445011532545
463.63256540469314		381.0348483770371
400.30907923509807		324.41261409524463
406.9471536527524		336.4813895994861
493.2784755312676		381.1634146504297
454.83569907299056		286.3783925826621
442.3477459880796		410.0239986616424
355.9669837285839		391.30275533074905
406.3748704414938		377.1778887956427
433.71850737653875		414.69215271334804
312.28504258330054		338.52820413107605
286.15870921643864		371.47935892782925
277.43589475801184		283.74807140669583
359.3932785946474		368.52433921321114
348.01290720743316		367.7072373516504
293.1079014198122		363.8558838522998
428.11740804910426		485.8824943137171
342.9823547700011		342.7709851085983
458.73749099295964		449.64940971436465
462.15390746966904		299.89720255320884
389.42112860008064		389.00150465568987
414.74083355413654		390.03712293512876
405.53355199733124		425.3813116245627
431.2718047992581		365.6891951652459
438.9936235264789		393.0033211974113
316.75399424096844		488.35146885974706
402.5881100078649		455.1915682795327
374.3391644058575		411.44335716701903
410.31531674267495		401.2270547949232
288.94089245015704		288.97458457475193
416.1629695594567		388.81437105966444
318.98806546313847		306.67960038078894
443.2746538307502		434.7784971926329
364.0041476308196		480.5900072105249
511.4195485691465		367.4519262640945
367.5064839008158		380.5951199693117
395.1294117169151		363.5959880990178
306.09254630118716		341.8876290644143
455.9214776555028		416.3163639249425
424.6377696276084		480.47877169305843
316.4824484330958		429.7888191789405
427.1400677480236		429.32464910321397
452.87240110514097		486.6238175409583
409.76739436543204		405.4284106722223
237.5055516779815		383.126594140709
433.0114950584136		426.00873677136104
252.180718968438		350.17864728181826
396.3426375379262		432.06577225304494
294.3057005284809		326.58692839649024
393.0853263291363		471.35927357358224
352.7477751769189		269.528852332931
388.0341038197733		370.818404531786
381.9050607524676		382.64869650805
342.57637915291906		459.0055827119963
427.51159960652103		358.26593665627587
327.70760796344877		450.2286762435944
296.17028422704254		494.62211745913675
455.4966332695913		510.0703556018438
297.85236082762736		440.9693300390836
328.8029670015136		427.12704556026387
397.53479491475804		365.70493792236573
471.4734984641036		391.0506044000426
282.364972416935		487.13031087937634
479.6590178464705		375.24583588448013
312.7644676138089		441.4553681727709
434.7559533948004		298.14367837048366
421.7111339680392		332.54971338986866
262.35439957943004		386.4225468924179
369.57254200989246		325.97739398999926
503.39429739531624		474.08203581398664
481.945630159693		414.4882669920148
322.8618582471372		502.8715479284466
371.3144890878932		414.48401641745545
420.47380606772765		293.15027098734026
475.22411177903		385.46169217235234
405.453925926848		441.66113112241607
334.9971120522813		508.64819635460884
452.10643640012864		280.59586987372563
349.0125204315546		358.37938112568844
366.18803533882607		448.416092981367
371.5889657546543		395.11973128576835
504.21650068946815		376.7517869559021
282.3868811528184		399.90805204204617
476.93651530165874		408.74772034549704
399.2449401912241		310.7956225611238
374.93600331836876		410.08124652221477
488.6137983053054		367.2296574534142
270.01866117738854		301.55635705389125
303.17583378005054		369.45508887415525
409.21259069621084		440.72255013557776
333.55971252377174		404.2066707674728
402.32583488336417		382.2403725360353
312.9827249253283		340.679573952542
377.259004415556		385.5079136669264
401.7369937240994		340.5543629928429
325.9096558697482		435.2039362835666
469.49176108483414		526.9220976260635
417.2733551831641		385.9599580294875
385.0872027518374		411.67199050156586
457.4317225501064		396.02182767836143
471.5395254831452		469.79356118626356
419.79701372527194		354.86105793610733
479.9987204612569		382.0503661860439
341.21327290936557		457.7209676211385
416.64351852215736		410.68714705957143
335.4345060837769		350.7274663313641
390.85085687123956		392.11302272644616
437.5326882380798		475.5110748663023
476.0207293369595		308.6262996590666
387.7200025060367		383.68232743813115
398.043049094181		339.9898791493509
452.4429776080608		426.917300843441
225.03327780305392		352.8115475631604
433.036109443757		332.4036748080955
351.7607333767521		359.31757337168165
401.09693910630756		395.132235904833
298.9006068248829		337.6987097099369
352.1076553319847		407.91313303950005
339.3771180103644		413.6771456422209
449.57063877957745		378.63889009521534
438.878614878285		462.8478819787159
299.3255360846807		308.6317562523237
459.8369420827591		383.0153784572863
372.4138092946305		401.0461287324062
328.66596997432424		492.18906220307764
379.10531034751455		318.3065658304694
344.2797632417323		453.8553907585149
315.4621376378927		455.9117339298364
374.84511608383275		381.53703806924676
275.55785532491177		323.14929143255887
320.7715451959791		512.3010056527412
395.28043922662033		379.4557563330824
454.28909478534723		429.32901783680705
428.99753528410463		497.63788319428886
360.4806029357281		436.22307475017027
333.78082933415163		453.90198028481774
406.2624292663201		413.280452745215
397.34387960810943		384.5500727126398
370.9849702320297		420.86768106823195
373.17758327376026		366.96460200560057
432.2553015220931		362.3167486420381
445.56808705005943		449.3958511030912
447.42983803709575		369.2852945221051
431.59699909714925		340.3230806082446
297.7367855701146		452.36198171874497
419.51445352344535		412.4426271338815
435.0060408443632		395.7755436792463
487.7382309097848		405.47503569736494
466.06123018847467		308.85658921574645
297.05781525749506		355.32159084681143
362.9458111283608		442.6698607476727
336.31827011704326		317.8477504611166
454.84941748019105		363.17025094034335
405.28519394382704		430.0174272144854
350.77371664232305		364.2011766285192
364.0140543779658		419.26732334647807
354.71490881652676		339.35172006684354
437.66428162539825		446.7769981238421
430.16563613512415		399.9328509509071
476.61066609050397		414.1765074213707
383.28468222419525		380.2156753991688
336.26653383960746		453.9624034122654
283.47663167138137		402.8803214898053
494.98643382318653		484.0341020710694
346.1047341589565		421.2416460374368
383.1044321211921		416.84414732249957
390.44205620178155		383.58742670866263
416.42273297367495		270.23720643636597
376.17458524980646		385.6325278263346
409.3351405969203		350.6666845446076
383.9241591620565		468.2409704178333
436.778376020444		412.4491983679054
401.01713810612966		447.6963419297894
514.1905539675556		313.5688042428698
457.5637254671557		409.8557185930193
262.73664615051837		310.12944170721624
359.027948523698		488.36537831105784
335.611005936816		451.29876588422013
404.4214443706986		446.1179155062411
442.79180540423283		294.9721446557593
489.36862065145124		355.2501792630424
415.50352917369094		279.79165466408017
406.07379033895		343.4452580232537
267.7041882019325		342.1735587713308
301.8955934326289		351.2466437588077
393.0888192477074		455.9517113898862
378.2075805784369		423.3837004486379
432.22909533574676		360.77354565408757
390.3020168081495		362.5938741528558
266.65579713154006		485.93232180544965
400.3645459917952		458.44084175180404
312.94499531381865		449.7195254062476
335.73020031407196		397.1351180899938
457.9634308785731		309.5075559547616
297.83090525832455		335.38667762891816
411.6880084736378		357.51670312101163
286.625612752796		400.6117757425932
413.89188732321685		452.39824550767776
371.96038981656545		465.00271345617216
306.51661031151855		413.6276652509113
297.26556599136694		380.3238643033554
338.05590492209393		463.31264362008335
414.18749231354593		399.4293481009493
506.7746125079983		400.63214221905577
496.7587210670616		361.42260985902067
381.62100018962747		424.1892480767373
450.2562144079572		397.388995968576
395.5539662650369		389.853612583872
375.0501179701148		347.94456614917425
355.8854584000458		405.3038424033965
410.5486510261744		382.6607877835457
320.1681188241047		458.0689566870153
342.53789859891106		471.4237476555462
467.4703573953175		409.52433288600014
295.7827408244956		404.02528636707547
380.19317445013843		475.9868496578175
430.8401358725782		366.75130483551175
302.1381743048891		441.672864542084
442.56581539838606		430.1321189559917
397.85514425850147		310.7834726711394
469.5790655061295		438.8145931741639
321.94044033388354		336.50361929076735
452.9468857143182		420.96463799917757
436.68716903737135		344.31579810673315
281.8234001307377		281.582918461085
428.0371572769369		382.00024626834255
401.18491110792627		375.6097364203065
413.9202900484531		414.05230417095004
291.5486221335515		301.30974314498457
281.50932199832835		357.6697939767832
428.69412330397444		453.9323635704112
500.1563766717235		432.2708954139937
410.40716843359803		460.7141141787307
301.13460976876553		454.36778701796766
264.1992852684791		479.42099120486836
340.7759621498741		331.81388461068184
337.80110625526714		385.32285122814153
443.5525188777213		421.11354099032604
404.08147908536205		494.9983675573265
324.4818042123305		278.8827247104373
275.01655181029037		450.4978494425506
352.35826059327997		410.97006971999184
392.22156535330276		391.7923059699994
328.51670431235516		372.92892799411277
361.37771929697243		397.3162862929584
304.4839588022284		507.53011385260686
355.95586739117323		439.943500452432
456.32375285048295		384.1840644355429
432.27010378869466		316.2936581665944
376.0949003199273		362.65074423612407
433.1749409679814		386.16731457458263
415.19468706332304		404.07221412977077
381.85583716306076		392.06290568695357
450.3495681996097		407.81861489571713
303.8457928394589		360.58363220123596
335.8763090338612		336.6423963429238
392.007844440193		382.23519123521004
328.1301687607057		324.1406982627261
281.52162013217105		401.8583138935736
424.3150618108815		425.0783741087107
398.01910854294294		301.3744849310693
371.3713630070229		356.2273926800567
294.6231739894792		374.784475885441
429.1102754558924		336.2732146373296
397.46487914560475		357.24438381452853
426.39119186596355		463.37471167340044
399.39658324465665		325.29733792458285
385.68480396637875		351.6120167028177
276.2993458693095		300.50572663296236
413.9638750834557		467.31662137935695
412.45085769213847		416.91549421219923
368.62837529367107		390.40171345275024
435.44249060218414		346.9610638543836
418.72645502034334		411.2164111165687
367.9501185974783		322.9286537257067
298.2315348237164		484.5329805916108
430.445682098969		373.6135954643452
427.3882422550167		412.30601508570913
360.9676332290735		398.65061560799643
246.05436174887507		394.0856679783696
475.61749134694577		410.93927161196024
428.9416392655932		438.55805868719995
282.1687646347768		310.5776870252698
310.88495343247524		432.716387344452
314.7529602781529		265.3380192684623
372.2631692396888		420.4196371152905
393.13192439762815		382.9809510169272
329.32354114125053		394.7855160679281
317.597140645707		472.6902124248191
422.1847697715963		410.79485870507136
401.18823206525684		449.5604135119953
470.7898858564488		459.6251007269985
314.1052331406057		344.8248838094645
304.5862169276622		351.5783529825271
293.9721720740638		352.2901724116782
445.3672135698702		370.5708513012221
345.6637134471829		462.49180764927155
415.0823544760422		363.7698158261652
416.1931749725376		360.62648167153276
390.7903036134786		383.17349364782564
390.00902024466455		395.24780860380406
368.23939305064005		427.36421194467755
285.57828481687864		502.97501985956615
412.1812827705281		330.58381030862773
246.57762246478052		340.7962097640086
463.3850653880624		405.10698209942865
265.8160397197678		331.78962118296664
463.5697335222051		357.98269464773745
488.20186179946614		386.1558661956679
344.24345194916856		457.5482018584746
349.04311064866437		357.5784437641739
456.1351052799482		434.00069469781516
435.1580965027262		391.9764685435845
410.6759761709401		255.85145190529565
431.6662004148763		447.4697434955222
401.36845013097496		348.7326423537344
322.8849537891051		351.79299968888716
397.8922889042664		352.51081974302247
431.08035627993996		366.67251321696176
341.90887835178		365.10684197593025
357.47304525048077		366.4672438021767
448.8511992803492		447.37382665655525
379.15158818899044		336.1187508727301
411.79754706669024		398.8305850981272
459.1905217276056		473.16988023001073
451.1679421762388		341.97746135775327
432.74371552477623		338.466036771693
514.7435085814824		420.29045249882125
370.67536352146016		291.57105706327786
431.6230722193941		428.28521355602254
292.51693284925483		350.24704089737185
479.0680498246866		358.79607195631814
404.3572331830671		408.9663035357563
458.09156795162045		334.9693745812639
331.42047063577104		367.35139051660883
405.3534275970907		451.92673380817274
376.0441420921645		319.3360708285626
382.77470211321724		366.87972142305085
447.37930021598885		384.9515593161217
461.866277629142		417.23809657753117
358.40923585496887		387.722005886972
378.75492379603753		473.68207539828643
385.16476818249623		446.9448149663907
458.1799699882194		392.6057352821856
361.3718273203758		383.3469014800421
405.9158960444655		354.36951668581594
334.5096741694364		350.6925133789915
409.89587290377216		456.4175239429906
407.06155147214184		394.1841624843964
259.11720564149556		376.54135187263176
453.57959174710913		346.5959277073476
421.0308990434104		293.12647084422184
349.42858745666297		395.64540026604084
402.54664847736683		378.08937416231265
327.586121154163		441.9720020783059
290.1883320787904		337.6395112682282
422.59477978321155		389.6244790721209
439.3415613321806		335.84527203689987
440.33242148827526		484.7109866461658
434.63730552440035		419.8478020430637
300.37728056208357		313.7815587603276
391.7751340540359		455.26463547009956
392.04751223394754		433.48991641996156
311.0414471752901		347.1653087075911
461.25589458905756		459.5205040890706
451.27145943495435		350.25269860694794
374.3920786704615		405.71667026519947
451.2754841072126		302.65268866461435
417.47359053869343		365.93642376235323
325.33550448700265		457.38363786268746
447.6700968431665		347.8275272003226
283.6225025777215		433.18168489915575
422.1371772820749		424.274363322258
329.5713280913736		360.2800586918296
304.03066298734825		485.0032989099895
461.4204268855935		333.17315258027276
348.4691266239267		479.9585608997887
478.0857619508267		430.2319529988394
370.16613693950916		334.207545829115
369.9133452676329		334.33089042311275
420.6946828098301		433.2728227381794
342.06052146526804		363.3091043116606
333.3847698018152		309.91814515876956
316.7140452734915		312.75741160745144
466.93532768353884		398.03310026069016
296.9295313642235		452.954027430619
489.57197839227325		295.75637392194767
398.5251226077625		421.07057782581825
407.7318685020365		378.3923125159849
403.90492813821305		462.33042791435264
305.08597698344266		456.94450262066744
388.0130861567196		404.87351344912616
421.2297690807833		405.089266898842
518.7282351391369		472.7305019188905
360.4757782468784		325.43117618696607
458.6501656404437		461.0170393928544
279.09809400136623		362.7525304844497
406.333792477144		458.72535614926477
312.072074114256		392.07426014424925
458.85867711847646		426.40208682849635
402.0316438697807		468.1893929544861
440.6731804449523		426.5662314538577
340.6524511271418		339.27799139285884
476.01969428024853		389.20164602679347
378.8365235300964		436.72475735379885
441.33994863764684		318.18744213893524
313.650498292775		313.87848132043223
450.77645285513603		405.3966972817109
327.5057140215985		419.85435678609883
305.91763573055374		385.85800985110507
334.6635657605713		403.9277673018786
279.1822385077229		353.0307917143495
358.1727110015468		255.47064272292297
412.0047077302223		402.6509042758249
376.1507007143403		384.9879937544965
330.6829524377745		369.5537239149174
351.00803635524414		327.7735909727056
431.35367995920296		461.71656036341545
268.4452592332053		457.1866210587214
363.7821832823569		411.36820299732346
388.55319117601783		258.1730195358675
424.8378494125932		417.2515348282475
445.92114758002793		372.6488103783785
465.9613787952276		409.8170638222898
468.8518262933739		432.71678104743773
401.0131900806151		396.5978396974247
298.1357830698245		371.9491538761676
515.6649430041167		374.74277099813423
333.4943621094705		348.4252581150018
400.6472984576356		369.2530428281536
406.9417795978657		348.38890883454013
374.09451416312027		438.46282350266085
474.69810580272815		400.48047050827034
408.39734423226275		424.4250220295164
446.12321035278717		274.9374454607952
433.55635832091235		391.74861932055245
403.4694006794305		404.99175172462435
398.64247215291897		415.8462411244489
436.5609452805429		466.7501749730446
334.5644780482172		433.7237916783855
414.44044485218615		515.7164848260005
417.9753847270943		298.18659446278997
334.9557826106749		464.78405387959765
428.91273748831406		468.0540300839964
413.47027605089477		308.0269517584196
297.40504525341066		492.36786044054
435.94909275529983		278.66747787833793
446.8286045925822		378.54101838223556
341.77191998150016		343.5014427479544
275.38748890680733		259.47428301852887
439.04866849698726		462.48835015624945
452.5548599047401		335.58419080073895
339.6299556305839		436.4835467027778
433.5851731910549		426.9435734941118
430.54022500826585		303.6711371904162
290.3345099473617		314.4357436514714
420.6017687112783		439.4571069181986
311.83012946286544		340.2399037408645
462.63940230666634		407.2987564790351
359.87474257279115		311.43924501161524
450.3522291031264		423.8232963892175
319.7615932670843		377.4385383421236
360.09221693930266		392.5622572040955
433.79949450011145		383.06570857286664
329.54647018868866		397.4079533984268
440.6962685975939		461.59144060496646
432.87324173922013		405.5996585900883
377.80728287504326		401.68113620425646
295.4615203374351		486.5568198533313
418.33275140822144		378.4428535812491
361.97682837307536		287.466957530924
252.29534073473624		348.8179286317083
383.7738895549259		437.3962230896912
463.6916881750592		372.8269130755453
415.26696793708936		444.73751217439536
294.00169147390034		351.9631123608438
367.9091629967658		342.0536107966651
424.2179322869118		383.020181436262
411.327616536176		358.13854815498985
400.3336978768386		287.7972989935242
318.02372574182493		309.05593848133475
374.56551879164635		410.71494903789255
437.8022477376374		366.21426049579253
344.6350352568592		353.36133015465555
435.97374256143956		432.7802177147011
458.5912861595292		426.9449049063703
446.533019103455		332.71793790476164
406.0736349580464		421.67652270888055
448.86535388411147		456.03907591006237
281.5492974909161		346.05500135275634
395.8788499455316		323.9859069213837
489.1750131088295		437.3519800657415
324.8080224390017		291.0996087328272
457.17213445731875		360.81001878107804
461.194471344346		310.9682286031076
354.4805425883275		294.2223509701651
422.76413819181687		411.4094761824257
457.41504925824194		278.44080121990675
438.2486227731906		292.3124521942033
476.5013825409595		331.8860800555039
372.1142024875646		367.19425024351176
327.65791960389043		450.76970751546776
407.81608284593506		365.99161435397536
323.0539563050318		293.6493966798037
434.5831508245733		386.58802269442907
321.1141948339973		294.4155488968469
451.98563693038693		332.21281033727695
323.67643161486916		384.2816004539603
397.7503168437362		390.1933542829438
356.423796349119		299.258901902252
420.139936714177		355.18251471833634
467.25731442723395		397.88500691785123
405.38498249616606		404.43772177164465
410.1932846109807		467.49368674978365
396.25217047050063		368.71960130328733
427.34518200058716		381.899911355055
407.6212555296673		490.90071602991793
372.8958931892167		417.9803741071837
459.95484453052893		402.09273889672255
340.99944013821556		428.2912285106287
414.152754912161		355.07143377170263
464.8116123963105		357.8779120721976
418.30578236317274		463.7934618130621
401.4347609755308		394.00090013003904
428.15108678288215		366.344809190049
362.2611983164204		371.9406388737144
372.70135777678445		386.87343808998247
275.7486545614371		460.3334126431922
336.2476395975756		318.27121963300374
398.996689163795		337.6793146765329
321.23350511404175		376.2621709424076
386.79210654455903		402.53131396011
371.6751658492381		398.7041518753491
394.9230945366635		373.5462403427908
372.946955810376		351.8591441837935
425.7684004680909		368.59897802970687
406.0929808853902		433.0695855393717
354.6102967088563		386.02844439638613
415.01545213581136		365.95789903903665
436.50437516848496		343.50333226077527
256.75351203914965		355.4278468355643
262.159059402892		437.35011474228247
488.54648261094775		428.47018406396006
438.54815268148764		338.54334156221086
289.2655702953875		378.69124498558733
255.55118280536996		316.96134229150414
361.4266711095562		281.8823787862478
380.11887238026605		505.28409185060076
385.0048566623755		405.78970036959566
412.8863403340327		435.3663302324892
437.5783836272552		406.00919586190184
439.8894725675361		281.5547169334279
285.7443824738217		440.0791665480301
473.1987652096591		484.318874682529
306.86201358737156		481.853109467508
364.94009433604094		388.6066662610752
315.6288605419732		404.5154895253267
490.23042987049314		375.2041028956674
425.39262341502905		358.4310070177933
402.68210627320326		311.53152320965773
398.6276281411543		487.23495911726513
287.1188987388296		364.317864816788
333.0162203595501		486.7259783815364
463.82596266969523		396.02411577868753
479.9654458780259		446.0055036119731
373.48606030947707		386.2137409553648
316.0010196383381		467.1794531782943
294.41081228896184		297.100192357023
372.0232530139051		353.12460460931544
498.89217073725445		390.66615089807334
381.40396131338105		352.94771243195345
491.30430680385405		309.82152264714983
329.2532916258728		262.41024181740556
387.2748184042973		350.3684981021402
448.04670568775646		446.33492589904216
375.1699847909669		406.2530182748453
422.57773634640523		443.95385843047166
321.56654520908535		309.17167474054344
392.074499221316		415.30843013109063
317.34410165991164		416.98762586252724
500.58971689249057		389.24564325183104
362.2824859476552		410.4289081866855
321.030513268302		476.97164172629164
478.85556501249744		513.7794555900825
410.5205862501292		473.36135785106563
358.8111739370308		401.46130429291827
397.3258657158088		386.39618577630546
405.19328621941816		276.79602398379274
403.7551418073729		461.65679349944685
354.54610075160844		457.0069626915337
424.26276389452624		445.2284029898136
386.3711970135209		405.38910260436853
417.5341199921562		363.3889841607328
398.6286845190038		424.32024762724313
414.0089577008024		357.57872985897916
413.0002869286112		316.9188771407872
335.54352421282226		330.26819847950406
425.3190416993064		419.8168870327877
459.45669143183926		397.1959716135927
301.08143097361653		485.2948422518021
426.4320467484129		419.34325530701227
401.9967254264279		421.81297384705476
406.5380810888036		400.0584862729275
436.2148150138525		397.2779760195811
373.28676682173375		382.00209671266947
443.94244238794363		410.60392281768725
426.5172660303706		426.35435798952085
434.90071465726334		404.62840139093663
274.41636805633635		476.14537772842823
371.1338376663602		388.0854974688342
416.8987432661362		423.8395049189871
426.36501843510126		264.51044194474497
367.6332806468053		351.4042028287283
365.8124519702344		398.2242009571114
452.90143351790107		254.45315566101618
374.6795650757513		470.4782088872189
296.661763656865		488.3166424536836
428.9014643247698		440.8271673264391
