308.11091340802216		493.5764025385279
411.58628016783194		535.6594599452897
483.4405749678262		486.51693440842513
219.752329018809		340.39769344006504
477.86644373653616		268.3137958753855
487.5487305545248		374.50214204732384
276.2891726507784		448.7064061604974
282.5469837100378		446.83659843386096
545.3371524866776		424.10586342294977
485.9229720655528		300.18766915919167
465.9350798177558		364.05594927825933
516.9484074653133		347.9616863809643
328.34370078356767		514.4916109613704
316.3539640199878		443.2452229698491
315.5560960425965		466.01439510724157
540.6193412720185		381.330281007707
280.2067213622548		521.7128629226017
439.91909953755487		429.1568565951511
479.8344003964333		382.6165514336555
337.6957092262794		429.05649688826406
341.4759436057797		277.74628219208785
348.5082494091624		348.94618265592356
336.48014757706494		317.98433848449645
386.03458657496105		331.43472853568164
334.13323220615433		485.65576963412485
361.51396581644883		394.64205527203944
443.19621897939845		291.5619147713454
416.69855028996597		316.6001793914537
449.56494454415395		351.78762374235356
296.71071559337287		462.2148269939284
309.8946133203459		402.6354153712351
459.6107010688415		456.05357671668224
248.499499757103		343.73734585871296
267.90723824782674		457.1238549677774
332.93433305197163		418.9216437106211
269.5209600383646		465.9755856562974
321.2709018004843		365.63955135535446
379.8044802855288		399.57265786786553
425.3114646018506		332.49557603900683
485.4000783932279		322.2739960170228
344.8190269686337		494.06278396170603
436.726354564769		406.50831776292205
411.3386168286436		357.0940085358063
442.72561689570864		465.8548460276836
357.9564405787652		380.93540743816504
456.0735105397913		370.7695922405409
331.2862033417349		440.93354977748885
464.4264198813105		363.608575941064
382.3463055574154		496.3117387761455
369.0192561273614		400.70457717448244
434.7304192590732		370.87441964264247
487.8853768920182		361.8764878276125
349.8918452686275		379.29889659809083
505.115289609243		458.06531374331735
285.56879013838625		364.82537789689513
301.8585298370597		433.528722202116
441.47968711618864		432.2196311625413
284.2130046666149		541.3206612934665
463.37229618826484		311.27849415597035
427.7020344027626		472.2922600947438
439.1691832815712		313.37219629936124
453.74328377311605		437.68472476875513
388.0825984371548		379.83802916799334
316.9929156123829		430.64088914222833
391.08847126116694		400.86610586515377
442.9048714470792		353.2727785143377
468.4853193513471		386.282537638195
317.2832217322267		375.04247763999103
477.95158603310097		315.7150441977707
336.8147122314225		316.5630584401552
334.91490392848624		277.14816648999994
418.81821694682753		291.5880951607259
304.87085137516294		344.891091571581
448.8599850457491		458.30633852991645
318.09360624406696		421.01828956766013
398.0963635126431		286.3460183373544
466.23388158525717		386.6725688460925
323.68970658440725		287.8658138598824
367.96802081882623		357.41492434662763
316.50539669614284		374.7549748796963
310.98138204318843		355.7583126484266
463.74861537458503		394.77249765528865
306.50381343174394		367.3935641464463
481.62960591604616		392.03316306399415
385.48584631127227		384.2809062285017
471.3096477450194		487.74641443577104
431.43339473918326		372.7931146455425
311.46664957471023		485.47260966979263
461.8209905419612		392.7025079933102
394.02308413696596		332.74823480659626
452.5536113310636		387.0168415989098
313.5785444282097		492.0352087244428
302.34195905148374		438.75734099347017
388.7973640872979		391.4805204796708
443.1085631975394		460.6315525040054
420.8506157991086		430.0870595946667
472.0884262441775		390.0716961016204
304.41382220730935		288.80407413731393
492.1124953508483		440.6262656794951
435.445754215503		507.01867072796153
311.9834908635253		467.4653869500549
487.78420788962717		340.15126840734183
455.5803191426644		260.21944957801355
327.99574799304685		318.2194876245847
316.39511207790355		466.833713982014
353.2670342517535		437.04307953617126
423.40964873236794		316.4686227797931
346.4894023178904		510.2382098892174
318.0966140264543		351.5667781009956
450.5626128939347		463.31493098592017
279.57757577523284		389.6374458115317
461.8428115479628		459.3566297914145
314.7866443286274		393.6448027446223
471.41590488045216		286.8621780958101
324.5047835815628		400.7177577840374
389.78771515091773		322.3067819087516
521.316837750522		323.54323393920015
454.1013113095668		377.4468362332872
323.4605984393527		375.1921156711043
324.25843212149454		464.6009530475593
461.24733130686815		324.6944433680002
512.2848598899911		422.6659832086408
312.49499453902683		411.5740582052212
332.18339664496574		370.385533304896
305.35649306906436		413.7406508692292
270.18780010544083		560.9266622675641
280.96243417946454		523.5525640639767
496.5396632055842		366.7380815692685
345.25697222791706		379.59646516125906
467.0820739576308		448.5360543099024
354.444961040109		325.8500193071088
396.05291979080096		304.77756698389976
421.08544974374956		330.4310165121447
338.3942906704368		412.97463269737676
330.97509099457125		427.71505483617597
493.73807305491664		387.95147744800136
334.46358385145646		370.1526791416529
307.72240899687097		433.4759798512379
460.77101856402055		356.9615056981885
418.759813712369		426.7826815606708
315.0629552260689		527.5890031243745
433.5937575923785		280.34319411562745
507.34009845359645		345.80962905357956
457.18323667359874		294.7586790763731
317.9712179235784		445.6611872433651
494.317610658636		320.24115448157744
290.4730156709863		395.85865551394846
488.8929183046931		434.70896896183666
443.1795966877384		484.5368392025499
289.8637495694108		483.3568088579445
310.1992315843679		303.64573146708585
317.3663840650817		440.56728141911015
444.1139952975045		356.3424467246603
352.7879934492328		338.60364432037215
469.6654778800678		288.2291060229632
336.0561182030367		454.5774894478391
351.88579995821834		392.39311162958927
492.0286712415939		411.6478899923865
318.27463866473244		382.3005282193915
511.76755899185747		429.4544079224757
258.4587052521994		448.57468085897733
319.1732847242051		339.845895567662
362.24168477369466		329.24724990210365
322.0710830753859		395.1881633010207
455.06445691232517		383.4840707575413
250.95607839610705		468.9042936824445
310.79106016784897		346.54286815744274
356.532880943302		384.92391421765313
314.84099205923053		466.6862035790801
470.50966827996916		417.63403512721516
440.7276118551619		303.9053074874985
324.89916050724133		475.47531261741346
466.2640984736601		450.0584004843283
425.22692105371084		348.23536127362365
347.79011548142955		453.456343919798
311.15016774440016		420.4282645612065
319.6080546241407		559.1894123233926
486.0474539534111		374.44515294195804
453.0977203326898		396.7190551804233
332.99002538512747		421.7188641182744
371.5364412214975		460.91270326361547
345.5415107256073		308.84958890360394
434.57698526768115		305.67530574446835
458.1641774168526		358.2556504869121
337.0035748061256		326.0137605470099
448.6856606577734		302.66507551063745
319.3557595032219		472.4826553646868
296.44270745142853		391.0528139919792
319.09909873631597		452.6725580183243
444.56453487423914		423.54887084587773
457.1174828606212		399.36921511287755
313.23893333400616		283.41542009446954
435.8970997515589		295.78793786299343
439.76645556182416		461.8574039021081
265.7478622082543		367.68100136213536
526.000074187205		490.8047384719796
331.61539529060144		459.9705988732126
308.6952744203337		464.3776343226999
309.3348739796419		319.5823993189906
439.6306671229544		436.78084443428907
337.7780701623411		379.9717482642106
495.6281963585798		318.924137783103
378.8947443762455		420.4349871787906
469.29876738503447		378.62539022076777
457.13359844661215		439.10701230450655
484.76841893663294		382.2193038892153
457.0641168798348		482.784475189355
470.2900661138386		309.4728657393139
476.1901241188937		401.7219932712194
437.94242489322164		341.85682343454414
337.31449022683654		455.5918657409349
362.3717833825144		374.18023178745
373.3304897112731		487.10548174122385
301.2705297043799		440.1936077890242
419.5565772523808		379.95200836641243
336.48697020460236		466.0552018733821
460.0855541065532		389.2705281409138
316.8097976101103		344.2010967648454
357.35353822972417		421.8272532759788
349.1216014968817		297.95802459513635
445.7516781535242		371.62510946524696
333.545682014457		304.0920841000892
331.35945328635944		444.8677665319019
454.0823546368382		426.0766103447403
303.87634682801814		274.90433025385744
307.4981683855265		391.2223204268675
351.55697064829576		459.8376394682925
440.606079642358		314.196743138897
443.7250192444261		413.54298490222743
352.5414542327354		473.999748991223
447.7426263973519		397.92162049816517
295.65512061036486		408.39566223310044
467.36514010043896		341.32663423638274
332.5055862674852		339.7736332081987
284.0643182883584		433.2200077442352
479.2412659530445		338.30311707147007
437.77391044987115		291.8125474548941
323.25505748097623		381.0884975354436
322.29945480446327		429.34514178097623
486.22879446849817		351.87022891374136
373.17863836511566		505.6363673332546
468.9941038320526		457.9594782332553
379.4775956377142		510.5215179098795
379.6292289671576		445.36906557326785
505.35404713013867		400.2180576231892
348.45286908555875		427.3795998435617
454.4170536046835		442.49647125402674
468.75964584755286		406.364265704477
287.7857792001542		390.43012880187905
510.31231875980245		339.03486876214544
497.31203251407067		472.44254884403574
356.6978859433591		494.6900750887458
484.6721898543408		385.07679561427426
436.86011660089184		326.61898064104275
438.36586390035836		317.3056678876202
476.13302330073805		423.71257250104435
496.2425543135448		364.8517031050263
528.4986331473393		396.5588794050479
436.1456017763123		279.0875175832457
443.3811171887796		368.80634649296803
355.59529056734107		512.3254265131701
422.8814363582752		384.56819759678797
406.399075935601		292.96996674227324
440.94818891040444		503.20179491288036
451.37527409227675		361.97120995661464
487.4363696832349		411.2505672187661
317.2764860209147		261.382791831703
451.0019358237722		498.5855733235758
367.69875864100425		455.24660168485656
409.1787210916078		385.6535974826089
340.1496551234758		511.484876243011
430.4596877092778		361.8248352169633
336.8385962377327		356.8013914405006
484.039440998905		420.7838926626785
444.364311059054		445.79612107510957
316.50237342849135		380.49965305413406
343.95037041558436		306.11812491854755
343.22463816218766		502.9027846738753
443.8609458918997		459.0691549472495
475.09736602136087		396.08759919990456
434.58863552902284		416.49699914389043
335.61703671223245		403.7363551812801
371.07655658408436		481.88120326445977
381.8139919607356		416.958036842861
414.1044333961855		344.9375593756957
244.67497660533465		343.12420437233004
451.7121726148415		385.9302445133065
469.93665394458674		416.9199153972078
334.9765627398279		374.3999799689086
441.1112982501976		389.7883321624852
485.1096975102387		359.83214029459043
511.2804795960496		327.1677000879149
479.4693187792277		438.26746184908075
382.21307209416415		372.1868683025707
308.53747836220526		475.1279728933813
439.47439630486963		412.30682249302043
451.4957579466004		435.6057724273262
357.78593307660736		491.7577946390334
485.17404452723355		393.0169256556345
319.12299982149307		467.16444947306337
254.22741408356808		481.09069307843544
448.42258078522855		418.88527052378765
352.6709836850224		319.66537013759483
342.7520660835775		408.63476183174265
326.47652758516546		483.03086666039303
438.9046086056701		446.8840643304991
357.2019410198112		403.3069233999564
470.8996222968869		318.3710543707175
421.4257588943078		307.95797629554136
469.12843363951185		485.05113427775797
453.48283814958444		473.0887980095054
446.1469662159563		418.0863120977168
485.9108102442142		400.75733275431594
447.48949199950926		336.46616193817147
452.8287827668794		343.47310792117264
419.93135353268565		475.23434628264124
349.15856989549354		523.4610825240967
356.08452369541544		433.0449969012848
307.3065960527153		473.36433903477104
477.0494542834148		482.9834786499207
428.4807040339589		337.25518337502837
449.8418593583211		360.6377476482002
439.4029366642587		313.1155549119863
440.93903367498024		347.9830238510439
365.073666184075		316.63836671053184
332.4822794079517		403.9652454963584
336.4217937884575		466.1742554752446
257.8637493110464		389.0445150550745
505.0910124893789		340.2357308683074
447.91542915794554		290.2107928430352
474.91214277752556		409.75755250780617
323.0815583396336		514.2379093097035
432.76713562594915		344.1165882841754
455.84799919758484		402.9857000608803
344.28854150919915		397.8880835393706
437.1585613788165		489.9256414581621
318.7105270271383		366.4228826795073
510.21466906091655		371.64557829089665
478.02871533784713		370.2964554299313
468.7620395467023		425.0788068331728
350.0573204102513		411.663017201691
448.04218955885403		474.7237544369304
488.08774289861645		409.0273413205556
452.268466106581		308.9947833289397
481.7966119221824		417.6725867922097
331.38709395420125		257.89932119041595
372.5341556577933		345.1913526691978
433.15442823954027		432.2820718150266
327.3071638052371		425.90435419703914
405.4574847310146		437.7966681114476
442.2470402534329		408.9571902761893
365.1865010091827		429.8126331422164
361.565193050711		267.0602368499716
459.5207826687651		471.2238154840319
457.0037770542558		306.30871345619795
429.60954719187487		429.65099816933014
318.50266781297535		486.78672675292603
412.7406910137375		418.5548159110164
367.6270448899991		377.6665794696281
455.6545811471685		349.7422736304648
489.6003969681458		422.58128558411494
346.30215779913044		421.3878355036767
483.2681648639115		394.5181255690878
463.31697298623715		345.66723814592535
434.69957197874606		392.58498290502894
495.7948681951355		411.57626142358623
323.84422135387865		379.1703747667052
498.1353619869666		309.49486790443734
316.31076747273477		364.0501516071325
425.15156855138355		327.0682127514533
374.75046947336546		294.9623761935371
473.9433227535358		398.65472045103195
478.69742061246757		443.16447644499686
331.47692587542474		372.9267953982126
317.6059830474292		415.4502343591522
326.2024106858372		323.8553748856903
484.4477053824355		286.81442772742645
354.230228763336		294.3526088418163
434.4658706297397		399.7939751844045
324.5847663944726		396.258548357733
465.44475761161647		412.56265220608793
363.9823882289232		366.56984042149895
322.3504626126609		359.10959908951315
443.33261896978826		462.5959823184611
441.16202619297854		444.3833119878194
471.44560284848484		381.65113273869144
446.003771963232		455.7180413978959
488.00596249065836		471.0686984024543
305.339132634486		371.78656449070616
476.58267281125785		340.28798619463566
317.35729502945014		342.71754908892007
374.11451249146		317.76333855211607
331.5443890510433		355.6246920266262
344.08563784714914		319.89295905267755
423.9467536046807		312.847940399152
330.2372038202356		540.9374550263453
349.76049183701883		317.36687300284825
489.20586826116516		462.9338483653288
369.5084891902558		381.82625942337825
451.77133963131325		351.1771848554695
292.8732659897562		501.77688550014267
352.1159222423364		370.1701775698411
305.1500149787703		438.5852183734245
510.602142784712		362.4619367380792
449.2255825600547		373.44760725940574
311.7839078612198		368.7130379315945
443.76813679731725		384.77612587054716
429.56743606994456		350.841796920713
240.07859614406436		489.86731300967637
444.5184788073755		464.6175199622146
481.46963756428465		375.033600761977
443.2928738926033		402.9159946583838
409.89653438590994		386.5717747172178
504.69832166041135		385.0327943998992
461.0988591867811		313.9164406626551
473.9484415213025		474.32723884456857
503.4067958698462		384.4234394676212
326.78127670903683		394.50607060161593
477.14063071825666		480.65080285941474
330.5927177773986		399.71250132645497
315.97245085984787		479.11931375177465
477.3642585052266		506.85689503920685
354.13730351526414		395.23948572171406
454.2670728273185		418.9310022194991
339.7350980653159		423.64999582924236
344.55325643086337		418.4276814258771
295.7115458401154		472.51439827666167
440.60417606104494		456.4333168219
459.89843724075797		297.5610888399427
489.67572600209786		355.6787128054282
459.12433547988087		478.87133811638165
307.1687433939562		483.6064433807574
392.4455237476501		417.77814754658596
442.29291717168377		312.7800869436321
338.2308497439228		316.85715307013356
328.0493125688303		531.0558362759534
365.31676409419765		482.5214771081316
277.49528139585135		349.85270286010376
369.6452293995403		483.4407586684874
453.46223856261383		511.9548977192169
265.99070115527195		496.2683097124773
298.70729828175877		280.9787105485576
470.62999979508936		322.32331002137147
314.75215732582313		408.8338563612332
452.267421879729		457.7550678659485
502.8672824648906		401.32554873311483
506.8396217129717		396.13564787909365
349.03155781224643		432.42181960793613
367.66631152447263		480.7110847485189
425.5837441453475		325.52383563581685
323.4021733826875		499.4995516701037
303.28941127034307		309.8318131793958
333.46142742573124		324.8170695130878
298.5848343728743		399.45795879975833
401.69541865439203		397.0189252792377
303.9238330008961		515.4824400087183
330.7573443731888		444.5600506131193
321.31335326034787		503.11966902716676
396.9127659570082		446.3296477573074
501.0540672186528		428.29148286348664
450.5303037820787		442.0754104570121
355.0478692450509		396.12087637069703
285.8702151472615		451.4724735477779
351.8478301642675		370.2053376870268
393.9652349407936		331.8789346909785
366.8543077394679		401.57726155297615
295.45671919661936		474.8964997912775
347.18476656859457		362.0798117566124
451.4981734010622		443.511187559893
446.29148743371184		379.850453264856
400.8723516624955		479.10729048804046
334.54220237056467		373.35088555257767
325.48580983437574		458.91653999228885
396.5314272495324		364.2959628367999
345.27204299871886		381.89116005032963
475.6180826628918		320.2416373907492
451.8818085754491		474.4877197268156
462.96022275878056		291.3636982696524
429.727474100691		295.6259935139379
462.208534065974		401.72443390989565
371.92783046346983		305.22690086212214
346.82492722121		336.861785820799
518.4409265447922		429.6886667933594
425.68581307690107		331.6722127357193
466.5996632772666		513.5435679689937
297.89798788584676		496.46020687295527
422.89011029644996		495.42934710767173
324.71983013544065		394.1081563202097
274.3293938603281		367.46454775601933
489.4057584345005		374.81014966947595
357.1633935350021		398.53661096525065
302.44271300298055		443.9658192405709
485.07243562621204		415.461014460963
514.2703069833426		365.37880451403845
511.8030847866902		407.13454064410973
482.9559792900469		380.81982034165725
457.7832120224912		405.1720109608527
372.10945111083436		327.57226964603586
423.9245437939685		333.0900432383227
340.31030949279386		392.66867743613136
368.3526101536098		404.6876766597865
485.3975879382924		342.9877846019203
456.17207202141554		367.9541716076232
379.9425580296925		349.4419693653768
445.8772527434663		410.67433024014986
460.492871251476		428.2436763466333
514.4098786364741		380.74835051250363
317.6922842603083		469.14035291639794
446.6832145943617		439.3578514293959
455.26337843271347		360.2002712565777
310.4761847649726		281.22240587161576
561.5127833851399		409.6036779029769
288.75705239832473		435.44306223724425
307.5678646219724		376.3578671116527
487.2903978072761		388.2829062667749
378.2303197309802		342.76478316155107
510.01157856627964		398.45894273693966
480.79651705917394		294.3352084937626
326.07341444636165		322.2202883538585
365.8387903062735		424.46405087987165
454.8809460705422		307.9404399477661
351.93715117573674		494.6139502490938
501.81580276020276		288.07593390508
487.3934465070041		287.4239654555621
334.80973817947773		262.29682296596997
330.7524892568763		302.14205310073686
301.88309778346166		445.02217325128544
436.2453306834666		440.44848578003507
464.1454639026774		351.7474483308174
312.527366465972		319.5330116453001
459.3078818527723		339.72714542157263
312.33231905620573		363.4287414240176
332.9412227441359		385.6423839507139
343.2237270789051		467.72509009806566
349.2245425936025		362.0166893780196
477.70888534389053		473.26838299933655
332.84306824249654		523.8363985675996
439.1281888341553		398.3558582391803
327.68979591967		419.9445697576036
348.2271140683396		312.1349933551591
403.9526502615453		429.43550996067216
295.29337726780295		460.274821906913
308.1098881142531		464.3161923966773
333.5761417110891		388.12902120077
465.7301962461878		470.0874294936241
400.44528088617386		262.6823320918552
352.74790959642337		348.4449985341495
462.68106928105937		489.66275709381495
316.2010422433932		442.908279587273
266.91399975373395		395.5703986480087
288.48553860974795		440.2893869272814
449.438773834538		370.43623571405215
408.59997344535685		308.58153752471657
453.29297516365654		442.4267483284497
347.4091317952907		489.65632010510103
513.6087763089006		428.510234488714
302.55820640329546		371.06316638470287
420.0474647579581		391.6101719316515
474.0692088362236		347.35503894559673
377.0417903300482		329.05949965954045
480.11567190761525		309.3661327723074
314.9307313183721		419.5970510102542
310.3159512582441		453.14262347701134
272.982191317925		504.777567375058
447.9194199535285		337.5326504541615
331.31914394612824		420.54575230910393
422.35330538313826		498.75492923256405
464.34182119085074		324.47088160411084
312.69532444528204		335.8219562343346
433.83514515507096		458.58583498637006
478.7532322735122		372.5177816442623
333.3213188757705		288.320541593209
351.4954339661395		392.5002524244636
336.3003799467437		368.99690166753544
424.61680723799975		321.7151529102348
351.2837389383655		431.6421454529018
334.00449502599145		379.10697474626824
450.2489916885141		437.9792462906566
494.44034252955834		339.25944227304404
438.74348756212856		272.6470712668298
433.8016605853104		333.7233664455748
455.9734844212503		283.3777411756459
374.00265095101156		407.6561258860695
491.6033442762698		417.5767827978626
478.31713937064865		414.204690708763
341.70114080414766		392.7009655866924
338.84736097143303		388.08888850054615
490.9780640824368		457.0967503179282
388.5076198337523		314.4587099538427
329.86986238392143		416.0954410627994
425.4258421565734		431.5634624263612
484.6712784528608		518.1417552264566
338.27831548571777		337.62271309071406
395.05714438955664		372.57676254541434
442.08331466934584		318.5283056066357
473.6899769316071		334.9117845041457
461.7507839862748		365.60572892426484
478.5039189377596		442.87781102258816
317.9754305148136		358.0934769031743
245.96258545040973		469.3884074954677
339.05399832007436		427.37326278789965
432.64733366349543		512.0559312580684
347.7808260235391		262.30515633227753
470.7612666605288		409.1680665642758
327.31581499134495		522.5689489092287
350.2469727949103		340.8962451665938
359.8154430045399		470.4786019583738
298.15805241164276		496.7719536449152
429.12912315624385		429.0595981909587
354.22443682244915		328.1248889702292
297.0078905253641		361.1053968062529
497.3102628541042		409.5781954209814
462.9403274460338		436.2209621757735
349.5194205876285		378.69404622085483
336.3317221555886		449.94380213920033
309.1690711328229		468.37368042056625
431.29388964870327		302.2567957103917
496.2798116417834		398.2450174645298
261.5663538911608		343.7661675738501
316.0328397394693		423.5210918177275
332.1112033707116		411.55342220609424
378.9921632067708		244.85706700463587
378.3971297123864		326.06436006380625
317.4224727560519		337.3474651443148
271.54465872240706		331.70963817967646
283.94630765066654		455.20549975564967
312.8784509167928		357.30745283600623
271.6188428169281		397.07187817624254
374.5161318620829		340.9654430247371
471.37906047016446		351.50576570233636
425.45898232787533		375.02794542706613
384.62449726454054		374.5634279715331
316.33611702342245		383.5797549771887
306.9011536462762		436.09593616250845
397.21080631840766		398.42517001148633
305.8511724592421		506.6959608197941
339.73125631361575		384.65744154682307
347.79611361652445		415.4306670145796
444.9707327669588		477.80695249616696
499.6095444121507		346.1249235546812
342.37191103885334		444.83976298745085
441.46294678831936		431.9317708398186
381.61072499516195		412.69562793756256
458.90423528441323		408.0706297700665
341.8882643847145		471.7935357979603
348.28390494390777		230.06573391135663
471.7237947427906		419.9310604050816
314.01039010223445		445.37877734782944
442.4521635702542		372.47461063803934
376.63647770341765		423.54046571514414
470.32080386824174		409.9696736712431
446.6729687623125		361.57270787379684
317.0463208752676		471.72445018623216
469.91557981654194		516.2879691972961
456.12828890336505		388.80356030006607
397.26486211977533		384.40772967732437
466.78675411225146		382.3441927347289
502.59261903932764		444.1910371522511
350.8308081800646		406.162262699016
482.9549970776586		437.94446793070614
306.1716576711303		486.767660104743
491.6765476832888		443.2984601956283
502.8576173657445		352.58749577897754
300.4394435762423		353.8473439891015
463.8247560119649		381.26336388436124
367.7975489743761		455.62895254587295
366.36226889277174		503.4291021378438
361.0996583418452		442.5813096375101
452.49507435749587		367.5240549912362
358.0111637643779		399.2912761688278
434.1367444720227		376.7630119992731
339.0195881427785		359.2822559978219
467.22769706730173		453.94479746924975
447.4604074833805		387.4523699316457
298.63275941775754		400.0470226718122
403.1870763218584		266.4366396989428
489.87594744951684		473.0175380888218
343.4550510456308		306.39874219755
248.1305179561533		420.199018221045
360.59914110373745		412.85634380078284
336.15567687544626		428.78173868945385
383.81607081563055		550.6212181821352
491.9772313516861		377.2251736391673
317.4779830866089		453.23568384182965
338.9855756368157		422.92998041813365
476.1625888035495		304.12205398146705
353.7345903073011		458.8332345572178
332.80903821920487		465.8555960146402
310.8737044674322		419.02447541230276
489.0148735833633		367.43216676963146
401.8232648403779		474.465594477988
476.7372212654939		340.14527036411477
471.98660607892486		463.4195103622664
353.64425363215594		374.0508037651889
499.56196386424097		355.4839070271094
436.09206738404146		386.032845695531
263.42755623668234		385.7335798523463
378.34566662810374		461.1286471290574
321.24268344141024		356.6018332854289
463.3610029824728		468.0752434851959
476.33622384820524		388.02314509842694
383.0964026194467		402.4583690357158
361.8035779494898		347.8360297589604
487.5617475967787		330.5981312947466
408.61407260383373		319.9167166207826
404.8851094047711		281.9084669425798
277.1423109702804		488.7552593261259
388.7203250410004		410.3710625333159
398.68556829029814		461.99605810042635
500.7118057636866		320.94235326846155
465.9138322066441		384.76181607648437
441.61786313222		409.5064953308767
433.7430957026088		422.80615381932125
380.8740919220767		409.9805001898119
530.5467438649125		464.5977288642704
374.783444624986		388.67022541102295
516.3446470915084		346.60057573379356
421.7814918588946		350.2773355372625
345.1354354984941		399.8104455058284
306.1156211921715		417.0412619619758
340.5856389208981		447.8061394685076
468.0591930734032		500.04301628790824
259.2343970300206		378.697167813455
368.6627914160981		402.21529011750783
474.80504054776225		343.62807259602505
351.01620021821594		384.3363750131554
471.5852858783608		501.17613090244623
417.3792125438723		286.9598568307232
436.8098865291521		346.2926457285603
406.4633556267789		499.1015780029197
497.1275146525263		355.5140440309147
462.06496971644015		321.81479319041506
481.4232507433328		345.1123059606667
299.4294168317503		357.8918120323687
490.00175338847276		441.6793120922728
491.9537671515784		325.31634568254555
428.34353252569866		348.32973338628807
343.7850899638348		341.182176811969
495.1444463025087		335.14352546168294
447.3200429963808		387.0301442583316
461.72181109380625		325.99158764552476
367.76940202675223		393.4682632076799
488.80484205399625		475.1477076649111
301.6277670791867		287.7772781038798
428.83925137246297		512.6225563641632
531.7931604480939		403.19796437547456
350.7051473596423		385.1570146458955
320.0656293398399		480.2692150795502
461.87383171687037		270.38074205622706
423.00065950089424		510.66364856279205
373.6649406846595		370.24783257135215
341.26642668209206		487.9309340293903
357.11218913423886		515.1648958147239
456.20071590745493		433.40316381454966
457.74081982749584		488.61872397655856
365.3444466863064		341.5649345150635
413.3482415574798		333.2412054538572
324.91442030867654		413.0761187622471
474.09068261403735		391.3152692613318
301.7180877325534		370.4749697649482
427.2939019605188		469.29568724108617
524.2973281449724		408.5234614645468
447.056909747807		462.0752788035728
390.8975297806477		368.49600546577557
336.20594910287105		256.0026620492883
487.1360285423734		384.8093094887283
343.65297355172066		321.8457034651476
302.9821383804264		338.636572424904
319.5104614735198		445.0667712054584
452.7624558733289		360.2113211984197
538.3943224170832		513.6045702814354
353.6177809520688		391.58273747316
435.6637175100151		350.9292611335835
434.490655525892		484.06538149250156
371.5409633230799		368.5591008046897
302.2076427942293		467.44150643028
332.1655639147517		390.316500743697
303.32262010237633		489.65566186243757
324.721676170584		381.42927977518343
364.60320351750323		262.1180789810462
327.25114003620416		440.88026730320723
430.98129997642144		296.44566771664097
435.7415245789137		376.1699710033386
316.14440818692185		463.7924018139753
339.9884389656927		378.8559760516641
444.7022488387418		349.6315430491272
272.2184963203872		384.38290824101614
487.8279178490459		311.8935944859871
386.5017118641784		370.35922744551544
420.07074963674046		363.74935016556714
462.74304033568865		438.323863047452
316.79768811410383		469.6513798509193
306.15254797334273		403.6468316858905
436.55990652875954		361.86918490943634
287.3480164399588		417.68781040253475
421.2362015317195		316.68516958630335
471.76619663032295		390.2040616039846
449.27396025437037		388.8271464033673
386.33589294968976		464.1202988483897
456.2648672986439		506.35037684973383
308.6529474449079		288.0034519841636
453.59126722577975		396.95322312509364
351.8567765888825		432.6151548855236
467.3195175396431		351.86470938987964
500.7439266737105		465.8330705432912
445.90348740531044		332.0772545887937
329.5083449178735		336.6549264892114
462.18188431597645		350.96841938375053
346.859375574261		289.1315501966563
348.8256168959973		372.870423584761
444.52263610910853		399.65521769244384
369.4622123316892		406.05682381025196
449.6631260863215		409.3155205442011
331.2405189143655		303.13882601788185
390.4090287255007		381.7683277398569
499.40020151868384		432.0489368907862
444.7451612578614		441.21560072625664
344.88468814881173		457.5985913139889
461.1921212067441		378.71524652207535
449.12012707397145		411.89360880736274
436.00624163754355		466.39042046676934
450.66702571502555		426.9046938925982
375.6273069846211		393.9541489655422
359.09425512209214		384.3397019363857
485.47169231679135		479.869027043635
291.71467231957564		502.07099292763877
438.43343626722134		395.6819541008098
435.79121563261424		476.59364253699647
444.448462299868		392.1544685581554
479.5930298069857		446.5635210792846
405.7362880695935		347.66701354804127
469.97934898810615		293.1285596707609
344.5772665938972		395.0513653024185
320.34191182221963		429.23962034932504
290.22288167105756		345.42643372649695
468.27128750774705		386.5871985724678
321.1529309330694		313.52393995821143
448.81565559601694		495.61327967893806
370.2943209912826		477.64044700020236
403.95124730025844		453.6084098864419
494.16199320737616		367.5050007131368
305.5752092296654		450.8220386546313
340.334651287138		489.45465276425324
345.6194312743606		319.6862923243252
266.0331323561367		455.8525076701962
433.29966599307244		382.7208386358933
345.8490987935329		335.5595482924208
477.42430609450935		284.3666721933515
323.4251755303527		454.0489623908414
412.30190975809074		487.9979097876914
331.6909275935539		452.55302018946725
467.6387508620032		302.90066889527014
436.9312809561634		388.6798462868334
321.63723508708114		479.85169598636503
464.020349481259		409.74727184560817
458.006384478675		395.4611986749487
405.3697931497414		358.76719943207013
327.6797348305442		339.1554500911266
310.58009959354354		431.75280873170567
300.13504078386944		408.3969906211503
452.85417691971224		442.86164188669505
370.1392712177257		440.3514163743073
496.77249670368974		485.83984213825426
346.32171511645544		465.28415797451004
328.6819511147147		418.5693521612411
359.34155498906756		310.9701276357199
450.60777628760354		369.7880161259361
351.70207646427565		386.8193323132761
464.2626746475438		367.24264878474946
374.75998837876455		306.42124214540854
465.85826021893854		429.1912427194381
331.207616169632		414.9261942745108
487.3501132490374		414.2015070218299
333.8115088086954		520.3457435871766
323.04967847881426		401.0312357442384
429.3735172230143		315.1292461727285
329.8027333490197		478.5651016864344
500.86876704965164		422.391374789113
342.92238649053206		394.0092948551393
497.77990543788286		376.8555832513438
300.5092449872425		503.51541059901444
392.82233917228		357.0352231824791
437.17106785559366		508.27850387031435
316.8220104393742		314.74706931896327
307.7923361665322		442.8851561658814
487.7772609129645		496.5203572787451
515.2593660446751		359.887049803183
300.24397684362486		290.31300419278404
343.32082134363316		537.6699008503432
334.3108385141806		307.35661048093823
299.7415876099964		506.2198673992439
484.10222306225575		338.8829688051716
347.9496698456925		507.7559891530191
350.35610845601803		277.3838379465675
373.2393998377423		377.25652449031963
503.03042768620816		350.07083004769987
374.221888566928		473.3171930837973
487.1986103510217		417.56277539652916
372.2648702082239		362.99898267303735
450.429818124062		395.0530958516242
423.1410970690122		353.67983932249064
277.6403349888193		447.5644522262861
328.44129533385194		474.6918801023081
299.11118540288754		456.0892348538829
489.91138122367255		281.80171283178163
325.8626468867613		530.9117030129331
398.7218568231807		312.81847975416963
391.0647593526748		298.5332975216509
483.32601457316173		517.0097267228848
393.7167768215004		439.56797455844696
433.96231390424884		465.13145770332227
355.66665041357953		413.29790221651734
348.911598771583		371.3990975659286
439.32589246856935		305.97810964758605
369.7304449136992		366.60182139773696
479.5527702745437		471.73361339226045
332.7012803873642		331.5157879473559
490.3329776756117		386.3802598387043
348.14484753355157		289.8676895781977
417.98950465795065		463.5107161636473
468.2562976002495		476.3604807533483
439.77699220226066		277.2777881653903
344.2512315836174		422.70563990519213
481.99344669009287		467.31155657956225
312.27952342362425		410.85091012118386
414.2370288354413		403.2073066734684
496.83628298139587		412.46609262743135
432.889995478318		426.2681136880821
290.6605428662044		406.1311222892769
501.1796922495092		468.3700359528534
326.47972453669047		459.84173328852967
431.94726406229677		496.96259041249454
445.9964634104641		376.13685675450836
488.20637081688307		436.4211709523306
347.58363430204474		342.53910985013
469.1962714828169		330.49429912307033
352.0758366367365		393.67500501358535
344.7009076521125		407.44717885798406
415.23859608040834		443.43733433719876
397.3334027809395		373.1849017174237
427.3330659133177		403.5741433374966
460.20017732440346		345.45369466602403
472.8301821652281		435.9980583473776
345.7067124239173		413.6558833820276
286.6025673438134		453.8172249148086
445.2957485495235		448.045574211373
452.15081693418506		345.1681699555705
498.1989590316887		460.09469373072267
471.71536034409183		454.01663355854
271.49706139524056		352.7390594158801
286.6907976552637		324.26884156091353
332.8362698274419		286.897247334225
349.88172633830305		405.7528177754571
350.5097169450063		299.5148104465423
507.8490385832893		425.4727568746806
481.17278422571235		421.4659315780784
349.0912131259842		393.1446450502662
423.65029337663657		436.35126475403075
462.01669955071475		373.73956906567093
335.8726029437346		460.80922125190295
469.53261899135634		323.38825630465817
317.0626963132024		408.6943172226032
316.9053266622024		366.42700758322985
411.04721608585356		316.57392404601836
428.70661697700274		359.15550693158235
308.22320209050974		389.39092034206385
403.02211091743993		436.94055839916456
436.8873105772857		245.9751354060445
475.7324555765611		434.53156484970145
486.1318030267519		409.38332567235466
341.4037536141536		287.4660887469989
311.0307016676369		422.45203590980606
354.08711780842555		322.9362711855092
307.00397640257694		468.7303698377734
506.40146636122546		442.04153653498565
498.7881527752912		406.6963866743427
296.2237235041911		445.03834030519096
345.7564488905702		369.9370496586369
367.31396854361043		306.0941158469237
317.3571270396785		362.0687485002611
349.8558021865371		413.1476171366594
513.7207820142336		477.40683164579207
371.7889028579855		482.1991784705675
517.1735949944637		383.514688148129
383.1644071931448		260.42006947396123
300.45319725674665		371.02878595792254
289.3428763872711		365.15992009286003
412.4357076111956		425.15609265529577
422.04943131053267		414.9702924768283
496.15208873175493		373.9593389902708
474.2408531140478		397.65939268861894
480.2995335915902		358.33061431246364
465.9678857463231		469.9966954867531
363.8062375428994		397.3966529556886
442.77020262243855		441.8740828356944
352.93536469782504		357.5112271535952
459.793791752255		379.4229145421616
442.7674793350358		458.776023097822
488.2733586503652		439.41721073276983
458.63275102696514		398.45680352220575
336.89425340467534		358.3444049291199
360.52429964940444		378.0524643900035
332.9365252202461		513.698977184542
303.6839600815207		272.249394018024
498.5663555236634		324.0410759261671
317.04500517342905		407.292094002248
418.2911093013002		354.97760953817146
417.8603488035695		427.41789549242577
501.0864795794292		391.76152699992895
485.42311982763266		369.99933069308236
342.0918485819473		410.8333186459418
408.4773369936594		291.63880770359157
489.3051585146025		411.10352261825324
280.77622629791256		456.96797552608984
322.3642626194293		347.4778540278263
447.35614385225006		364.54329176398375
335.6845425209293		294.7729656882664
416.8460638888376		351.7416798794644
332.33289613539114		484.84746964934493
480.1161029170038		386.20387582783036
450.1045471265302		511.8379701318649
365.32033060640754		324.25858084704464
335.81692668471976		340.27979037174276
437.70517119853264		348.64862448373583
317.7060617435178		499.2700616689051
475.7291039402924		471.10118236660463
428.42476121090044		441.9003325375407
332.948525170386		300.37441982719764
326.26929316850254		423.69594337041195
337.90561173606125		302.32952662137603
328.8570778043106		448.2177695667962
303.3859553881635		413.5184203465055
295.52053052546376		382.81409032556974
458.08708386129604		417.5764053316678
432.19847909486083		336.7181464007044
432.78366833299395		379.18425436120873
477.78142092212033		351.6812688930735
478.0481880587906		435.7273940118636
463.61725639488515		420.0784358500444
515.3922689153095		405.33837552094553
285.85409270867507		296.2847198298665
297.4067079880859		395.1323071633876
367.5852707866597		458.28032173083875
306.1739612789051		476.80613479262684
373.31971849133873		394.3553021686281
510.55402519535494		340.2673929632918
328.04519617367777		324.74339440671054
382.3897549289424		402.5867534830643
307.6794511528086		492.29136954868255
457.0629505375126		336.0089889568662
368.7151465986011		404.4160204507057
421.1212470072319		447.2499732225681
374.24830479316944		327.85819706740705
289.80632884469003		468.8271607289288
447.9434440698194		321.38741060995426
320.33198336991984		314.2931263696562
287.0972854462857		435.61352754018867
337.18709033767277		358.12899620385116
463.0955800359832		342.1879216584455
472.31100869315134		363.7369278871215
315.60801089156087		347.98438054255536
437.10432198242705		392.053674071841
299.2349193743492		477.2364705355775
383.6200918000439		487.62655538966067
448.21307161496657		317.8261425443759
454.75996874332475		476.56792784711064
465.83604121449616		486.06590994336557
338.3699818632485		476.14313760361915
466.86617757980633		350.9758362955427
468.43916918407734		310.5064547158062
497.42035184129315		447.0508669783163
490.19927584067847		369.9686309819418
272.66636921166304		361.21973443177325
418.239625696687		441.2038092125066
464.2685458395615		347.96258974251805
309.10108102297227		456.34251863994746
312.8885362302511		484.9178223518379
329.4179576109444		495.3571233225477
282.0747254817997		395.6905740943436
299.07427633674604		387.70749714871863
317.3819678935674		334.43014547057436
424.95734646592143		479.24255438585044
418.15143950737297		414.4986685570528
283.00993846239686		502.63080755553
226.03460142094477		522.8205082395298
465.27469176314446		437.13835601133013
457.9145745505274		344.0518995773743
433.29580510680466		359.9315007472834
358.357545640067		538.0209975812645
341.7573211869894		482.38911115423616
317.9723317800117		420.2871347016797
494.2004996466089		449.0730027144424
315.4432760037063		417.96626557219014
337.65541958953276		392.56406588176617
358.96408295146665		300.4821165559141
441.7312443580563		345.6103539244584
499.0446856140766		349.3626421561065
496.6003760547917		374.75551545570283
362.5894625615102		386.73511444421507
471.28297357849914		424.64614375906933
482.8934348358621		405.8043758627294
478.3687057074249		474.8193001374387
452.497808848135		311.85594018699027
371.4544419242661		291.48229484651625
327.42346127443824		457.19419477594744
304.11587297078125		413.4452995135282
449.91418284795225		390.9875873871555
411.49098195077875		304.83275101746034
514.7587691116099		371.56310755275865
334.23322667657607		436.1550475519905
382.08596608962296		383.3352893964695
514.9898542223781		431.7346619000947
287.42527335292283		428.3334476567037
335.7014905616844		356.6505353945015
281.0683790215233		446.9330504660981
292.21757136035745		363.2795878809694
272.7804838092623		429.6110189097395
435.2612285545061		340.9894853155576
483.58508299050345		388.5328810308189
443.2138921784846		449.3364021288553
459.51582955344475		389.06449047407625
448.40413812754934		334.24355734863036
292.9330804941859		397.9347939278146
362.1280585606274		417.6033997107123
303.9641802015856		344.1953322845773
360.8600905862538		484.163822604829
473.8848745755198		459.10093245764534
434.50821292583197		398.51890162386223
356.1099906552056		310.3840464361428
405.672226533223		381.07352385094185
440.62412927325227		406.64465543358995
326.6254941832593		302.98118376043846
478.2025854383279		384.40892860839267
292.6262198657535		426.42561033421424
509.7514734793971		464.7027887684413
446.0403768276995		470.17303142711256
325.18511817587887		477.20603292301064
313.26323297075805		384.9009936524534
462.60471271218915		424.70934376106226
371.6941826320578		356.96537060283856
291.0509018789323		468.11118925295057
347.0754825416269		477.77166930387847
385.317081507932		447.55669022778636
345.1575989864108		456.0060078496512
411.84323329345125		438.7587001465362
356.46175688902287		498.90013155607124
378.25750898482744		335.94984476034017
417.4896069070527		424.84159969049085
435.66238169762187		397.80784259825936
466.73954022182204		355.52028406141574
352.1894557733454		349.81443981484887
320.6489596372966		475.67093372861507
328.5266744703768		318.86464278905163
343.06556182338926		502.20953693963185
342.54614657487406		326.69130418763655
472.5695359477184		372.359124482628
300.07880495873087		386.95381218079024
438.55426611685726		521.611010707549
442.3691213014522		345.37543057642193
333.38573576953166		282.5227358292333
368.5562921599667		477.36639605016273
316.0513106988712		472.21255670514336
488.573663732256		321.5205876224355
447.7505504036659		393.57159204676265
476.1869903312526		263.99016464576204
448.42721781780745		317.00285232039585
344.58971089453		498.92070187565946
312.74724105549865		515.8103994166739
330.3751534823535		346.3162294840798
338.40244547212586		432.629377868893
359.8553197515509		314.19522049573646
358.616018500941		376.53068976612764
473.68302501709024		313.8389629374531
306.9073985592905		324.75749773222236
318.54065203115897		495.6340372428378
429.7451830501962		365.0445407646104
343.71753196572575		355.64674144374675
437.4571607632996		314.35815091359416
424.15811121938367		349.4300379847421
468.29919655824887		327.58106766314376
265.4624503692154		498.78170544198673
491.75018503313106		469.98138994690913
467.8515725608571		394.72485955227177
360.27412785829154		315.31503706842864
330.569529625576		421.28940312937004
327.157068477996		463.4094364439019
448.34855556986935		293.28156587174885
445.38338585180526		286.130434917747
319.29827137461433		430.7630637133877
471.4611818493841		350.35349796532415
337.963740290866		325.5928505572026
327.64632883779956		545.3308965413154
313.32074453502617		461.07032804170746
306.4885714935587		476.6880917385702
444.10820736707643		437.70239122025527
418.9655866873269		422.09899707672054
332.1465121449399		326.3424334560371
310.75305057102923		393.33548969365074
460.374358128131		415.53560789859614
411.54697455756457		380.2326179889772
318.1993902543248		485.0623799021232
369.6315156249264		353.9940371769778
342.93043355817673		288.12537675045974
497.9455420224043		481.2507659356579
507.80241805704736		423.711958634795
371.0473658020438		390.93334573215253
427.481117855796		344.4081271191277
440.1585544570598		475.06457294681076
371.91960279402576		382.10120575718423
433.739655497916		372.90926212502353
456.48039204200506		341.00610747631447
334.6450242693412		426.8227220805774
293.10035122036214		472.94887845110856
266.8789751470423		522.5557956066709
255.39824481041364		313.03297220964515
440.0979908715598		328.79890141915035
433.7719120406503		303.3387176325575
332.31324117912806		514.4090979771212
426.23953342417633		370.6782727436617
300.88439435102214		491.0778223120782
464.00433158305856		319.51132482095926
388.51076779918174		352.8546239312542
341.3381285414635		395.23642741328075
461.18816234675137		344.42469532506175
351.5254817661582		416.57563485472406
503.01222104672394		431.15781727870603
415.8010770520232		368.47817713672066
471.51166804779217		357.4464607375112
442.07476507949127		304.2564669498147
482.41149473037586		298.57015468321947
352.4102478253157		303.7311143090719
439.7497565619208		406.03526014551284
308.32977607261233		444.16038180759557
320.55555636622694		471.15434425057055
301.50323594945735		412.9783236683221
444.5689466572178		382.9972675334277
318.57849074108054		444.06791836375464
275.1732939442015		399.552912917801
413.8111266119474		460.4669180245617
334.9079196727229		380.0097933055024
486.1599036703342		448.5183893631571
390.99247144234255		423.1862711892071
400.3548529016072		357.94266770036404
321.7065827392612		529.0592736288331
302.34197538334007		425.72139200434214
471.7269513055592		473.66002857033425
434.1316028167438		405.63403328662747
374.09342874014317		437.65452148942313
346.10939800054496		479.1294909089918
373.99693127639034		423.8055069864239
453.2983035437249		269.5003037486174
498.5894281592805		414.15354756635435
345.4674537177694		508.7662766690351
405.2134101397137		414.2857128285743
499.0125127531952		496.1024113297003
356.32678581282835		284.211069419547
465.58028465685976		428.7437262929367
440.2089566438115		319.9812302971208
415.1206237220722		348.92074083208223
491.7947638046724		399.99673778225446
328.7105041906823		560.0024303855878
357.3902327131589		419.1060744774719
282.2978503497426		345.90522046901316
450.3340480797526		372.5804970801053
452.47757224114054		427.5873258473823
359.3864437909454		372.3936350659731
436.81376870761426		411.99754186765
507.35001626363925		348.8816621235121
368.36852805202216		374.7945332503459
426.1558607612874		304.2973439516126
433.8550811623863		322.09713061214654
455.8573360228484		361.22698205945966
329.698688358872		416.42732831130513
500.029581319683		322.26638303022685
342.38729762335925		357.98038978067075
434.76196136253054		452.1608923368218
317.27044320766396		406.7588297266928
482.6674665427414		372.2587119012684
469.538925630688		370.40028656026664
390.6715944235009		350.67967669369386
327.1394554763948		436.0059694104046
426.8404434558472		454.4019322291862
358.19034939238253		437.84079004946926
416.96076936415955		437.60903276591324
294.27431099506526		377.0219646726899
498.3826472623373		408.1514032971648
275.38116128319325		406.4793667475984
522.8824171195001		269.37214721894816
367.29423688448713		382.69767543048204
315.9238744379879		545.3718201922968
319.88965092911064		384.5117593757226
396.885766588519		492.0648492695835
477.9615243555937		362.3365743412438
427.7034600255941		333.531972562061
393.6086236854429		444.32253589430593
277.1343734040936		398.71554933378195
300.15797082332944		368.164144435787
433.1264082947357		278.1884514570306
361.22361298165384		325.5385580776977
426.28644154996374		329.63804422658876
438.7789498929773		306.8469786246377
469.19274932837277		531.4008349041666
466.98724561273764		351.37281591611287
399.6659798279587		447.7108498368774
429.615747962473		445.02490931859126
357.77715358623385		429.9780595378939
474.5825690587021		427.858261007525
500.3847385022203		322.5116339128967
286.4936783746371		378.71295957666837
283.7995119394194		390.38621436424495
363.1498982344741		328.72226629030564
303.9287413009922		468.9382057889855
309.09277203933794		505.81967924420604
488.0098414599953		411.2914336868698
329.0234835809806		345.56688434673094
419.95864313456883		351.32092823299206
319.8828496646457		334.2453104179332
277.22630607108056		423.9068941356055
343.36865990879664		411.31736233247045
326.5603412920742		321.2116981595005
491.00107675137855		395.82701136431734
470.30115931105547		472.5503653611271
483.1044357671571		412.17951162510514
351.7087852827132		413.70558395229926
358.18791103156786		397.55932482668896
333.88211050786293		429.6082586859594
468.46307855483025		397.80143168048414
533.611346686857		436.9234165148806
456.88819252928425		447.8850027847835
481.48485285797153		412.72518125257045
464.0439825045234		400.5252088951314
473.0229919794366		348.92681187305084
445.36861064998055		375.4414895949545
458.5058275170148		406.5166508913479
316.5181227030183		504.0661525765076
441.7765558460848		349.78549575380157
332.9344712564846		349.5075650438675
458.5194604207944		319.7834295982851
327.8310465198473		450.44766822132425
475.5709266211806		338.07137662091003
302.1502551853744		326.3155994637043
499.48041768950793		352.9855554884047
370.49922275998864		296.62778684533106
430.75125391008305		454.80788005586777
429.24594037580124		452.85154079826606
510.87143530053766		460.45695838092985
401.18129103310645		321.916232167841
428.129150177703		494.2094927760293
463.76243023044736		419.54747284719656
349.13486386629245		339.7499920524119
315.12455188137113		415.68534697185015
465.44506067651264		376.9602433318864
437.3680340146961		365.5758433988564
345.97778735760056		490.5517289021591
354.90777735061454		359.2712796805165
328.9597439331426		301.41426878421885
324.8042896827582		358.9445413182816
465.84630051712537		436.8025648339849
350.3865998393198		253.5880454667129
344.5714957647132		389.5396904729634
456.7844524148877		292.348518820285
436.6308308964582		441.753358597628
354.36861788855765		410.4349031185476
374.3372064471902		448.17064502975194
432.35441197453304		318.96102419013033
476.7476142703913		353.915134033477
254.56666191654278		339.1559826758664
263.7732414146031		417.12436194511145
340.2655629421708		426.1437910009464
323.0869274635411		421.8741748046044
437.8997836931374		460.19060253945304
316.04881766619644		403.91680806596105
468.0519482888887		406.726774985941
336.8300969576316		337.48787671738177
493.7524768726012		371.04964448395253
426.47109180296263		504.16670153172356
369.10374006528014		429.09534525215776
506.19742792543434		292.1777107863219
476.731974579701		369.2501972344939
358.68328040844114		312.0602784565415
321.5530241180242		303.16681306336915
460.24404043155766		321.84724660263583
353.3495961795932		451.6443488733151
303.61477991252883		378.4290341230827
484.97455380410173		514.9284377758516
492.4169624147022		342.5921686334753
393.2569895299144		386.6333738369065
322.41886092860625		327.59229798855705
478.56133496741506		359.0432690460994
460.3348656879682		366.5271133553074
447.71497958321845		375.78084543477655
339.0334860344872		470.3085677311543
314.45843867948116		438.8647290001127
358.9728581932723		399.63814403595813
387.67137426370545		337.68283934986704
319.6352956678132		357.8645022208364
411.7357983283356		400.03147565737225
331.6362881291215		470.95469997839683
365.5455187408048		346.896886355218
467.3746747337047		389.63543200635127
353.39798186959035		383.7930091122315
308.25001642411087		428.2479316110341
477.77915301343484		372.5504938193913
432.77782004655313		460.9515955339469
510.90979922662063		341.0534847714723
456.05030819970307		472.26202894884585
323.7273575745222		483.51104409259085
436.21155234324004		388.7008809006579
367.9017618417923		396.7918958422258
439.8121192642531		345.8001759437459
485.71221615335		373.50504749065055
373.1124576781017		490.30700796050115
372.8751972256242		402.20131118184395
441.331790062021		454.26069655265
385.5857768064636		318.24351039794817
371.91907596704993		382.68797847997627
486.71877334376		317.5615175075189
433.3021392039116		452.65461337219796
284.3883523056403		469.966535415693
453.5393211195127		497.09307367493176
446.2141820575367		285.321958659015
360.2912794651522		303.811227426588
449.0134180091282		238.097022666129
480.0628256359785		461.369776755324
375.4031149082333		415.86918603740924
510.51459896414536		319.9084863913567
469.4806009563804		499.9142082898974
300.58638753211443		469.22920728819486
452.92408571921356		455.3333842966974
295.088232506775		487.89755257276073
414.7294098496769		381.7016770999538
469.0519919596184		478.76286522623235
319.8865601107177		426.68867244914196
461.1517678436149		470.8444657804782
397.0862865074227		360.4216208904141
460.8714235532547		485.9728883090862
445.6197761624623		429.6107909711133
431.87334422658887		484.6853266055932
339.7833488745771		415.5226951244575
390.91422410551036		351.07233742903577
321.0943726199328		470.4136956341212
280.6434445400154		463.0907768540982
353.8063408430044		389.50527192078044
262.06321411569365		490.0133264724488
455.4642131425329		447.5782382072292
479.72018192642395		354.50876939906505
454.8139045090391		460.109542194698
467.8416584697848		388.6996174357482
447.16706646354		346.69300812758587
446.25772890546403		492.573652238158
450.0279815564575		310.19151498872566
426.13876804044463		362.3256233850931
320.3902480710445		299.8994264302679
349.94693455373		422.23484679527036
329.7362785404285		451.7540551322459
341.6699424037233		374.0126831110478
443.891940687103		408.22123360146526
440.55786609891413		408.805205232879
454.6131785802738		485.6419258864933
507.55427396071394		427.5534259948372
515.5179790993984		392.1401408146405
459.16566538399763		382.2975199281722
379.9087120379145		415.82823446053146
315.20999999009257		363.7935521905189
307.5176142344804		368.02105540364823
323.36617360432103		380.036289583615
499.5473887424808		373.1687003717923
341.31754442313394		323.7492997986649
432.92014741176934		432.09310533570715
360.7950958370849		393.4685925473756
307.8130356524621		522.9095508155968
519.6981032296213		346.22455883194897
432.5895587179709		325.1059261225771
454.45867063833157		341.41499895089055
451.9880261065046		365.02607831398683
276.9621373175645		494.2623324707545
308.0002962630201		261.2221181807575
319.7810550295416		352.5883826168376
360.8944753434532		421.8212772413831
443.81636882762825		335.36700549572754
457.0943485683202		317.5123035266614
347.32511427026157		407.6592223821867
333.9050352076531		400.53765100672877
337.92195026346076		311.53672746219263
424.59478338974674		362.9550865105413
439.52737599826366		408.47099329739
449.3340149448446		335.40907292804604
319.34649818113576		439.4844612094823
510.96083287299336		450.1790234140966
353.84593008556095		325.72720238421016
319.7629066068959		309.4737228379051
289.97629329312844		397.93110504905513
339.49924606459746		464.5515358137477
469.49481979963934		301.04098778304143
343.2869665414675		310.27561324807857
416.6965869435994		361.1770840959442
350.3749358327753		309.4096090296044
325.86382165525663		481.44230190802926
436.45115712829545		448.40124917480676
393.393217364046		460.7328307002651
