389.01334486113467		475.352301173004
462.17247800786447		460.5049561952216
354.8386305254496		430.37027170289673
502.64050311082383		333.4145041394414
377.25141753451487		368.66832892883156
360.6142710353266		427.5614383088
475.2844916880415		385.86737625441657
463.237291700169		405.0570748507017
292.8546777565113		327.4326786090435
321.34026607899625		410.70646697891664
406.2824619705847		428.7060872731483
501.87777578774507		348.1189224769628
448.70928419366004		421.8826396956918
391.90276554369325		378.3331583068238
474.03340885705944		400.5197767946344
538.9508207035615		440.99088035050005
438.5634693379895		392.542101551295
540.4029482748624		397.1911812767468
435.95896154077616		496.14063598873264
476.1801771905357		354.6267201736813
359.81792671582394		497.5716513904653
497.1023231721506		504.0514779063461
434.5710563777813		386.46158056519363
494.2355603703061		393.506507915833
459.8159135345931		465.8887994324429
315.5925566618333		330.21044185812303
503.60038963279555		289.3026299542348
443.8320971381197		386.5174845449701
433.3646645794344		487.2775052262478
450.6067809195384		310.285769684935
406.7613628931609		437.94480274973665
479.61346092747783		495.392320958715
469.70428799148056		412.6339622591802
467.78322662522737		318.2847701473015
514.2749084087301		272.16192660286595
399.5698377464342		428.7517782329324
405.50930385813064		319.6017242401665
373.0125879835619		491.29728389997666
490.24402031334404		288.1996612687188
411.755137566717		398.99329507765185
470.39846929472253		386.4285658047819
438.19116895059983		356.9105530359228
332.6258822927586		405.3999121261065
341.24640704549773		442.1827834519874
447.6088891686988		315.67565582662047
471.3688571271078		475.71647418778764
398.8018452032667		472.5208439551376
528.1130214368313		429.27703901696026
369.46177890671186		379.5094492543872
357.9144787397899		472.50454543633384
403.77513968739817		237.75745062011373
450.081024477431		381.266252398618
427.30083723749783		306.944266327959
425.8558698430835		321.59757476671996
357.31640151225304		364.47682063042913
345.482521978078		399.74323294657506
473.3825613339182		338.08753239365666
468.2256441282435		317.54584913664354
412.0058434241403		441.4091304819136
272.3046099712875		347.02286982469377
488.47350788662243		437.8045936774839
396.06829618591405		318.6813267409967
472.62404177404323		447.44633765314256
357.6578973394469		363.8116639708544
449.72447120227883		430.12386787543744
528.7843713050834		417.2119661309889
299.0743970068045		403.0641068909355
322.9423631720639		354.02216745750366
404.2986793767266		509.77140224986226
453.14199135659607		506.862039354679
452.8518143273373		371.240255348995
462.078036688511		486.49624577431905
385.8418001471958		379.697121032118
262.62568410869267		354.98432908759054
329.32548498678074		338.9489054638854
377.3591514307152		506.77604201488475
363.40292851355326		384.61478024611483
356.39665440291503		519.7416318452912
421.93885254719305		414.20989161339264
406.24068104751984		372.3297550670626
501.28097160957276		396.0358061776136
371.70064920818453		484.96991691588204
486.2443098319199		522.1048316612225
493.55124938388633		479.0261371074073
387.80305947799025		482.68777506822727
433.00771133129984		444.0802717039649
364.1051899854111		354.02335546899565
423.34901805437926		464.11005720044153
416.5815762807588		331.61677235057175
477.0464281145154		332.4600550319812
512.7657391665861		329.2157998485993
407.4689856719268		309.19438933387227
378.50758930312776		334.75791001527574
466.22749850253433		494.6527357094495
472.155687166014		410.90668079072367
464.14006963192884		397.67091745326
382.5512641289399		397.3122354156453
424.65583251811097		434.5663840058627
359.0023168513628		381.1352201561692
361.87289187318015		391.07243872963153
380.2406889969657		487.716564376967
449.6316653809997		468.7041596820846
342.7639595181202		452.11409320630486
240.4467298193556		364.793659828497
467.04005574524416		455.7949224066848
514.1540913684535		275.49894465261616
464.97439098662215		376.77845939903847
319.0186967425971		435.2984751440962
419.6746397313331		413.2191018175845
361.63344974556884		482.0686882325728
491.39787470623594		403.347890270743
440.7082593493518		436.190986974935
282.9645948398119		346.41875382657986
446.05049623770003		449.8356265838303
390.36206698555566		429.56692573019296
483.6451939212273		321.79714923339566
369.2321350489508		342.8338689915283
545.0301651837549		319.08386560498775
408.8757672588646		450.00114399413263
459.7786175831341		484.6947464136996
434.5512805033565		447.0634379613275
373.36642533344525		364.29530458514085
508.2104382030425		454.1027435878467
452.0614051156689		288.9214880410515
362.4834197675975		417.4841864628642
436.755486723525		329.4469229287726
332.826963507156		397.1616152962938
366.19972093779984		322.68140845713674
535.5517341166119		422.4236882292756
468.324457913315		517.0533125428091
463.17211240523284		471.77130484513066
355.52419172288256		394.3057266179207
456.8571687536366		339.3418613255199
509.05489318548507		330.67925031048435
538.0730621318364		349.5057407783997
382.11032089597455		422.324179232038
443.8352363757918		340.87392451989183
360.3870123249843		465.34757072837766
429.20122147506277		330.5673614903426
472.3785232499056		359.7821812633379
459.8019275089643		415.21223976241464
486.8124863324412		370.52075630959683
402.95529444178555		403.19124908590624
471.7687004186607		334.8525062236159
443.7162460138194		306.13982470075484
430.5674322698621		329.3633743051172
452.54316954348246		328.46499107714567
416.4475019753909		405.4074021230876
361.7070906315838		355.9794452276734
312.04657022488743		330.12689631628206
475.07746247904595		501.4586842638088
484.4810440727423		316.1013672374455
428.1634338037048		292.3884857841715
321.69599067256775		366.6741908288076
480.2050887320673		332.7778763173285
508.55523864685046		420.13253404065784
502.1413594202433		468.8207019139545
305.18878321072873		329.388091849468
412.6025355426008		375.06515583686064
402.90689614781513		400.1624978452903
454.8790248954511		275.83631563572084
463.4560992696749		329.59577199665114
355.3576129320896		313.6396662481906
506.4718337437896		463.4393810995549
447.29601442391686		304.989092431766
320.07617816690725		374.7179830455472
525.7712876621921		460.694657200535
284.3400631740225		363.713309016086
421.0109901099617		254.58766279808933
518.0503211172457		300.54794792291597
473.9168344832274		346.8456820011456
422.7430356747486		484.33403409089885
403.666344063681		414.8810621225183
485.2534155126086		471.63317044983825
451.9354011159406		454.37298567236917
470.6117861466248		474.89587229981834
498.40777279810874		436.8560042972515
315.21296404167657		483.95984247660806
386.6408619023785		354.73594068440644
270.9975249769212		389.87470204939183
492.89772402743256		443.25850064274954
332.51592807287744		345.0894407838517
353.5792629051081		379.8124859379494
490.89029313647063		232.78818860854327
359.9784673769731		467.8856587490983
479.1151527499046		466.26116117696904
498.06501806410733		414.4132345220853
395.5590820887922		426.9303654572813
325.1839573374925		403.84525947662854
443.82724435083435		405.71225001888314
457.95271568185336		398.06999329869785
358.82322232487917		413.17653562051777
356.06668233853895		507.57846171703943
438.30700707836047		350.9073268914612
406.7508470730849		368.929488049187
365.90819754642956		420.703769212368
377.2634347822457		401.4925651809546
340.7031595738509		318.0164174420678
436.10401126555354		321.1546338022346
352.9302912105992		479.62496635557056
392.70585427394866		406.4394259910092
313.1146325239329		370.7308241193075
403.86380707097544		384.14401426504827
462.0497662359896		433.6273939077194
475.2946175271447		453.8645720762335
305.2828751355937		438.66396249301334
497.50296634052387		459.1455794369316
416.88494259568336		290.0235050031547
380.98040920453326		349.83509484529424
466.3666581827521		458.06503041855166
454.1524097736583		364.54234710042823
363.474098875793		501.9732384748453
239.4226657275193		340.5136494590384
493.458809736254		369.7189539636527
449.3099898733686		378.95103716089443
403.17999126886605		375.8465230783016
422.8754565804727		493.61966034541626
320.408767232822		401.81242543695043
456.9439357426425		328.4502358846823
450.44323303205726		290.0994979155241
459.64566254088083		466.9306120127191
305.6310507115278		381.75870016957026
333.1233205504315		401.5639493559868
287.800250687017		354.66030171918175
461.50341955901297		428.63772346153837
472.27571485074174		340.02383515901954
379.7473797979207		349.31225213942423
324.75334597827936		440.9884794381678
480.0115571671439		456.63747170264884
437.8573610861601		374.35630069175915
526.1579479548143		281.61808349857444
521.2600797962494		463.6823081594136
454.6812627231739		311.0199955503024
499.0232065041827		235.40550715002084
309.7927085712834		282.1269829727709
504.3169873425485		472.3067652865685
407.25087415814835		424.8997226594384
325.3269681849186		331.32799030033453
396.9471006767653		336.1778586882375
501.5429435678155		415.8773338180515
362.603800436803		403.1716327716273
404.29668174576176		412.7466813859884
289.14663654343985		314.4700898206792
364.8113345399558		401.9991964875567
436.15550483540807		409.2234041606166
542.5795446380384		304.87682062911244
435.51239432681746		473.1100773822593
408.4343558130127		422.96913263799945
474.36968486433875		457.4175964263883
480.09514604284675		421.2061849051211
502.3721066053885		407.34449509572624
381.9076965166719		375.5333765211216
358.8981622517927		380.8895698992931
431.84511059916554		402.54749017175277
467.99864911040584		276.8188288946185
360.6109360991059		344.35462229696304
441.0553855796435		299.5349239355668
287.1482233398666		356.9717438725907
436.96337261819735		296.0913760189575
359.91855629925584		368.2811564151098
430.20925058144377		366.13388976538783
438.1393159161049		404.99183804257524
422.53402478090095		514.2353035683095
468.2063459351385		290.682949920546
342.13959334088867		378.0200597671493
385.43547406197445		329.3530603807329
388.664420344781		418.11586566464507
484.29098031232377		320.15517072876565
431.97543305215805		395.42820371008304
478.16619389644035		452.73218173325125
476.267370345745		389.1522376581246
397.00519104511034		470.93203300700895
442.4291967695257		378.23216156270314
436.21872763796927		346.5067423123557
396.87879552772307		342.7948844365345
376.6862900673776		344.61227005626824
400.2972667129538		385.5036083459413
435.4334419926788		420.6336589406512
483.4197016392021		458.97198619310495
420.6709204883069		386.70281131832047
456.8228174272454		388.13659127323086
367.12416558478657		394.02377049128756
404.8948696511813		396.39098223296384
452.8562397323971		473.9268905057275
420.89726718633847		420.34131428526064
508.09784982175285		331.53577542654716
402.4366086308759		438.2596628457994
421.3816083149975		340.71477918932294
369.755201133871		373.3930304124045
417.7130365289106		336.77923403199514
416.7915623708598		487.3967200155915
406.2227203382734		445.8158105151938
413.0161248083689		483.3824507259525
436.4505700992945		426.72811462096877
508.47523967408347		466.8430266098589
517.9588189884236		409.80454509066107
441.6595362957608		498.56193819833345
416.36373866109864		338.44071233527484
325.627327428462		376.9134275643173
443.1010998319173		463.7960424475064
350.25364740540726		444.90253742518183
449.3608542336093		425.99091694260704
313.9074977034194		367.33222780551205
380.991051915564		371.03480150044385
404.6762454817489		287.72595496807224
460.84071425054447		320.5615053956004
480.487916393593		343.95852017183586
506.1392809013922		365.7373079665572
484.0957926784877		284.51531915665896
326.56113052110123		297.00650740924794
431.92036187329285		332.815057539121
453.5108090767511		459.75316424160116
473.73444789621016		452.41062769872946
463.7336712697253		313.2154072232824
367.66430886987564		509.6429109249651
335.88595640229937		475.7628494844453
460.6819088940976		505.88845009147565
357.75076466250323		377.62030772908963
563.4204418400468		402.0896488890858
338.4979416014418		460.75872951596426
405.4525824286404		292.35924323929885
455.4257441873962		445.4633639412539
346.2941470232047		364.2675802241603
483.02863075898097		309.19451782669745
480.28411432324896		491.23694207909267
453.5279817506159		369.7155407037836
488.1431538638713		426.62054634712104
359.1943616420099		396.7465869539921
498.96225398204945		424.00386738371
488.5686955265353		325.9886195670003
430.00384290534384		515.6256683832426
472.4377649517922		291.62645685605656
369.0637651362154		404.6880787294433
388.87097633913066		404.79529596220976
365.8486243287786		421.9209599475387
346.4653497185513		350.74531465269183
322.0302409268615		309.64077751100496
311.6243284785584		354.0453290556644
520.2336963752584		487.36206527478794
477.99778320870337		466.60754015884044
497.74565963534		384.042216005174
444.44976997919434		277.01105559565354
511.495562428611		262.0868477295756
327.7253913919265		391.5125929080391
420.1291631577252		277.9875913053327
466.4974996704369		354.526208531612
303.8340682518048		396.6856936063961
368.2636614535107		323.46849171901084
373.6154993011621		401.11027976381706
455.33701020667485		247.16338706485482
455.872815720036		399.2302492890493
404.99278965555715		367.43288869869406
431.31724677973216		377.0723869431962
473.7802725361339		385.35246410592976
425.09104305548897		460.7889758404518
358.90539479780307		450.91872328500193
429.31234475269434		438.08304748487694
354.3435688026285		366.51314287475884
385.1741648862785		486.91998917221736
462.41841578697705		335.9102327423017
395.39976288107164		358.13715078983654
416.6205709932458		441.0690496087945
515.4942541608738		325.05661105845826
485.6226980762866		308.59958324650404
425.9648758442293		362.46254593777803
491.20600980390765		419.3919129973022
463.53291895142956		491.86424748082885
358.755767718563		381.98990015462704
397.36390427979563		502.3744448058854
472.79178256057776		410.2016939072632
425.877165136645		370.976965220048
481.4023058108844		487.9830365717495
470.6100813284373		277.2564828882187
414.17506334344114		308.4787665555018
485.11823560133166		419.34554618293424
451.7225411272502		459.54327052039747
445.4715948018894		437.4754602068254
367.1878443758438		348.31678521545103
376.65041968808066		379.0147203699414
284.916252727538		380.0605337482913
453.38169248983144		327.4949113925967
414.12644086652983		461.529608144137
473.53645538472733		377.30284456715685
369.11507580818716		498.5957931448904
345.6281339055823		351.1123699423374
486.35136431088193		479.96674239060275
301.12444360652347		371.2691729955936
474.41983786306565		429.0386667176173
322.762425054749		321.05193421434126
320.8390441052213		390.7701773953784
356.1934164151532		334.922781146551
390.2713752702988		357.0383369122656
493.0873053293294		445.8706950255346
479.81933453929656		468.9421052648476
449.4760398226541		393.1349547069612
474.20310664322767		503.06036675243826
450.3514262892885		501.0349464717586
480.73144472563655		314.35902224450507
473.87792248926695		374.28982110126094
459.58530824744673		446.5837699717049
319.1822250518408		387.01040823252043
369.58594785576395		369.86130349097454
431.1256102796007		518.7013630962035
455.1806328579473		476.52275591831625
459.14263241350454		448.3705764056169
339.3247444017488		322.4433935269495
460.1211759120847		385.6088380513745
538.7658412599268		394.2682415463814
375.5703316449347		417.92831168354866
473.90199803031464		244.95939662357685
429.16854246983337		426.276339962117
521.9896981318825		296.21900663006653
485.8323755775172		458.78227474566995
375.91515726204204		379.41541056474216
419.2034081251989		416.85206227849227
466.5727822408177		321.41816689544146
344.7030104499828		500.8954880838385
517.24893455034		477.4321283859442
407.82043274821336		412.3505106320458
425.73173358952715		315.0646241946162
501.25847899976907		385.4646124631442
436.6071209966064		384.1671815842243
273.62343105087086		340.4788258985275
470.2302470879761		292.8662755047879
403.5132880613578		355.7949087877557
504.7792068397011		510.50289547529815
531.8219251927312		459.1503370554882
499.6051188792071		468.94173591173205
267.24932596267035		312.5678092069089
371.42710742768185		459.9314409721976
440.8307476394912		288.18837396136087
443.074126096525		406.4146711967796
443.45827342370416		317.8997430024305
428.25544737746145		360.2246842284821
358.8875384976992		379.9773509401761
323.9864528211855		415.2905427354313
470.93746380294044		447.9452120580998
355.6905390602742		360.730635979105
328.73816419037075		382.9146396376984
361.0516543737309		425.79813985126617
459.1809083060264		417.8418273207828
324.8191856922764		479.07423321817225
485.93471762634863		438.88450969347645
412.41907123896993		421.2268740695814
481.9483286340225		465.6858978257139
472.0744671740438		256.21200481103597
375.46406752120504		351.662988536651
448.01070648334996		324.6058218006051
431.5714872923086		343.26890491447847
468.70556523624293		452.135928405394
530.9094551772516		301.981073673038
486.6503735162271		296.7754674249944
465.15648083060375		308.03701498108444
482.0983233900012		500.175404107394
274.9097359398906		349.1130320018517
457.3771115615599		524.9631489056555
349.68182717838994		300.5094018825775
441.54060594874585		465.4450562325272
457.5451272779833		485.96289687244007
402.1409388127837		392.7671372140569
502.3827991662086		413.8618160678224
381.9038170530017		412.9388920749367
396.3268769160717		409.8324897297381
418.2398954832064		398.9630183918453
444.45943345607094		412.57982632229294
428.3222509655824		292.50758728289026
454.66439855155494		489.20290141814496
425.81766097040077		352.88070152534124
260.02947894640596		411.65625322000636
395.60302478696303		316.17634825743795
447.3646626995776		470.8913702841683
419.0504371449216		355.07275995561974
353.3026603278753		350.199813261552
292.79408728968093		311.62188497188447
400.343410727147		430.3342604555842
387.87861187574003		438.14450167536546
426.3943327561203		382.0081156310996
418.97161594337314		491.37069948747956
455.1924436024681		471.43914587250237
475.5958201438504		471.80867887296563
438.505121676723		397.644671204014
333.7837848114456		410.38760953064894
469.9250028405944		390.2289784674771
427.0242666934339		282.9447880573682
408.76514275045594		314.17290026498506
465.1145017771493		399.4843913477949
476.8608425939636		473.2825120962804
351.793280169078		378.08355910208786
506.63256542687105		400.51786336672404
341.13658647793216		332.234832219661
345.9210868007958		454.90942432605567
404.37681929773134		394.8420940170007
449.2457455461014		474.8655000952903
357.02019906493126		424.416266874645
333.60427315870675		452.9849069398472
404.6569087512019		384.15872362000283
335.36665391197397		469.08403403441474
502.60125181039615		355.7578273189075
427.78368865654045		435.8209289303658
483.7731873856551		277.16245257876096
467.38932945041233		504.89244509491533
393.1997656648833		320.0413654835432
381.55359442911265		328.7942520109859
443.769138468268		339.537846607342
450.58994621288946		297.230865619105
307.7704087022399		367.0143208211906
448.3307425416576		496.5722038801925
427.1039592685139		323.6224560422875
380.11038837849225		390.59125023107447
320.5393577736782		445.93292896803973
439.7239442261753		487.5316228764975
225.5793277703036		344.0653210567568
330.35803893426544		328.65704746050295
412.1258758064695		455.12254866122635
394.1881653664742		340.58107387861844
431.56283530217286		407.5695947628861
295.25191416309235		323.4560303721532
465.1630992966793		483.66789230077563
370.0169815689926		410.9708173036033
431.8307657331448		334.3323679409118
452.6210109464834		453.91459598949933
421.52444389480104		429.2422709400745
454.5296653143753		311.2096607254717
428.32733487911923		415.5724064451891
494.07510949911125		461.16153140037306
470.6195939485563		304.2128848908511
462.5286810534512		443.9652305988018
486.68887718515657		349.48385539110444
414.25075829608375		368.7240584769451
317.26936745354067		360.3253600988219
382.8070980911475		360.606268660572
388.52520802062463		422.29338571869084
402.5820189174024		385.03494374602013
372.98499671891085		520.94148840238
494.9456376579244		291.0839595641172
456.9865141017094		337.10659114880855
475.5266967229678		439.8829973081856
300.0267985074404		381.44050292256236
229.88197451067356		311.08368042497364
478.4876904877551		484.3128391927957
373.0065807209615		390.73688525044395
506.92407298234		396.6451482403135
309.618275825044		376.9797079928986
460.9389954369323		455.85057805518215
507.5563224629642		323.12806171499824
477.1224103422286		444.12087816679417
538.6519132001375		418.7951007223417
447.8146571406327		317.786620209004
450.8470598018932		292.5940134212486
456.73934986472034		316.22826106097443
362.2813751847232		375.28707259904013
453.2275302107708		359.24101793357585
458.24645976227924		329.33439538569854
498.8157783497909		446.2751199257085
422.4090121955399		412.5972689444479
472.18085741415905		289.528885669523
397.52953369047975		497.50941127195296
300.1174384359282		396.3679231279329
400.47158586264123		365.1855193897095
375.8065050937661		341.5349421380878
466.88214534528646		315.11603913444384
424.5590595461185		396.74952595478686
387.34520052654256		342.7224470408621
316.593438117717		343.63262554439433
421.79189638710557		399.69168329648215
417.6497916583887		306.7049727736316
476.623282078949		489.57439234612013
435.15808198451134		372.0343155371628
475.1052361605619		334.4469598522138
445.2210878839532		457.3796083040073
455.7066589482075		326.8225572652414
469.657382858142		325.0938672790177
520.1471899783518		456.16946955511605
341.9400528922821		366.3757844806954
462.73948278879857		282.027576625858
430.59716936153757		486.4844341086969
491.3080790179739		422.05792173367973
460.95818739468257		424.6604257539956
460.54204192266064		364.9374625485949
471.9698310479911		376.29338878602664
504.85855004964685		258.54220244060775
330.64184332836027		427.79830454874764
339.02591898943433		432.0300154197581
492.27657788524164		471.36801828766664
500.33692128351504		371.3336144607424
298.26702948526605		367.2770835363847
518.7805895794463		339.6817182946831
489.44807619529473		309.7018747557672
274.1152193999258		335.19353784061957
414.2233337908129		414.42797827275035
457.3441011830843		416.88414421462585
487.58255873164563		302.75575635762834
344.39535067752297		461.1995429228952
462.7318181041978		289.15456609472324
426.64924091731973		394.31740497789167
340.5234476353749		397.1703528206102
344.70341027395716		538.825128660371
464.93805808342444		333.5549431710177
342.7228486113586		364.981268762864
414.8457821391361		423.81197036939403
393.59950797425506		472.49107401730544
334.01422702777654		479.5837002849287
504.6547359677106		422.2166077036171
367.8057589989086		345.65349307926834
426.49133423307137		434.23318763577447
577.6997081665036		439.9653386535073
486.69991138623607		372.4722997048157
319.33956844491763		344.8563577310233
459.831910780899		337.06396522751146
365.3199090159703		328.6764938182538
405.89241105185454		242.02495535724563
509.4505926856028		301.8419718386588
448.9819204205992		246.3108143098102
388.7433742566771		399.72297979666826
501.08422365249567		474.3603070704267
319.2891267592003		296.7556468560017
442.7866550230789		391.86966729685935
464.76542306742175		454.8941211873214
401.8102647041745		467.810819831054
346.64484032273197		346.8983440368727
443.90400019157585		503.0207380457173
496.8790259785547		384.6874297135826
415.1391694065047		414.3703978237321
370.2559189059858		441.5137729679673
460.25552976625204		326.8004708308855
366.0684796283031		404.76651548957426
322.8966596297413		327.2091346289407
500.19059616503364		373.0608058559321
418.88423348542136		334.53697313770573
368.4390107104272		407.8571166000226
520.0901862331535		452.1565973118229
398.6970199367111		309.047357412936
307.6895131249262		375.3691319053611
365.09943697313736		341.69236061955667
412.34862556766586		396.4739878799876
471.18298942041736		408.5232988462739
501.4798710311945		397.834888037951
447.46329635756956		372.96457257248795
504.6951290565408		423.64719579433864
402.5372210994305		344.21239996929
409.97385013600444		314.97146611104256
488.6785737660204		389.3825740057995
341.6040474179609		373.2194107248843
450.53170384416444		437.8117707080881
494.6996535963929		305.477262472827
431.19342955097085		260.2841230511056
493.1195714222237		477.00828874011097
476.00732416604484		438.901304704753
485.32879860675206		323.62775455433143
531.7778851490339		405.6655472896902
467.9200978238446		338.70733341742556
395.54882772849714		462.237540720748
462.0549775343453		423.69633652632587
384.77277086140816		436.9485632710968
443.6118869494537		452.8580992193003
392.5006777776544		454.07189854981414
312.55282468215665		327.3297718805908
346.82432919423985		362.30781441790174
380.1876272353112		471.4242242846671
473.99295013576227		469.05612732228957
502.47062337196996		517.2882568108156
378.30259026154033		453.0409400306465
440.1512521292378		472.6986061934093
419.54806076816396		496.7443689380088
455.4552363840771		506.002118935036
476.0997600418375		269.58256519507546
389.59675085751167		319.11003461637836
437.3401461022679		414.2955852463937
454.11443863292357		275.89674166158954
398.6845455247982		429.6787464548287
377.5955567454266		494.27870368868827
442.19131627395967		306.37965964583043
484.82782901887435		317.43269297008726
426.88364738533414		347.5230239962895
378.39772298320634		457.4196620316533
500.5920538434503		329.2094564436864
308.27013081240096		339.88290340075076
485.8953825571322		379.6026276823792
405.6979217293853		357.6335268711072
426.29639032970533		292.59671095467917
347.8333505724897		472.48253337810553
341.1122079923677		350.62808502457057
507.4944659219684		476.46507873232554
361.72110220530533		320.15500479212415
293.61252524961975		363.35002397898984
454.6708313147844		319.23032118132363
437.03101002158604		404.927875154443
466.94772308495806		409.391024936892
414.40896515476516		343.04107475600955
448.9195473173239		433.7159827546867
476.2995416229835		326.7086471688331
314.3790754628277		335.1188952061935
412.9295491664521		395.41281968072366
427.6686380198474		358.0495529168363
497.52812890210186		356.60851587535785
482.4035650588382		302.05304071684407
478.93706518796677		522.1808959595686
457.8030487286561		423.5521151162574
424.1619317783715		396.95234308682404
414.99779353356297		306.32996172381957
472.3870257922586		448.02601619489434
504.5074559948559		381.6592319198377
470.3327041721008		298.36137215834435
404.8663159708126		424.53580166087374
422.08703578188727		403.0885215174015
458.22989242829937		528.479511574062
310.24914666847945		339.39772860953036
462.17302063763526		264.8482932779267
436.22681636423664		361.5753665120302
439.6785596909541		321.0418066286843
313.9662190294314		347.4292326305635
509.5920772289597		275.4659703687903
413.7382960037807		344.92035527111227
448.48892555938295		399.5673032541877
414.4979411350953		337.33053896166507
340.4650506466851		449.57947716456096
507.73184769582326		512.6354614369025
486.708532466305		309.901704067639
372.5228114843584		397.1482256430979
425.35401666549893		315.49202056361963
326.61092742839014		354.2142234836116
330.312335276155		367.0485196657861
372.47132220704395		406.4943355437243
343.47788922722935		470.441181196704
451.54785658387766		480.0949253170593
419.6821550318498		332.95881286221856
471.7928191076108		287.15507486634357
498.18472202344793		427.28334660542146
404.4071863188852		391.66226578107864
381.109906557877		296.03141433043555
332.71612421876193		379.3474440325362
398.7403196618552		509.39735572870285
356.7296798236497		374.1491850490081
466.40582921060553		491.4434038235068
481.11774181281675		288.3415130979872
439.85661325452486		481.5113892459838
381.23119781070346		372.0185360831245
465.48200206834366		427.3739705412877
437.4596610609956		560.0617412755449
348.7874272110605		472.4625018368297
461.0752612363095		283.9545496988272
443.4215204349831		444.83647573416556
461.3161941820692		289.4397500393392
452.1230662068958		422.94842544254874
468.800364082751		332.7105725226425
383.66415256173866		318.89053981844097
500.4217562904025		423.4787141507453
406.76282286766485		406.34523503953915
437.4172058761403		306.2575684959866
500.42555922226825		298.99208950479635
445.69983293042554		511.4816577086882
497.17730058303965		427.73551982914444
489.4259830209811		463.73051815321435
398.89153574783944		466.3771218247136
470.2094791715714		258.7817285634461
296.0463421053936		337.656204547721
417.84676361412227		373.44879090034283
419.2695705398148		475.3606452720458
444.86700900088147		407.0238249380192
408.1090441177762		388.26852280909594
486.14411909822843		304.9048295511388
481.6380670294981		302.4301727448608
450.8223900721545		472.1194996787402
423.0844358866973		307.3066318768707
297.02374629790165		339.51465811705367
375.21955431179305		456.7048712578133
518.1339787384319		405.1852648072802
514.8075377957551		423.92792788033796
414.5318315823489		381.2739172804986
339.73635363951956		352.6030088964669
481.245711342004		302.6307087147727
276.2067056695815		333.20145928666244
414.9823958439486		335.11414820342145
517.6465703281912		412.949654464605
477.87717386122154		511.96443319820725
319.464791418161		393.6926975843165
457.3159293920568		286.93360390814445
274.4549118629775		350.8946366506642
494.5789607780282		443.5063935722955
442.3822991630666		354.30017170792024
302.2631442314026		375.51512488488055
452.68182994120593		317.7436495785222
460.99807294240367		461.2470309774336
480.9168442080188		456.35411718963985
495.68629975558787		471.254502807739
359.0297150429592		447.25918458722055
320.94101398388085		325.5364890942565
366.84893773043405		376.41073962563996
342.33898529734756		345.0733444178054
442.7963340530762		262.03252681355434
469.95223008650765		502.81246311608743
444.4875363634552		349.8381849877236
406.42838325369644		430.9544158941565
509.9435930047804		291.328196412768
436.8545294350235		459.94690109680425
460.6499087888652		462.61341990687527
483.1237409985197		303.7682188868704
455.1903269560058		450.2475160923877
422.34988970874326		351.1335732036612
427.2968557616584		413.15906889633715
450.6589594668006		433.8896609312195
409.64441375891033		405.53257282455615
329.61300091261984		335.6788395448078
384.4286924036059		352.8945490412602
428.7154159038807		513.6164755926216
477.4898668992518		339.07196545203055
431.8044514141274		344.6022881037986
380.4487793869944		512.2183298782694
399.1179063423671		412.0568978181096
495.31850295833186		460.39662166226367
332.2718361548853		361.3155788291369
338.66225845502595		315.55080405654354
332.1930293871916		439.0858345715111
316.50712060410183		445.8964471385725
378.9877005610075		413.27094120119534
370.72300840359924		407.69733977753475
319.01257803645353		304.04923171706986
466.0383412142161		490.16682502834954
441.0627248029123		352.07042429252897
378.2644708055429		454.80876245820957
333.5557807321351		378.6021579122505
268.609889310917		381.5256222021331
427.6627115186898		414.668173142962
418.83448651664276		462.8169698299651
459.913272115508		275.1757123138943
489.80097536233615		293.8687699220446
487.17035568530366		450.6000963701591
418.35131990012644		319.90223797348233
496.94145801698994		436.06960053332284
439.92185479606104		325.2801942241405
367.3414953966885		383.71551159664045
430.4556427717099		423.7391100155578
483.28213217022494		424.0187162835878
478.0577525295804		403.073011165383
464.9066919380117		503.30190728767076
440.3282870753297		410.10719558195376
505.23893798997943		418.04224010991607
435.0723046751341		475.70267377528467
504.5403590620488		430.78687231157664
400.411746998352		334.7044797929237
449.5764082809615		455.63618208332645
458.5557157193436		457.63316773149813
356.9094550018707		465.26964350217145
324.5298772904023		404.3662009447904
413.2356996804251		542.5309057338487
378.9017438670289		416.17623517791526
453.6153272821118		251.52822133179055
312.10126337231975		309.8599296644337
469.3768166292133		521.8182707438048
338.46830500238775		443.43543123028854
415.7350703687224		285.25643646651827
400.05427772121175		485.16801220090184
434.44198041948187		424.3095612803611
461.7850788719983		469.1754715009931
335.2601164214147		324.86512579008377
276.87550042538146		349.6691727210949
369.2096463984206		399.86156750319975
503.31336804100425		391.50030871909615
464.36595217181645		364.7986376135495
389.78702241174204		424.1267489296241
409.55218906807613		437.94551632550576
497.70067254340034		407.70028211900944
364.94744075284893		417.8482508180456
271.40752393131856		454.33581195224326
436.935315354128		462.08427526066436
367.43937082506295		307.0935014187484
440.0349686077404		323.98389738419684
367.72976220642465		370.4599438934951
379.4447453082249		349.2932310421884
342.39791038313234		344.58600386213124
410.9089490602253		408.48481999646464
288.6087958998831		377.81596058907746
483.49613030652495		325.1922695891081
404.63451597983874		380.3908698487052
462.1323653966787		320.10979454380583
490.8542987744366		493.6691139937081
540.5242029116123		292.76690635572464
381.1942546232069		380.4634022512351
430.0595093403655		475.36850111904903
443.05542488448907		406.6437397414479
341.90028192663704		470.0395505459397
450.7356396070704		487.9368042664787
362.690176025308		337.11826476948426
460.99836867938205		312.45687718852633
503.78964362632433		316.99159792981936
354.55275822975676		327.22538715387407
352.2659011850779		458.313310861761
456.80358601986006		280.4373279665201
400.654171295242		403.20572540186737
442.90494761658283		482.24951580245266
317.21271441448937		479.8008283345511
459.2071683056587		327.33709732301537
530.266316650343		294.9757569378034
464.0918204210432		451.1545045411666
327.81761395215176		372.28020821562933
419.85056273883646		374.45671372350296
332.6593981360362		339.59362843361413
447.768379088688		284.2983968469266
423.2805313806417		431.0239983194152
462.9432759707354		405.34293456923774
392.7178032825972		434.33734066866157
358.3058154785012		317.5701287965281
529.2123694473997		497.0760626857391
484.8596467427372		440.4124133233418
407.5141621241959		386.8949049307862
426.92617635412097		502.0476419690222
310.9818320885176		411.84004954079126
418.3287831972747		399.10926993830736
410.79738709811903		490.5501801176524
363.3077577147424		350.3422112330978
283.9212721674503		319.67860983021194
411.76378029963433		444.5525746309821
413.730778780441		371.83327662952104
451.20890202326905		475.4948180706159
326.25381823184375		378.36103603065783
395.0391103162471		418.36905134172815
468.4513922746873		472.7610285924796
438.8997417981892		451.26771788353426
370.0963042883518		315.97073333997247
433.368560837882		320.6769988005185
443.6370303243308		251.33224838874636
321.5205728177028		324.0675566623476
449.276489312225		503.50552776273804
438.46818884994025		404.6600611807029
492.12725246328114		393.2398810423807
475.6584967502038		393.7733382932054
449.43116658417597		455.05012064883965
435.11253784535745		431.216181316804
271.840356356907		342.04927233568316
426.93548960256123		310.06900092232047
429.63383639043803		371.85443297175317
422.2646135035379		410.15692767185044
409.15772989942565		519.4210936658743
374.97369307465516		338.8369703959794
273.59611418315586		383.5901115739784
435.06053886992277		436.97924032296544
333.01807477344363		393.4343724643056
432.6835987154296		442.11958108431224
287.54654667302606		372.0518944686056
417.9196564156732		396.6329404231055
394.31104413462947		317.47620115327555
335.53024672653		449.8902692750548
442.11659160961483		265.6913081918573
370.24955073004656		427.51940454645955
448.8851985194746		513.1851838208031
494.9519329821091		417.5602293325137
512.2690764427383		388.4149592873061
408.9661309597643		301.8381486539293
378.8587678107368		369.8373081880798
293.4412738827043		378.92277808245854
406.879642316184		463.73276766845413
427.52683653514407		463.8547872339615
422.6851606198329		415.11482006994663
438.03759643080406		288.1969896954442
392.88426288686765		379.8218220946669
496.12759548135926		331.50325053911826
375.08083236841276		331.3982862979367
472.6099554867893		296.54429106810056
383.9224091645923		458.46212221061853
504.53840240063124		270.57088322873324
434.1377530386134		406.24629616832334
387.1843148479451		341.9680695279419
439.8163120097553		276.4091974586002
477.50146010583916		437.2589391729479
306.4108005716704		392.8761271194528
390.2317598622049		476.47639711177595
466.33901006558756		415.43396439407957
392.537313150478		412.0968427280056
396.90106151997037		454.9230823160256
413.9384767616965		412.22644367343037
363.74066455716167		441.7059888181355
466.63830485058094		347.7465369542463
380.0491445008034		318.32189052754035
459.7598641053659		332.52177935125474
308.72638383322		342.89659709547203
429.74452205296984		385.68179349959786
319.2762477603064		352.23291654314596
371.48472002507236		336.0009402746072
546.0546730185675		296.58836540559827
528.6234059548672		326.61595549279076
421.52826431241976		397.52458486320086
351.9875300699462		489.5406194583411
298.1886018028731		322.5912310738802
314.1292898312469		343.62311701676725
404.686356971854		403.05213393986503
461.84775543800174		448.8936740196467
300.61025576252473		338.118747900673
362.6248470200931		400.41126818611224
447.0905226214495		365.60451638278124
500.4724841538815		359.4814561805048
433.38648757523003		383.30823672777325
333.2589918841045		349.9840713684213
351.95528767726313		371.5442885654699
427.7728585797951		385.401833385619
439.73298117174494		341.8812501396028
449.2347880091702		295.8720811283945
408.2735137276402		493.9346851184063
417.57602789260403		435.33641076103197
423.7763061299216		413.8083190847765
392.95542472475654		387.0009113171449
446.43505145286855		312.75013020012017
502.8396913465194		318.5485666255608
419.79875698777914		389.2475402045497
350.72182642416726		374.6009243893787
377.8351095398547		325.78864650078646
356.1967398226577		408.47979131237736
418.0313803785107		422.44926139565575
385.19984028569246		440.26232783883165
296.1165154905127		402.7437165281351
364.13955539830346		420.46037098884216
315.92584493928655		364.5039825292851
357.051462004124		445.90285842686274
481.80526880308724		433.1256920553555
259.94115904969783		403.2890491744608
367.42712640019823		394.8329096204774
399.3322638661689		431.76720529204744
398.6449050791626		336.22070486258065
526.530800649077		307.7018110141784
355.13902836735525		481.82484201340793
456.7653787715483		308.4307013727113
447.01333098801337		275.67055880807726
498.7542804164649		390.4268792370915
521.0250336516116		449.38273676924587
535.7365426996514		285.51387746820666
497.8026550102546		478.11153751843653
453.5862704591951		453.3266343848702
372.27387931320726		320.025332750302
491.42722214669584		317.6694242239852
334.30298919526183		310.0641094977161
390.9801895872105		404.83927931016603
490.79877928917483		441.11091480297773
456.26795807363237		488.02105159435604
437.2804660780411		378.22927632822945
450.55046668748054		515.089959287254
384.8086533302357		427.41158481631874
450.76069121592434		313.37934379738266
322.7493140286566		482.0636511380901
417.73955941419644		385.93911260528597
469.43063344677233		440.82017689001697
449.9860953125262		524.142208237036
386.23207849661037		438.57207050649595
364.28940797867665		440.2019380790272
400.9634329254597		471.43803057417057
421.41625634176074		386.2714591976188
387.9534445870693		458.2668632500746
558.5814243537412		314.3956020541489
353.7485675164724		388.98677795790167
428.77811412545543		350.6416546896687
474.1812756806511		291.37370361856523
471.6035575324627		457.7719512572153
478.67709991014084		450.87830278421677
405.75558915021145		401.1043639378526
473.28634026392416		474.1681280090298
495.48678897650916		428.9334145384797
488.3908695860498		422.7899055376232
318.8275883567688		371.2473395718207
436.57467315522774		443.4136948896151
451.2829141669283		259.0690659780534
307.41698053182176		294.3142653692893
483.24846013697237		452.19867299251325
431.95260425417325		351.7403658490393
439.0226747423295		430.6773374244059
452.8257791404702		431.93532113815195
433.2893898418977		462.2859994136435
309.7042613379646		409.6196081100284
332.9051565607634		376.5346747130892
439.89623307737537		340.1193894497136
369.5092445126345		317.5739037831371
331.805295150762		295.1867138447382
553.8153334224648		482.8666010906005
462.8430688562548		321.760696473818
410.8576454814594		270.33696869739106
497.46298410912243		479.85961139928935
455.0742489159296		445.71995663908547
481.5737929429805		484.52262692414524
420.1353109993306		466.5721729944016
436.83394884745917		302.27714549658486
507.2998319996677		401.8357558760163
431.90107022072135		485.17467712443073
432.38394242718005		405.0562038098818
314.6446898610289		310.92029841563476
347.7960103041351		376.5693531039944
365.04137585570976		317.3551851079652
420.30225718650973		316.8984275828494
292.0755066727733		337.0643073773922
504.970086340065		268.99923672358625
393.35885266007654		421.1491659612513
306.79844924131476		358.7565482795777
416.1263314174653		483.693246580504
484.76121210194435		289.48031155861906
349.2809555733325		354.16477854530564
390.31916996179075		393.37643798775355
372.5092897745013		476.7204009529687
369.4411635740249		438.0999721819466
509.5722942473641		301.40316130029663
514.4674963983878		279.5806328636211
311.0805990545132		392.81098607421495
463.7475673962056		285.4363533343719
406.0858158215052		384.3495250539265
494.2544885373799		432.36527026030166
464.25752647875765		498.36798524100817
443.5760792372994		329.8953407144582
453.41058014452335		417.44772730172855
462.7358852564622		509.81237297452407
451.97658132429325		439.0376588518783
372.588957193061		430.75599739819376
367.7651292161835		410.31122561952
494.3063452982082		317.71766090596685
446.091977839614		289.38558004835085
290.7794163888901		399.66626598526955
469.28776797735605		324.94623279066985
422.60360608122494		278.11375276246093
500.17850449535473		287.4581638074954
323.60236299475395		427.2943383300718
439.54280358855937		326.35792033403845
365.2337554291629		356.7948029187671
426.5267326379103		411.467102155749
360.64870295017715		423.6706524178787
399.22092584633265		479.29619761084723
283.7430836048737		336.4729718997514
289.4793342170329		328.99759976313635
482.8510468771451		325.66884543969314
503.48374314069764		304.5360610680472
550.6079853274678		346.91802504781776
419.0792700320589		395.74186793913543
501.0487120191388		398.05582815896645
501.6037754271301		483.35128823756423
370.34237470036527		353.65894973635693
414.5256034006049		453.0075757499561
343.7036891477453		382.94915811290537
498.0611181670078		332.84935437219787
475.22530096148637		468.70238906994985
422.3666549724555		406.8699233098391
318.23515265597257		342.0011499325352
365.4787714681899		452.48512489323
331.6770533970525		502.0532680095701
304.5480131103174		509.77980079229314
455.3996198801543		334.69268945656677
341.7615861008921		317.2381260363027
420.30373362053524		381.28563530940255
448.7091153717359		495.37380951150516
477.9641461264251		531.0439981647123
492.18238514079064		406.08398515024203
360.89103672763696		387.04484028094055
516.5196140278917		303.9831260742477
418.541447284074		371.94860474312543
409.51726548043786		385.3575944820992
353.72046025054277		380.01159815607014
426.52761416503614		331.8126770278482
504.5640689236847		435.57272520740105
452.06062168919453		430.24756038278423
410.51756072760463		417.689804194534
287.70694409288427		403.5767089383808
415.5138147391495		498.05752362337984
373.08125527913455		365.9495240836077
428.4455247507587		347.3187456779941
446.75889915067364		284.0482837817281
472.75876735273505		336.61168539818067
430.83728210219846		290.8268818181666
335.8509035264767		430.44668744315817
342.28420287420556		311.00804966650276
428.0149537857021		411.2564616397172
448.5783776270121		230.43038988623397
372.98395043937336		374.8252219090231
441.1799727821326		344.0544892835599
500.72143536580603		408.90012233198
480.16837218608754		361.69419949023063
372.3737057591772		377.53568310183147
422.68481890069904		341.79805441448315
476.2191803732905		489.33723158248324
409.1977087151814		338.98361596832194
386.9679402142666		482.57880404413953
461.59512665311377		310.24357655153864
355.5730055591568		451.1318577691502
361.50658444374534		467.3263723589798
388.5781879950465		433.1908581504082
496.89044093907023		460.04966873330886
472.85304815352384		515.4661623879156
450.63423359512404		312.4423890965057
295.35702697401143		403.2330497378146
368.9752974362216		470.2283127190812
428.7983343189866		524.2173036485564
441.9969618400495		398.20519709362725
339.3977076402991		387.031974231132
402.08631624187814		345.5632954222866
457.4035027962941		479.163238091433
468.9299239939794		504.98629624903185
388.37768580455037		436.02625766725043
451.5682302760655		330.141318089759
295.61338134742175		345.6363745901965
463.0927127766111		470.11597014107576
366.4132536821038		422.7584138801883
487.3899933816049		504.1697901347919
511.60543043557163		458.89331851585916
460.2959516956022		281.0357424456473
489.86571596055074		461.35397226622797
329.9008758502682		349.4406184485802
406.2599661263477		506.2030551556791
482.78724243062896		334.17305000178004
359.44380439218423		476.3374747052311
373.62091001765765		469.1082910548481
341.8222850555158		381.7244234198347
494.73582360146247		481.8522196898037
413.2721343243946		408.5219570998848
386.88317607784484		358.2491590540923
433.8095635045551		354.1682960740983
382.9871028034798		404.14797926076454
517.3892561444593		376.74869427522844
351.92778243021746		496.78740895133376
485.3516813068415		402.07189014742306
478.3538246641508		405.30187917101216
438.7359787063278		508.22049145833785
451.22788155035255		394.6698100826659
523.5983377186369		330.1170576323309
460.32580521180614		291.22313485511455
397.70444257558074		327.46396828039246
503.95377829305085		425.4858817244502
446.6008389960939		290.95757569895056
388.3718942006607		466.4037165158989
493.2623396245473		538.7079749972678
443.2500836805182		279.0361839225779
493.674992560351		419.4705948407413
468.3771505823645		345.18102130176123
285.684782730207		364.73176535845835
496.24547705166555		310.37911631530295
459.22190442412113		490.7049755249185
516.7282043943967		334.7415001438499
486.91640977166793		298.89726226990285
348.20312036880244		458.66985364240907
412.28442769165525		468.09485571891116
513.4216421579431		497.61438117904993
437.2635409897176		468.0588665090385
458.83612371820584		453.64306357277354
453.8542017741546		392.16545781466556
392.3377920591157		377.1444416942915
453.6069015797796		273.98653724966505
344.09839694331924		466.5776888446513
387.50047505539357		418.50542356641705
379.361243798202		352.30795226782726
465.9919972256036		343.20210974934946
446.57408713857467		473.3059331323882
476.9645566381818		261.8014476437404
439.8296089776647		307.6454776843237
394.572212642853		350.4597249963664
379.7037627613147		415.5046772384558
488.6966357109561		434.8061720483289
320.07521634647657		357.68107147082924
363.6641555478481		402.95719939167714
407.40405143545206		437.48987650090504
391.35601792310035		357.77731327440154
263.11325154468244		341.87886942691966
506.66038338579335		292.6873592075796
395.42474862658435		317.3295023469588
477.06322652097896		457.0529061858429
502.99983930053145		388.1045905812456
449.1566977454819		507.65346779946293
403.6186002901612		492.67127013467956
460.54602979054334		429.22174736769176
482.2441347300796		510.72580250534827
486.7034485624944		294.9682878187538
535.7452955342287		447.8683064376524
469.8712456600739		449.2746933378555
453.56050844852837		429.6154387038591
507.4751864271034		492.10959464683503
469.28761967428875		439.7880231564288
497.30866788837045		403.93610580257166
415.1042003352061		524.2927327172431
453.7740349674813		270.12433756883524
334.7075011149628		297.9630931343291
304.58636284810206		354.25691049069485
464.4559430086551		494.93644777974805
343.5972506147942		455.17657623757367
348.2359362464524		344.78709582683734
457.3026513375377		416.89395208638706
516.315104458256		461.2471772707055
459.80924651002374		312.4025295240349
491.95951635967145		313.2419256152525
401.61011528206507		307.2758165084308
396.4358871933806		371.20168595987815
378.9668637138308		407.7473450749501
477.6227726046276		301.57521717847465
517.5002387239643		436.94307307602736
431.9226888837524		308.3877335972907
351.6517680976354		474.6954262353379
378.36528735837624		463.4918065663784
485.16789105593807		494.3578787266615
414.96261225677154		413.55733415620466
461.1707108865633		306.4496921967289
367.7764201561643		384.36244371407366
486.4662385010968		356.6749555979913
442.48497682393486		334.68105232830885
437.5935293148186		297.68207121879476
378.6007769323338		366.9152130704778
409.3097622547601		472.61929834951553
316.330088695022		362.3799702111585
369.6723336985778		406.5060830595333
426.0643333510382		329.0714645717399
437.1339384687163		364.39794398893116
315.7790378784		375.26155928740707
449.8565846838211		328.347604507447
387.0454468758048		373.03930781591004
397.49698050375446		378.2773682203794
464.60868210101694		525.6244886444697
341.7221919259023		358.5046543079971
442.5792291656855		350.8899793363975
421.1996853445361		405.8432254318092
353.54352521327763		367.7279244718836
408.89946922387185		473.83242335215255
429.9472755973566		461.8177245219101
355.3726745757425		512.1254050700618
440.8489031135495		529.9909101256201
354.41624611893513		371.5993039273394
386.9067081691873		302.0343753164033
525.5455047480662		387.2937279856176
452.8095221629729		445.6026637865891
517.0009162715644		476.8898627283357
533.4588234590807		297.78223442951014
459.29681974548504		416.2283838504901
459.9993570150994		392.5434956961843
476.22331038843447		467.2354315265525
480.31855593728034		329.94997417572677
338.1263222212954		447.18870222314
380.101523506203		395.440795435331
493.5679913163065		568.2898002975431
430.89338715642674		462.85733047401584
435.5505111812327		475.4210405740117
337.4065286660808		517.992528920281
410.5116830023409		463.38911251227694
473.85072087371816		366.0229747701056
455.45969942646474		354.4244232586783
397.72184623492114		414.19793787496263
374.96674815794853		382.92125754114215
303.1081716466707		305.8860159928538
402.44654468573407		364.16548845447034
405.85124768777337		381.93786325098705
420.8152776481219		305.7999041812536
450.13182138052264		310.27485336426986
504.58171047254893		318.38217655040705
431.56131551480473		516.3172483603887
461.2126627453175		536.5622205082794
429.144581052583		400.4403566903641
438.7742351482363		398.9190500543253
456.27173249858737		476.2826721120899
463.4013523292644		300.24198625801273
423.5419726196195		361.8673710893512
361.26407986970935		474.92985067166876
424.63525674702834		382.95494581716713
440.4567487173838		480.1129042976947
425.29743222156895		362.10137764067053
326.5100449915607		391.1835488801238
394.9876655734068		415.22807016484006
459.560944801922		440.17502492359216
249.67316794983432		333.79450419037397
442.85775098773524		399.8934269177817
483.0579506927558		476.1577449038572
374.48733955813503		432.0870079557717
457.08706386621554		475.7176664978996
400.70202076459003		374.6360048875653
418.9564688807842		381.0446574481072
444.0551051963423		324.5067422974065
546.5167181704436		443.100012048305
475.35702407387583		461.0602465215032
430.4148888654302		447.2466157010558
460.4610936510754		297.9736230378413
309.2220506400784		369.56739551609877
460.33374908049694		413.9328696858581
504.70730833790236		406.11720959738716
445.740822974687		332.8351676761426
388.98324037238683		366.0368966159994
394.620479086024		482.43089727944937
352.8454636240278		355.85317272005204
446.26450840128206		437.50667589143137
513.495632656865		447.75518328640067
363.90929893534565		333.7597651231914
482.30806043368176		270.55642094566514
451.9482531940025		466.87830570235576
480.174637219864		418.8531553328355
370.6266893208094		427.74580374363285
515.8380318293597		469.1784763725773
407.6179820335337		354.2340649802195
504.2099069275224		337.47303445474137
408.0395474995978		417.75847762512535
433.2217448624847		392.6460906900779
410.1750616263687		500.53002184220924
455.95358076624746		480.56312857498267
398.58425947703506		354.8118096800791
310.6667094923656		390.8577867970169
434.00507578827927		406.3357664095143
478.30583599331123		318.10291576666043
415.3848059015172		401.99659682149615
476.62259604522984		277.6346536302171
410.63401708191907		407.12726202869385
466.3461640224659		484.23897894666214
447.77851702151094		504.0675378637882
428.7679935753903		502.3120641972147
433.3384319425029		302.7999203227387
421.8890036090298		505.57510017030796
389.72196856708894		477.0453562634263
483.83287671887985		339.0520664666615
468.4672253009976		399.0110079011538
405.93834938080107		408.91965337269045
283.0248469647385		353.24892632970733
504.40630355957444		481.59784471223855
463.76313112678486		295.4250732965095
465.6633910765604		467.4961714880723
309.36226366642757		397.94406288047946
320.06132778418385		389.2196027778286
484.96150232901914		465.6287250570079
320.11034879512096		376.4695496431358
377.83686817360797		381.70980837000735
297.4986378046066		422.3693379865507
396.8959805179952		403.77040642147455
502.14977371109086		440.07226671344006
487.6290843042575		404.5892536040026
461.38535604724154		474.7340253512831
453.11192408397164		279.9939630792957
495.90179324643714		421.60856965906333
347.51560551958715		354.7265713718406
399.9344527570348		438.9325161198434
345.0635395229465		532.084454763042
444.89963617503935		543.5398222921973
518.996167068208		245.33702268146357
295.2898696023703		362.4647864208068
303.5321865956719		386.17345350669837
472.2012827241309		310.5985541673736
531.6167580732265		406.3498055655766
447.60876628946954		448.87543188680394
462.77255797398993		476.1670375113895
395.0656230169792		367.8009737523912
491.08304861233466		452.58753611170124
352.3103241952713		498.0290882519443
464.01591738081055		324.8642105378193
450.15200754730535		438.00853266400094
516.3759311804878		412.9220038448392
313.81576618036127		324.4003064469444
293.1544508958979		454.4348028036618
412.0704779599387		346.24831375445234
479.95350238949175		319.0279622325088
470.2400212816885		474.23142797926107
405.56773184161915		440.32630557970816
334.7583026911395		483.8236661096977
461.0847160173826		334.599332873909
399.05327857783726		394.1333417143327
324.59317218208423		355.0840204842212
540.3596930827213		386.9132026036065
493.2393191159066		367.1680082137081
458.0033921434124		483.8301333487694
404.8485895216569		337.5726589109403
356.17951904568383		398.6588301085504
467.8076080812849		316.56754805210676
443.32905081519687		394.81882767687995
447.02497111557096		460.1414867187351
497.8011901752738		443.1375986731146
426.27476513715374		317.88714625159594
360.576183800866		325.70797232314294
473.631655637873		504.4438257865792
454.06223587049715		381.1603562514232
465.5187644246522		326.652233156736
461.4321574996951		339.43008633455145
366.9583587029045		351.7552497711332
401.6829318366715		364.3020424340049
371.5418929439694		466.2906641060863
483.11826986108633		356.0961515376402
443.44089401514424		350.02165078178405
449.01680712895995		341.69829341937265
492.74522018105574		452.90632349989096
414.8405724848771		450.5307115725004
341.95458273945616		441.92635863905775
371.7981052608268		380.30583072569516
384.0419748521571		353.7601390838372
371.2249677176159		348.1868467889439
489.6202218885895		403.4385463454766
356.78073800985464		489.92616227540316
316.17577141105255		430.6657288413532
398.6251017470995		460.7238614646931
383.21191382987536		415.2341068139973
368.31638946081455		462.92928599653993
443.816096633141		426.8852560277281
373.9407519813192		459.1248921425062
337.4780883522636		387.53793715720707
474.96455961703015		458.0332163149178
491.0818027614887		247.10276795513815
305.04804931100017		483.64535152253757
391.47612433814993		360.274084448916
300.8322380712747		493.85398792725937
444.1907737081097		372.6224637917208
336.58870417606255		429.1628753792846
383.1415280561252		361.6331294777461
499.44477036243234		320.31580618495633
518.3683011102257		386.93689996954566
390.2684984829929		414.5606866291274
433.65229553605405		369.27974027156114
388.31467960622683		315.37471479635326
432.4168707842375		465.1791220520941
469.2016528836833		459.2571928834012
519.7731699429119		393.1929844928999
284.6330995537602		469.45152555356896
395.32297603662454		336.64029729170454
370.29596270632294		437.6076674517092
454.94044356625454		507.62288289569585
