523.8828725931332		297.24251674929593
336.01863955674264		333.89747805977277
477.75938460036355		320.9649633967112
378.49299928352696		450.40063896487624
552.0715480892854		381.13440863911774
388.70019272348816		422.07830195428863
423.3722790252457		283.394042087605
465.5312900518722		381.32837535281953
367.76414056674423		449.20981783250494
450.54946879489745		335.8814606027864
449.03641555470324		304.6897822320155
448.64900271828503		338.28317362187494
484.427757209258		327.2276397930045
403.1487828979099		426.89854493589826
406.28662410782243		400.86881968843824
421.4564716161953		314.3439279970206
453.1405938807596		381.5317480182511
462.1382810639961		417.28552250224027
466.2969019499409		410.40938000062454
493.22269250589716		427.96323641823744
397.1400056301437		491.54646828795677
457.5359733386338		344.4841092379733
505.2913892437415		336.59980945786214
341.1167633357487		363.0892640719026
470.1994043837087		475.8636474329241
477.182562033457		400.70426249539577
425.51342590934195		342.6625340415387
496.8019900963392		372.09942400529604
319.959617881903		337.7774161928489
507.5806841235459		330.9539190170113
469.65920777765695		364.2303495483773
423.28666030319204		348.0088987170337
316.7904738916636		291.57788155947065
505.33418890286197		408.6099313705432
363.12883936932656		456.9991092267066
455.1730058114439		329.8974336094134
478.8642143252611		306.42668239067785
274.140384123691		453.61425765074347
462.27498981845076		397.97755036963434
438.86177518458766		355.0772707039633
517.7269473639245		292.30926808707795
504.7887137664378		354.68152744140343
540.8274180604448		379.6869985349105
369.661995965582		323.15382538976866
484.290756359846		395.6090857574991
472.58757777184087		356.0673866446083
426.5394824677787		403.7448654846209
490.788847299765		400.6066142788356
340.60088703298806		341.54164263819547
496.72286959929545		302.39155928072284
451.77257221592134		346.363751456065
541.1492800945936		301.34115284897115
385.80366316189287		361.7650261970832
331.52732526518355		321.83291750992345
318.7072648845512		381.6097777308889
476.95123442790987		377.62005667163504
336.0288539696009		294.7752507412213
452.83524116393124		353.6498646876761
475.95655438729784		398.53001052817
468.20769584343407		279.9417570126725
401.9846350089896		391.3791447885536
504.39182134938795		316.35647726120027
453.36995169259313		374.29122141379344
514.4287647474799		370.65536997672683
381.4467335812244		423.5689997603597
474.1250556354488		340.1540918995613
458.5591173497205		370.74155020355965
381.49565990977123		379.22627581752795
460.08947242328617		340.71975434106145
545.2419158709206		494.691412007744
459.8216985429849		296.62555112702813
335.74078434793694		457.96253360202263
443.1959020470445		382.07535686389923
389.28660790018637		369.0952278177646
428.76733795211385		413.2451411885278
316.7177154177395		411.7882236903734
481.9831688362205		333.61687225374857
420.76970755049786		374.2395388390414
441.92641624022		425.54025709414316
396.60918729488276		343.2227896647391
515.8071816235783		345.99259925790574
389.8145167087514		468.43048112402647
535.654202390318		326.85692517741063
303.36512562099404		430.6386647364034
364.86720096878355		367.69978754168716
353.89857080915		438.68850638576913
322.99203837091875		428.51716843167986
455.4440395254672		387.543661366508
552.139229259663		325.32963668494335
335.63282933743426		373.7214191523519
399.03907653503376		482.3204894149699
469.2754472735828		382.37065522725015
351.0787264219818		331.20382011519234
319.14885107352563		478.2497802747945
470.716053573743		361.6297347833994
419.62961020443686		370.77615567311796
492.2654458317984		305.94220145178997
341.01511098951926		401.818358760342
427.74154806793746		306.0925570250109
411.8274309593457		339.2386757762564
466.73881326970275		280.11353906022885
437.02044440207794		376.839874496586
296.246275356861		285.44836241318393
350.973424449962		395.10387320477406
522.2656203257103		401.1662471748101
367.8008580119495		391.6181895220844
375.06313723976166		460.08148207159513
533.9048892048257		373.6075719000326
428.7379512196328		334.89050292757594
374.1225093032103		429.8342619905827
329.5569109099939		435.96213656066584
503.3177239540472		331.1555605647989
373.77015233588816		485.3337952940202
420.27239480379507		367.84778306105807
458.81304353319445		355.65243939116795
496.4076430740401		316.4571424690844
500.9127650221181		286.6479593349725
471.3081491714184		350.42308699534294
325.13111624496486		456.0614605386157
388.39533618456073		377.1160444098344
432.23029225747877		348.9095371196919
327.17372581127006		430.28938112749285
321.88759183266245		358.671355870404
438.62651089505584		271.7835459626808
388.5953941221733		337.64123885617806
463.1639169014408		378.31758211708654
405.42941181517483		344.74153500119735
455.84627695813407		342.919275952482
363.2380660989656		391.1002394156095
441.6436702888387		347.54251471778167
454.300349935626		321.2410676853952
462.79878302344724		359.7860965180797
382.24711610101224		399.22040213273925
326.6747173084824		255.0348060115796
354.8060611600657		430.5476185364898
350.446307239861		258.57966012593425
326.4366757649353		436.05454409118823
488.21143010857816		302.7931987444062
508.84051963085307		345.1063459687111
310.22418679098047		277.8342660126997
321.13834553026356		268.1785992040132
410.0133923204039		358.1647263004776
401.6698362243223		485.374909985699
459.4222289379266		316.14809473389596
341.0906801489484		334.10180007000866
472.99495193164614		316.34920199264633
372.3335989313254		373.87390549655845
403.0184693465037		428.4870138180481
351.3872692094343		463.3774542472378
378.36538419303275		396.3590195531651
523.5762148576697		368.5124193424667
493.20392159341776		414.5351194563014
425.0274175937244		310.6755731115143
519.3386201890091		421.23493558807326
371.57735842239595		451.114538428068
463.7240835263894		278.7443927273069
395.2439624320044		346.13810852837787
418.4551402015025		377.03799819091876
450.4892604351178		323.99971901791326
523.8825785178034		316.6903553052015
285.83722027745813		301.56086330187793
387.1877795759993		380.4641982250441
340.8143380037443		428.29154454937276
351.0462117441321		469.6909637288401
398.80442359069974		363.5759057754303
448.80385465795234		324.5779591466571
454.03018322533427		307.77943571274744
354.87081029095236		316.5670464453932
490.81763132270237		333.5578695316857
488.8303863191585		411.4673514279488
331.1664792735649		351.4911002625199
453.8675373310824		357.2145160740947
436.39709038886673		357.50391426835375
302.21203361295386		434.820495689261
408.38749828177083		376.8325319715981
398.60551064916604		403.64930575895016
356.08435022615663		334.38944718206574
469.5088824212675		380.4278999711772
451.23271476968534		395.31949869122536
370.59836094485377		370.89597724464386
431.64844409246757		302.1987209772219
359.0344473820553		498.5302350981358
325.65255137146016		442.40767173612545
288.18131928658545		420.00795865347305
461.61890743302564		424.83148652253084
545.3501909487285		420.0886487218536
334.0633802785568		423.9631309747366
324.6434000177868		409.9361435676632
439.10694491749877		310.1844777070097
461.208444376915		303.6240313182154
347.5638757304136		319.17204256405535
429.6154089893297		372.68521108280027
415.40707844310333		357.1874440567461
491.0871020315996		298.22885432846823
376.12007207958214		456.2222868868316
361.13110983912725		373.46386337036984
468.8073116230434		290.01460542506896
369.54194251202296		403.5933567952869
334.40619663715074		418.8366072111572
439.9155242374778		323.1104512400333
330.4521528355		440.9750345388982
384.8967050352657		508.31668380618817
460.29862792496067		339.8192231840608
506.9186745231124		313.1931478224603
472.27234008889775		282.13473461172214
485.9691926546511		385.6481995659211
478.39446759299454		369.0487373044246
460.09652575618827		250.85930782486733
374.1645548338103		296.13787773673397
477.66140073457706		341.58910327293825
374.89617219021864		361.5978439055797
448.7821564610069		324.9828612601457
411.945746314037		344.8083232885654
480.64744943676004		297.2490269665239
431.6001226039856		362.8582581478223
374.42528605162863		358.4888816997659
354.457085873623		340.99731981217906
326.96025515588667		498.3219439564586
483.59983679901893		353.3787410733991
360.7187418078086		510.98116479496554
506.5926819471166		296.44031529378793
450.5651731787893		313.87454249716467
484.7006365754714		268.8218698629141
353.57492495003646		341.6405391929548
493.898950200428		396.0076642070715
376.53895876499615		404.7090382365833
393.2908619565372		307.29812867745466
380.66237225795277		373.00697375291304
354.90417677092887		453.1138039403974
498.17968404120734		359.1109756334765
373.9395340201303		454.2538070094233
342.749090099928		385.02941457549633
358.8129912326072		415.001066548502
359.8795040028387		376.0044180753192
534.872765456626		426.91705521339713
338.7057781068894		338.5908876794196
380.08201062468413		407.3016390229585
472.99048945981724		431.80625696747785
488.34567651728855		402.07911885766566
432.25547364220466		357.68818997538557
349.77226154400245		373.67006714358786
407.3150666819232		448.8596239900926
527.8322746725179		394.1982251281686
422.24867362248096		342.74052281657305
378.05624235142653		320.44131870307984
365.4374529824831		467.26753647324915
431.69180195123886		287.3225051604519
331.45051485318936		473.7899314740681
383.82860407392843		349.0795791885065
539.5631933190355		249.33599307483092
345.6374566687401		407.59709418454497
348.6713235707453		301.5162571933037
484.63006437221577		311.1591219287422
388.92279337001946		368.6803216946081
490.2983131157715		326.3619020923861
407.2893420795917		321.0702489417251
459.9922699778169		343.11435331566383
373.55739153863465		363.7432207298135
507.5546531481605		242.65741545590538
514.7020178984903		333.9427384442142
379.4996269783454		432.85401541124526
481.46867931583034		349.8378036225691
389.4904320396335		372.49438066777475
376.0345564167834		345.1783455641811
440.2652814025791		287.9491515233547
473.6236689505385		348.1154985292153
365.3290978059382		418.8238332344158
363.4786763399634		406.68372094250964
408.8534694473471		371.2133248391235
495.0333854487879		410.4119503840333
443.5475193264867		446.75628286428866
430.05932294365226		381.9721066494266
517.3379833252231		334.9702849830557
482.02090025739216		364.2611111977609
357.31787880729		377.8089864049322
432.99604925407317		379.17074518244203
487.2871476887164		405.8450971249348
455.5133975080507		377.7517656381065
468.3867172092814		392.7245066583064
475.99826144695584		377.2642963887772
358.1836644380933		315.20505574683966
330.3085292573761		483.0718365132335
390.66896472703803		325.65370481380756
374.75977288025445		484.2598228287697
382.1908314715446		448.0516855535012
399.420420334402		409.5080392638171
417.6171364190146		354.23584287650385
364.7091717847574		276.2868871603636
418.4722550166834		332.62293096089843
409.41459064039236		341.21964309552004
304.63347242799733		494.5772134274844
346.4532999879413		393.95733795667365
496.91298490666645		262.37965563254295
500.5804173616839		297.2353660881691
328.65348507644165		507.3705044983792
354.4559053052353		343.9815747221166
469.4653050709299		356.7351737876363
438.7249974395592		366.59566168906554
474.8051188981142		331.1909935697562
360.44385888124793		328.98132828917846
361.39263266603535		486.9153324537377
451.55404684493004		437.32383440789323
397.6016346000929		434.29394420030525
494.4017356871746		390.8022504461356
427.5488943247562		325.1039404892347
486.94009496523097		384.6545217411975
362.88313668499075		299.39126700641634
303.1039105963213		342.54240738499175
433.6503618361867		324.3465024564826
396.6209478841365		323.9720938467816
551.2110871313655		318.9198729079542
436.6838140276991		346.84179644065665
475.20135680320476		410.6483919163161
372.1147517079578		382.3585452391334
445.23672040895434		296.1056632253659
351.9462034272592		342.16804235840976
488.09674004351353		321.31663829676205
470.83628911451575		334.66318556127703
453.54653335812753		380.10497818589346
461.7501121493319		313.34725333620196
239.20112068477184		323.7669864119723
392.5270361402682		407.1017018409046
390.6422601145705		384.41661335780236
368.2202906598813		379.3653691664125
514.5063081636953		356.2988415806384
401.32515104165645		391.7381495349519
406.2857787904585		477.7619424888081
486.9259712431835		330.52030388573365
478.13928804052296		430.0863846573345
349.3141770772185		447.8663984226944
435.41313536659413		406.56158568155433
381.7404112441041		489.0955387585464
476.143613053185		318.39114029468294
416.58573403827387		298.964508970027
459.03650543089907		395.2165682450001
309.63911808497664		481.35940797517424
444.31747973538944		373.7787333635862
452.3948749513678		403.5053701027453
483.23012297237216		283.083731575273
472.56491214927934		368.64125642509237
431.0585302531191		359.25270175354177
384.11395235326256		439.1767262628057
374.1148212078839		402.9539041796868
405.0972116752896		392.92391458936356
338.9340393941907		352.1978603169715
432.88295277291786		297.61700977286966
500.1930744308286		390.52344645156955
463.23980021117694		400.5137581242746
367.46092289817307		345.0969794767059
451.22272510147207		398.1434650117947
493.0260443957731		390.40447236311405
354.95096557975006		459.9099197977228
532.75328858701		374.45734043423386
374.50197722313595		434.20066152029494
454.03659580924125		362.9606321960611
436.780889371095		385.76775099444257
376.8214623756941		398.9624976527379
444.4925365624585		346.45364075575065
469.31853598348556		327.84661228072684
488.1719287840243		424.68085499072544
340.7646945736876		397.7770531966552
415.8456499037116		369.4372851751496
456.1073985990596		425.87260070657646
428.9631381362268		373.2070604839657
431.0307705677377		346.8238539029852
339.0597525288776		404.80415079971016
309.90251197170187		341.7521656017525
458.9460714656072		349.59468968072406
510.95623591197995		332.8848446891456
404.7577250035168		470.3178977563966
405.0534856488425		360.56785791631745
328.6220001904984		422.7550633942544
445.82541100572786		339.38343177337214
394.93012300929894		377.22791916874627
408.3530543823576		302.9354962332178
427.15552610136785		410.0679970575341
312.7288657603147		324.9246740861467
506.4199258959689		338.0973499375102
326.28649492282756		356.06998573297983
442.9293583224216		310.51005263897906
489.7167533538573		338.3122495113873
506.8937227124597		374.67180678390224
456.25695669637037		333.97049308322465
453.20481412154646		370.78638928122734
488.1867119140052		336.98560444620927
493.7593560529089		355.0322130965587
439.67221020007366		332.8282729378713
442.99909100444756		406.95935107622176
386.0409188252351		476.6728392971723
344.90138996598097		346.9433188336515
491.475658619082		352.0890311741492
397.6225454020488		334.07559122454614
388.93303051211376		351.44811361395034
367.16771024537854		349.9189159065106
482.69612292961875		276.11306602295923
443.2813149969729		412.4611262577651
542.4757529663411		406.0721074084351
474.94139483652845		391.47198098440856
484.1487385572456		346.31659569215674
471.02041838168435		397.3838446524952
492.99156461351964		302.12915729172937
485.1966182444389		342.67051675065545
497.7965824155358		354.47640417697477
419.09989958514217		378.61630931343177
439.8728275853534		299.6925254396755
481.88987511354503		341.13668932716416
500.23024082940884		341.79257176601016
333.38344602468374		406.46012736290976
437.08831938693555		267.3038603572633
338.8464767704032		459.7656686634578
470.41672264562635		295.0306569898133
401.30526113456193		403.0719030981857
464.85044692536314		337.4487997319341
470.3731671177516		354.8434551561859
252.2280617316285		422.9060574952191
328.89128703649675		475.51350237826165
420.5708497663966		322.6496107674405
477.0672734680607		417.9687339688542
496.09575346638803		325.6733366292183
357.3876376221661		312.47480116194333
469.96934496240783		351.61953699169345
433.9711078327804		337.42065259803394
495.8540551925429		389.1555242433347
308.86965145645047		349.86408365182
386.3027821911305		453.9766835850232
333.4348628301843		513.2327035649419
427.80855587731753		410.8966598164515
524.6774974217659		352.18691175071916
354.1602154492094		432.0918043789871
432.99493197384146		341.3638387630489
381.0698517379831		488.0225333633988
504.1007891506519		376.50496491125097
323.9832456468709		344.7797976273048
457.50285749796484		285.55385542266106
530.7844906334224		359.0154959229711
431.26974971814394		354.7009008921724
400.4448062547859		475.9022788414096
514.1808785386407		395.3387519431065
512.7624262293127		370.7851856609819
445.94416832836583		407.3223153667
333.634867897381		344.04260643596064
349.38476978258427		357.88250128632484
500.75930423098		334.1364342603862
525.3190388314118		364.3581831184249
370.4480790231243		388.64179361676196
411.4121470936873		324.3363685600919
506.87581401885825		442.10786186127086
452.9517194728537		323.0835069787074
485.24044237445287		375.6200520331549
444.2175661158247		410.06386901260674
467.987827922313		380.0734362654637
336.33302845498014		347.95369817889883
514.7965251929115		325.97336550173515
453.9450021871089		301.447300230595
313.9350361741937		325.6268994436258
450.694589670759		430.12193375641465
451.90236981422555		276.66863622974296
378.33512281401204		393.0683963193726
417.50117290216093		324.3940338243609
396.7007020905061		271.91431517970443
331.2203333558076		278.02407672271283
529.7420665999576		355.8207102293354
349.6342373048833		294.13959075840285
518.0006580390441		338.4682089629213
318.6889394539641		435.88199297423984
470.6718151626592		334.65251567876754
326.10294807710926		421.1637648055532
372.4448531893292		426.9821985141431
493.31288841079044		324.5979314519134
359.8840037383261		322.8235732043037
353.0616516528089		428.9619009602156
440.9846378902192		328.6079865689716
462.5737895055927		352.1948425708412
457.54346101489244		399.9450182277414
486.8982962465007		409.84340672230286
464.86576980745383		333.6235989068451
339.9296249768297		299.0511481400883
484.2731012446059		428.9451282757767
506.0981786591439		362.8936152242804
400.15814584714803		359.29085469134
383.9182760544772		407.0646861467524
534.1832417791516		376.93938675549856
520.0265540825953		376.67982027119393
486.80989890656537		362.61634887082323
475.72248448682876		377.5240944575055
394.93688304671645		311.0228435867152
481.54445258648013		350.36841413237073
381.69755670523955		486.62882171718275
390.52790195141216		333.8962641021715
447.59235242044645		403.2024924174237
415.08675511620413		360.6754598963382
475.69191453271094		309.31436531773875
520.3732685954215		370.67552121086163
291.8314695765784		428.01771131000737
365.89664918139886		476.92076186778854
445.1002373819722		350.89290617912303
434.3196393457275		313.94407564607053
456.80603230178997		289.67403033142676
474.65668713262903		387.6183875856908
323.3332193207869		307.3776799817472
362.01678397637966		278.4550147555761
420.537249902604		365.5035137310048
322.3759414898238		431.04693412479037
518.2562020297757		391.57317576270873
302.82111838831054		321.7508242852073
433.09146553926547		411.4033111142395
474.3631592051044		438.72833507884627
394.1679222402533		374.7467972029781
504.53100459890715		409.59920848281604
424.8398628610447		369.8260486865423
506.093431125096		360.66116583369256
345.771981633968		462.9288901184411
335.53660790321425		333.5345410071982
415.5403939416222		359.2111188115987
456.2230036312112		311.853179606729
538.7338786411499		341.36610347566165
484.4217106740756		388.4446690712162
436.9413064832845		362.5650841057027
394.55267391474985		346.82051455199786
373.50266493681363		418.32972063903117
327.2168054964315		419.9136591592704
506.41103546738225		355.5587475012279
388.4605917366473		324.50341210863735
348.34995516987163		479.3898478877531
417.58246234236236		467.9422818033139
436.87863452294005		342.55238308068954
317.2387997383092		324.2279521748918
395.8603578078229		315.75730690822826
506.5529505627099		390.82424471391624
540.6759971832906		388.67309701729334
366.5384018976165		287.8597410403862
498.28806350566197		356.6986474009159
394.0167346738258		447.3969464434718
504.4100305625573		385.9682961939633
405.6126329190216		444.41465578669454
472.2064690978702		267.51691512235277
318.9231186608972		432.8973592079031
454.7281881536278		385.4566761120299
363.85891473210575		437.0687958164046
475.05837324970383		374.3452482759271
474.7797561875934		428.74737531133934
544.6187933060105		368.38336063991824
424.6687861877711		364.2877076102178
347.7135266661971		324.0061496450889
436.1143986901018		428.0451918792207
463.87744915786925		371.7788604040227
354.32272536278975		250.93286625824078
410.3580766623815		359.2251071610845
525.3249008966433		347.61041416703563
420.4126134832653		326.0003418812228
383.94047077513864		469.17579737670616
469.20778435846125		312.1415249056447
413.749483244695		482.4589844549266
423.1688771448901		380.664770405501
510.7833375423362		348.3587065401076
522.1470574418139		325.24618720240676
494.7180244910628		401.151127659632
380.33678853048656		327.1775449450161
400.97421659600656		479.11042220446217
390.4550729275351		452.81359664487985
410.48221860259656		345.218361356787
467.5978166827741		381.64913120675794
512.9410716786062		326.55162459808116
373.35220160960176		316.9249279648735
489.3753429359365		367.044380065624
433.8536235153088		341.220285960689
447.1971543391519		246.9687715097187
369.5785104960061		385.2091184245639
377.3770748856354		369.3304891158141
385.9306174038941		297.7695207956315
479.24621677274234		400.789035051768
327.15842917819344		482.31128702691694
351.9072972539233		351.3372312729236
323.6422942467456		419.3831041588917
357.13150212602716		412.5504564560521
373.03516777340485		519.1834949477338
518.8450193944029		388.8315581451634
466.4546609841174		405.8611783092566
439.6244497508385		435.200994455258
362.99385585636355		297.881256055303
329.9169695612366		443.593827031889
353.82129502310295		440.23562220107357
339.98876127131246		361.24265538552936
528.9343676619686		378.2291944547439
326.3677660404448		326.21176556982806
468.06351640008063		317.4116073362672
352.82732692699983		407.58316845178905
337.2894954655444		407.75343939792356
362.34634923624174		417.4991954099505
497.46532613975677		274.96837843962476
398.7553933073861		349.7948907395259
509.0565731479176		291.8151887762413
514.2146673581652		310.3890364327185
423.02639685450777		400.03937130017533
416.4262452656276		360.883208149657
440.7118757893306		321.69592817431044
495.43592163744046		355.8914800723667
337.9791274443992		371.3832144244813
461.94583355052515		321.211567759044
252.94833749430236		448.09462499824946
455.3878605113789		375.287525610698
525.8073754348206		390.92250442542036
380.34253624951344		311.9764188600175
469.5095065547412		300.42724181582906
355.26206422359735		281.11131044481624
379.54512758866207		247.80735279000896
421.0554705690015		291.76666928911635
366.6280171897581		361.2374032412771
544.1083689876327		338.8411236597982
367.939229162924		345.77168000935046
517.8142849114569		393.7656735226287
326.21708441580984		334.0985162942567
546.5242800550477		335.1584651427797
339.9618208433567		307.49302526850494
354.4767398180374		327.67924948678666
330.30966769774943		530.1585690773936
401.1054650010374		352.22010167856814
315.3867505931787		425.1191384948854
340.9073560381371		449.1840972106449
456.861776202767		373.5967798967356
448.9837034298913		395.0759366933531
351.6460780944344		328.1534580542442
387.2209793452945		387.18284398777985
348.7372520732321		449.238287517254
376.8772105669759		475.9485320612055
470.7319501833353		455.32068201440455
313.77411105732335		342.49762810701446
531.6642900124774		343.2064225894211
525.4426277943472		441.65696836003565
414.41356859048017		323.06037011487194
497.1496196778402		247.35931207279447
387.9084784351353		524.9234023091389
362.9343208266144		437.1910653265189
439.01284547296603		416.759472788367
514.493313961343		338.51495511882854
357.8618287796399		386.8945389681891
482.2363839714189		357.3919334924046
428.2139891463634		370.05109242862363
451.01316377205865		441.18504377746353
440.11329975435166		370.13179537021483
378.1658603896441		307.6903171568261
358.9385683888431		351.59445891689154
354.31381336179663		436.69611959566043
465.1084604928479		374.39953079464715
425.87606693487913		363.64845121595044
465.6703403276491		330.42427278062553
447.6205304343054		434.1627931532428
344.18674853820687		393.0879583740999
460.8772371126066		405.0846715567924
354.8063921798187		374.5987082940912
361.033666559357		358.63016937812074
369.8059410061382		395.1947192812505
439.2339912070835		386.0301312485926
321.2797149036131		383.2660528994158
409.85806812491506		405.9557340836482
492.62579620869565		317.04569985670616
534.1037851596838		350.3890307493163
440.6463524661826		344.9471366376329
341.3650959153288		351.0963773568627
486.6845306741527		290.6519912235418
454.2582563864513		319.0087834036434
422.42033155348145		378.4230880742465
494.3067970898827		360.4963361986063
489.7331860921008		341.55935791315335
416.24776836451167		349.91427023223144
342.8103172781932		344.8821439311951
375.52886111200417		363.6029472348708
492.2481995557197		337.3399432764402
455.02652650475034		371.5564205871549
478.2534801891067		298.9553587838698
471.54370311192633		364.04037758564436
466.8353125681922		281.28374264044913
459.30476725112726		375.474794981006
401.1368864915978		360.2720511385414
472.87200700942674		305.55564250669687
556.4790137547577		225.92640090855886
419.4326749932173		288.44888072717924
432.9655836176069		316.7505166589561
434.8267203582002		368.6476147181848
374.37551928227043		457.4054690404088
450.6073030213852		416.8575729508917
338.0951505851289		353.25486038939107
361.3481078823121		452.42918406347746
328.7253798312948		469.78170776590935
387.1790228811294		481.0717546749786
519.6244435590639		251.78412093388715
530.3127932416513		375.68375132829163
527.1187229546241		334.99225936339735
474.9455990808844		318.01289158727315
469.00167220786534		398.0391537633211
421.9881393428385		414.6780627550873
328.76143536407375		291.9817775088913
469.09175051176635		414.52827768221414
444.3487195193127		366.58587171641415
511.04894554463743		311.1921164187994
419.0461390756316		393.1299635174723
448.81198715160804		396.8554975613529
465.29357984429566		387.57372959299676
440.394015637832		386.70366355995776
418.8087724421203		451.0018651671174
380.52611497706886		338.6408094644912
449.45105388770094		384.23413542145045
370.60938860483225		469.81123598453166
457.9772523081016		308.0923281153758
485.6686364395877		408.00420598006497
396.70046902564695		340.70970773017496
416.60660317728264		340.0262948932096
290.46682389551086		329.19293713407683
327.783386636974		434.9668697862863
333.77244234972176		330.68202937884195
340.2541499340098		294.58895573949036
551.05833258087		279.0363483951446
434.59017471269357		341.5058480129888
325.2499672564852		486.638444926075
329.29315839481643		372.3858241848105
510.0654214466003		309.96112667877645
440.94131644405957		372.3478249742743
471.1482519179218		344.27398844469815
377.3447938107873		387.7315865628429
394.04369072233385		348.9742214300099
390.08136596902335		401.17692488539967
446.35274196201124		347.62468900494787
464.8470449379775		410.39480035336635
362.8467299710958		328.9080841998511
467.3470927423207		346.1159616869906
438.24753950401396		440.9377245341366
360.043367350063		443.351375005215
460.96409114390815		420.54143160905744
445.5952676466318		358.70548532743754
439.7614444319323		400.92450183828703
349.6616901124299		449.5095433106991
415.57496452059206		367.64960248712333
457.2189837923373		363.4242564913102
375.2782480908939		322.3797861817966
437.87831621034155		384.4379118368732
428.61859505805614		392.5939644160186
359.7553475849118		351.1272523550781
467.9793205192041		378.29992812543463
425.8001607000927		427.1490968786926
452.2877171311071		458.35484726018126
377.63812329702		428.70860958205
500.23859451568376		302.74533773353085
324.3916444167011		337.42002682390677
388.652147076805		374.73503701344555
502.53410921705853		362.16915026808533
519.5206720506052		283.41539113505223
292.9047388220948		388.1472119723252
318.27812734476055		502.7501965378163
386.66648519095537		341.4880839529968
429.4192538936774		295.9961285801955
514.151114399293		476.25734852314105
386.06628577696387		291.94922079148597
442.41569183681725		397.6644376397511
367.4951795150757		282.0280906754422
506.0677918518129		439.5300550556424
502.0339208642069		373.5757973012387
503.6907492251775		370.8042394535266
489.55603826945384		404.9747336829981
324.8125381339147		263.40071847324873
345.8737107730307		344.8909087883834
372.7661460106059		400.69671502434255
332.17851023644533		356.9749372793524
389.470386715204		257.23216351865466
333.1368607927733		388.9596131266635
354.41979981507257		364.1032515391362
465.71502512255955		444.0643342189998
375.4527664038914		367.76285297419423
438.4339199091782		344.6114185071008
290.3323907387463		456.87131883961337
363.41261181461215		336.11443704142624
368.3247102828991		395.5665972351433
330.15342152344033		327.08788069230854
443.1017241969503		422.5995207867508
330.6113963747812		491.3278794661673
318.8440091763902		315.7043943490438
352.56962368078337		325.4056602016289
451.59870961655065		409.616751116103
546.7085674280411		421.243343821281
362.9199940830005		336.40540082477804
472.3255296072415		396.064952806938
514.1880985615305		439.1532035922412
354.7146100493452		347.57934299780163
500.46152499608723		380.80273619109533
321.85916426733115		349.59822969985066
308.86090763895294		337.0948507757231
387.5274425348945		295.8272350662575
459.979854813158		331.20936040492387
507.30535374772916		379.1581790378352
448.92064964712534		285.51386998959794
422.3713279194107		326.09091455974635
475.98619998926233		393.29045895261396
473.9904457854916		383.3526170645351
336.4221435959961		315.4586634969294
476.248694538497		297.73202848312053
571.7254152821515		365.8096414532708
317.63029324421404		399.63864754995836
517.5876703258981		326.6925361988121
377.9562631821757		486.7663263424781
469.1786425872323		325.0418998756572
478.7172507945787		361.2641499174029
528.8006349514081		281.93858052383814
491.1274823139726		277.431097049697
467.5200097159339		401.21264175291736
319.29893384745384		457.2025653040574
519.8570720048364		349.96420891867945
436.511894728955		366.2633642959905
334.16227076015974		287.25977208464303
375.49610403969353		415.92146677257745
358.508344672245		349.8127894148243
511.68882186483813		340.2909517964609
469.14481549292236		418.2998225845486
549.4603315032696		353.65772424130523
348.9077885813268		452.8097791864999
332.6459275074273		384.0799726218254
396.8387756498738		418.1820541083168
471.5809960869589		365.91558308481234
526.7497097389313		335.67185926738676
382.47447469179025		357.56393853139235
459.22798862176774		368.93378046216344
464.17991670898516		368.66588195130254
513.8046603270728		369.47234196270756
380.40396384445086		385.82647680344684
509.1583123610092		378.1652531748343
313.185303672301		348.42428033329105
495.36531070983506		375.0547436111324
341.46240226290905		392.73741614379946
518.6482289410844		321.05280413401084
362.1248210804231		312.942276637771
444.9880647222271		362.8514410198733
400.95461773710485		354.75645110961625
379.86670639399665		363.586794849507
486.86576117714833		374.31407863287245
380.6767842801856		384.00155005771904
349.6090292677737		388.0422760593718
375.51269666397076		384.0509182080585
486.539955587502		285.6533390226642
386.70113881543443		466.1317089969275
483.86631965086065		402.07475817092154
409.86451537053057		436.1246316157289
527.4277897388464		354.8131628868341
349.0593562474531		365.23738608094453
430.59260991129963		390.4327315589373
433.5243261463688		371.9903284244863
490.12741626941		355.77354066113475
476.4679891473143		408.2129008395949
488.6580177738871		394.3177230416223
447.0430847227916		318.0895198507272
474.6461821097106		274.32079260988036
449.95931937132264		427.9750160350672
403.70655519348867		457.94322857177184
320.9628174594194		327.6476694349238
417.73306741886097		376.5373506526146
492.76258879389235		350.1056304446406
517.7427218811378		349.3290191073743
350.1095197659442		346.6491052868669
442.7690091316314		309.831934877787
305.44032525286093		469.45001007629367
503.68548617235956		342.9870576165582
525.1220272588716		296.1708667270076
407.3850139761216		361.26116718057983
482.6847600509265		246.93012033086225
481.89776702911263		390.555258896834
309.5842864422562		475.6800824539896
448.5229695260367		317.75591074562936
459.8363409221673		271.9539304691022
517.0222695485468		346.78434062659477
321.4532074410077		320.9258212167665
484.22037566788117		379.466725495555
394.15039570417576		316.0593599755818
365.8900465939536		396.20363272333935
406.4397098916417		342.51830447324113
479.675128632423		373.325208044862
316.0684020981414		328.55171476070217
485.5305412405764		363.35421078988827
396.4734631802681		359.3360376363701
351.40483661882683		396.6381885743042
470.524138280463		286.83700072990973
531.0482378755595		375.45885829523564
497.2098107507956		384.0117948386967
377.18407111297364		336.1589842431887
473.2521839315266		406.6808573615272
318.2936717442573		290.6863785012839
480.27133382999216		275.1524894744954
395.84571187023846		464.29647576635523
474.7580092199858		239.84460303054436
388.5461819074451		384.25953429762745
516.1338746043864		320.32755494287903
495.4019557638668		449.3691076957166
485.5294261336763		323.06678970984353
474.4757478413436		392.2362044992825
377.1142115956253		332.6402092995221
327.94184570417895		455.6424897806653
458.6737101132325		426.24416368080875
404.8349416256823		364.0488436656135
460.8440653581181		363.59695288227687
324.6503078916518		425.90669653370423
451.5266394655883		345.4753865478913
337.5930700771816		243.60289930573975
445.4422010362552		327.35593092533264
381.6774915597575		473.9130660891256
348.9393905336523		392.4066153066078
451.02080815620315		318.16677069095203
447.7350717593214		397.71669634620037
438.52744769961356		399.95164533492556
443.1349244670852		396.1364888164185
403.5275764014952		360.63273580583206
449.65441019985155		279.4584795179077
384.45689453466406		446.6623252698017
467.02419442629144		409.5283072424806
504.6346990377703		384.51590607621273
430.15515455567146		327.75005386216174
353.9028356706943		456.2646160705402
458.2797820190297		289.4890736074056
479.821208282156		304.5953276016716
487.6416504839088		308.850940026859
417.83738572563846		322.8574622133867
464.21218200956713		280.55153743446215
499.1527569517901		373.4152469786961
329.03240704168826		399.08935784144745
448.2412081829201		362.5471139600757
406.4905208518949		363.653449441138
376.33629515988946		368.89860727587677
416.47061805027107		398.3029038682609
307.002047004264		324.0415281157224
453.97341071411074		297.1716979834543
377.48704934517605		356.5604709184793
492.57362748297595		310.2059732370811
496.2951147103552		370.6873078161174
352.20955730262267		298.63205311363595
434.33164584290984		359.22566037600814
495.2599125461885		325.9981259075541
397.2635733556152		451.41939351191536
346.5096379381929		445.6366164375175
546.04875631081		336.48304166126184
335.5669261001853		381.8072009004368
364.53153882510037		376.12613965033955
362.96094226728115		391.22516481974134
414.0924766446213		364.14532010405736
345.42959594652456		470.7913815056814
478.5877939410891		373.3331950949226
446.66922082041066		439.8557508232424
379.4961224438813		462.29177938142357
331.7466760540125		389.45653229122183
464.382162931493		396.75537129485684
416.6033646016112		431.59425748103473
317.724873588003		479.26792096363755
493.13080158916136		293.83775355126767
372.2820109542959		345.6032224019648
337.33223835393375		425.8406875775615
503.94192591406545		288.8777625776053
357.5559936677663		326.68073676651886
448.56841418806437		329.0946003685135
366.30859821513565		460.96244679405885
470.3461355545958		374.64101064224224
365.7771124545295		337.7926721726826
462.2403411985563		358.2570480577582
517.6529185517031		299.23202789177327
466.5292656521538		392.61359854397176
357.14732039246354		396.9544368949813
386.58092700734005		313.8547619835603
330.5277970592699		435.10776945101554
388.55505801123655		469.12868249954164
487.74868733837826		337.27912900421
271.9707727805669		456.7202211736858
469.02556695945447		409.59036156012166
467.5492663586653		294.44247152134085
447.15968856099175		460.845803600122
500.76266733940787		278.25457531477565
401.82186810382353		251.96787810477545
380.5631577746531		353.0275481117293
378.457862701995		431.63268848560296
351.4971928730756		452.9086548950453
321.48494942378886		315.28089408484476
441.2936024515777		330.6620770178429
443.101279577387		332.66915706252433
524.0688899868246		437.7614036784752
473.9631915474357		407.1741431461138
358.0731415503095		485.26425760707707
489.27216141151973		405.9761589773169
475.72983383147766		360.98886396472165
369.53101703903866		335.44108247094346
343.0149994795495		308.0513711814584
319.56698887676436		444.39511155752956
514.9514731688388		287.8956962796535
534.5698410040154		280.9743905614617
329.36002419481133		450.8364830365192
529.2700058210262		424.0722833285501
371.002432423622		476.2342659704998
381.5392025621073		317.9939771172367
489.44462485723994		326.39001435681666
363.5695225957047		429.6306535928301
468.13390714207947		398.34442070990644
345.067053695338		336.01456748008627
467.9493498684431		363.0755132919048
368.9116584286269		318.0677740934422
353.8838145107666		302.91645112887954
398.682974962956		456.7687517464065
464.6637498543664		413.02500229534485
352.45505398925127		428.3076755428909
479.10520246599873		370.44443224318144
458.1296287880809		340.16901902803113
468.6552019275037		306.96104165303785
366.06604263843997		509.03246254339905
465.981637122634		313.5180288230854
347.6379856080486		323.94440755512255
445.9179552889951		298.78738316314593
453.6759479112486		342.95528866482107
506.50440699772986		329.2667784240577
412.3384491875947		365.0093711006533
482.0478199988256		304.92682768604783
516.3520547165958		342.50850239700503
357.21663704765115		381.2171011073897
355.85882485483046		485.7966035071518
424.38732836458036		419.43451757267417
376.71580638080917		460.8941633042079
446.46497433498587		371.71234133899
398.6039849618726		333.3610004236869
385.72975752114		379.6124622720744
404.5111232543609		330.7110634217561
373.66728143408506		437.2422706311862
529.5805034565024		337.5344169448082
519.588928875739		340.3277756888144
317.97208573304084		286.74435702153613
394.92655580081754		338.81567685097195
434.8182724518017		393.1830060540191
396.1902076059254		431.50154827161333
388.2141705072871		466.7284867041804
495.20100794484244		378.861430997608
327.5957072402583		428.78557465279465
329.83389036098276		310.08283950763666
505.8428306810152		372.6785334899231
370.8155251085843		384.10058265238297
346.1585729826145		427.6440156505005
463.4290816681808		389.66350763261164
437.5010549641736		358.19829515516216
479.03613515108265		296.9076486041489
399.18945138575884		466.4568442617907
519.7288268475227		289.6543423202145
314.7714522214428		324.9261548018499
378.8630409058088		430.5508561726567
373.9421829677067		311.8844013440693
390.02111012423825		443.31209725900464
421.6715155555782		362.662607387566
483.0250740110272		289.97078471620364
498.5959212065336		325.97139404661095
385.83575992240407		387.71083616225786
473.50487378732936		460.5161745505323
320.2744214346894		304.4313872966933
420.75127674434947		331.4386765032377
353.9868504887778		422.0011250661962
300.7925482785253		294.4857367643754
342.68596360227724		331.57403621319537
368.79334888879373		348.980295043187
463.01659137695503		364.14616698151343
339.2465723349289		326.9251408167936
435.5032866851654		275.5788876924534
370.1714011168871		363.1998032769215
472.54505907751036		332.0509821107482
372.63914254198994		338.8565805290925
429.3464997008328		397.3399555279156
516.83878682509		320.8528651502784
291.3426012726344		416.3049901642454
450.5896185433057		354.7959290410075
539.2465669415647		333.73044858619437
384.07042279146134		364.0102911835695
497.90000020405193		256.1893903736603
463.3087125066226		420.0589986696986
340.8829204751584		487.8086457686809
492.48071780279275		401.14107861560535
370.1835631289365		264.5346355364376
428.5901501569636		381.31492885361524
475.5601115342846		419.94736975009835
460.99805679735323		317.594653202407
499.61296800248374		293.51167838491506
526.2156020580594		264.41875185066914
342.5637969305675		461.23316162742026
520.1177290397627		443.4999729244374
379.2795892918603		380.8794186419979
426.4083700008464		390.5903025744306
461.59877935939426		403.02353430880663
327.7896560208073		473.931179500326
317.0938108451184		323.06565533971735
508.3742019276622		331.2107465013469
337.18828798039567		398.8549402037473
473.5341029765321		314.2481082531842
434.9679529825377		352.386735438703
368.1286452995847		275.77028369170546
460.48186573192544		317.7152088622752
467.239453239622		297.39531418231564
498.79612159677094		295.96295596343464
522.0142819779331		306.5091233176271
529.9096873234855		327.80286995245746
340.92019165808557		353.67782699981746
329.0517620642066		310.6717383323404
382.75061303554276		455.45425845492804
461.7244364153215		348.2035054079953
400.04169417071813		372.0216249639924
456.2976434900824		315.2830984288026
496.9813767158444		409.9574225994123
314.7143700720644		439.7366806532857
335.8476764304279		329.9247424037862
396.9315377542049		351.7294062710115
455.9890503294577		390.03055041070456
500.9927176581914		309.7568427501496
404.2659815266321		419.2452556974573
464.3920024435017		337.98200263020334
364.8028154295918		356.15612154880813
460.4403056443155		306.13888763659963
512.7646088885188		317.67470884016785
481.7173201920531		386.4449997027208
352.6535688609401		459.671428309035
410.59276601015836		410.48898514263806
478.8283807248508		368.57898828634325
388.3986409694556		326.2321773183361
392.2300241760509		366.5622867604237
371.968589115291		458.3285425489183
344.33358560222814		344.8503346282955
479.6345875042665		416.55047379880784
455.0641149781932		394.1977021996623
402.336005507198		478.82705748577627
442.6856437195007		325.4769599417841
394.59750287013		403.2363995758485
418.9783267716405		423.43648222516833
315.36163159093303		293.763097216975
373.0429228760369		389.66402813737056
342.36784655395815		329.73785148912845
501.2510481892999		283.8541439449159
401.0990494041926		344.809798989686
344.66397994244426		532.087283003041
456.0784125153398		298.1753599273276
546.0582596473748		316.33946854166163
311.663695218847		488.61890608581183
377.5307224342824		407.74386332686834
353.27379841071985		375.8862026556789
511.0898961383126		294.44637619623114
530.0358463039474		316.193360549374
440.4603326998898		333.9033894172804
510.2351789055979		360.7093040440849
454.7250983607103		327.70610524175476
327.21808538748246		473.45541974453675
468.5000513267575		353.5421837618873
491.5023075805926		290.6244734677023
503.1650211722611		323.12440892559886
361.65512229315163		398.49657562368003
462.7833277092959		321.6522619356794
474.0986331033859		359.0712106426124
362.0526637485524		433.47939773251454
378.9373217481643		381.5079105838728
425.7943694576477		416.3273910994419
376.3295630855797		462.0456003434414
412.25618885816135		409.1715120631793
482.6192587647543		365.4103621272235
377.34787391216423		459.8963037825831
347.10757123983365		363.0630566785762
312.584102722625		400.31130352783305
468.90409979614003		382.40896525027665
475.18613716100765		399.3512370714969
347.43153497628555		369.2711968080768
469.99055963908626		315.46020525049965
472.9080014077893		348.3862540709464
412.38937020934554		383.82137364802884
479.9826847875408		348.8744961164879
416.56444993631635		379.8177404476737
354.20759110977446		372.1170805534105
419.87639871313485		379.8009716166531
372.39094289357695		278.09950557876664
372.7094656859107		376.1915459410426
354.23547278659316		503.18579037064626
434.68009365571396		328.368055983501
358.1854952440099		264.1475717702012
356.8112089627032		282.88116339596627
490.12713085382563		329.5447014118883
366.70314964602085		395.34492776228166
357.1785761965059		271.8198015596192
446.4588865746106		376.4838910249813
525.3793322780514		302.62025395573903
513.5601401992967		379.39873306543234
390.9033644538351		351.89124682016853
380.0837109587524		468.2669633968908
463.0702869215106		345.757911232578
553.4353910344923		300.2615845229081
457.1724886366655		406.5092907826771
430.416592698418		363.92575244603137
352.94025601625873		435.3725974286373
352.36428580156877		349.41643910104455
447.67001777965976		349.65863405195734
512.8231773582081		328.06492306424104
345.5457615307761		478.0998068711575
338.18214315242545		365.8483542714614
343.51122743167883		307.83581157040106
350.82532173091306		432.85677479904297
521.2844626194216		406.54135465908274
561.6397852574755		330.12096571106747
417.8188653718607		376.71590066119904
433.9308645821729		317.99136020887545
437.6145386844024		378.64853977978044
392.1282619295546		363.6531347048647
483.82452307500927		397.6016551907702
463.0712983956779		336.6494745595774
331.891283960319		343.14475620622056
472.28591974404134		332.1976673396124
477.28778063189526		464.4386152888603
471.9535052401631		258.36416289179147
388.5279661039921		364.3469284042696
495.86311327283073		457.06165459776514
474.5306633810586		353.51488952940247
419.4819494635212		318.1406078653664
336.2239872233076		323.3468730016647
448.7176610468624		363.02321502405727
485.3636461793137		317.5921228414874
522.1248617722812		311.53780308864197
364.00809742693343		293.56177862943287
443.12938326734013		361.40365194059126
437.1961693759186		362.5982902194809
480.1021275555353		382.3910293376921
480.0336483913815		321.9083641693534
367.48427325590336		370.1025906065107
460.8815184111869		331.82008373523934
471.6244729932324		383.8362035550173
348.4897998908308		373.6798135735655
465.1242081928287		301.64509980205355
305.731988743755		452.3102353690338
327.4368265700006		287.35718429174744
471.07001281906946		283.97415392033554
460.61194955714325		348.0290131385074
481.56980850991636		324.89854073407975
443.23600704855136		376.08538497410115
449.719204017198		364.8325716189384
401.5986262142436		301.3285139523894
433.6656483710533		273.7643996369416
569.1054807988196		316.2707918956695
477.4658244178723		380.74585566095584
332.15380127667527		452.1920938927041
371.0235302823161		516.9391511568729
406.1871534421379		336.518440419319
397.3531968984548		327.1959458072656
403.70258979914695		340.48167840339653
490.04179475963105		324.2617136211328
420.85108060852207		391.7193635764902
418.3938364048877		339.2285582922229
483.44554555514026		292.46469523186585
498.90316669189804		366.53907232742887
478.61873490179954		256.7328184933314
562.9939583379474		322.3929207635907
387.21570125039034		332.7867186800143
307.72706691519994		491.60867869477977
422.4448790789669		338.3192327481771
388.2666718700634		457.5028313317711
462.8923222563733		281.672826608328
415.2080554383938		410.7192400431804
397.3900496464056		388.4187938557765
468.7639000872034		258.9692288579483
415.43811100358494		383.87228723367735
491.87389323763523		369.3373348972987
495.77418430136424		321.52893637094314
493.65910180953915		327.0142253823349
376.81294495462186		392.30564439628006
347.42658837555075		457.66688393228395
523.4313684504602		414.68396677645325
487.94452900854344		300.0499199169169
495.6008773735027		296.7038472069695
378.7935604427046		381.21975926784614
357.9641321530656		479.2416300466862
340.7288201724526		288.1478768183704
437.73283759238296		341.4787152535251
455.4778493364089		389.175585780231
376.7838699854183		360.3639499549499
472.6411610707587		421.9798138288326
406.95211910770934		362.89202495925895
485.8371540622466		344.59590408985395
496.83551372853753		309.0990841569394
379.0932875404487		295.8728512112449
327.58832727260324		346.5711088889835
332.47428533370953		345.7833553126286
541.9875781006051		345.21012739979096
326.9399516083456		462.59729381393356
440.76194261210514		429.1764342208355
455.8210874845217		362.2859878786715
492.8977244481788		353.92717999447166
475.5376615786649		387.1285103747784
501.8406842139056		358.20001023299983
382.2847788815084		487.9843533117982
459.54966966389435		298.77983109683026
296.5800845093734		386.66902153763436
440.02895988975195		334.11628861199773
371.61032467220303		414.056479954653
413.44147740144695		308.2479276856122
407.98358388051736		412.1551403188712
444.4910506660637		342.97451030095533
384.375966320173		293.11783887505453
482.26237148408285		434.9077485561936
473.30743963222085		288.9876317546781
467.15016282565716		372.01457983131104
407.270589045721		495.08372215655794
474.48946758266635		327.7814547709552
470.22681921542403		381.67545596444006
350.8702491205913		292.21084742766715
438.4415223864668		359.7652331897914
315.644854432304		328.4994485341239
487.811534027847		366.62651938887035
402.17289263617556		487.9411911897693
344.1878098955511		352.75498941588097
554.6076179621925		273.5544887085149
473.5052894689666		307.1020618069506
417.42133547884265		336.0780855729239
476.39185377564866		282.08545059281835
450.0395944927963		415.42726201775406
330.76356034200717		500.7276674980709
362.34711344085486		342.7067657416599
470.46461467327094		371.02882642195226
395.8194357791391		252.4648529696389
373.85822283489523		463.7846248898112
349.34001695752386		358.5822348866228
413.9047547022435		360.15225235400396
476.58573490515136		397.24986856563373
470.83310273677193		274.0154198101532
455.91837239396745		429.5290108093318
500.85583315709727		318.6198423846527
457.22575481767836		327.35788062748554
369.35313116172796		393.02557706594274
404.5346884387528		323.8021773546149
456.4136988642125		364.8051464641241
391.85050825731304		356.0510453927824
504.83046661567016		311.28882804000347
497.0728268230685		377.4963294500941
441.51133223641887		391.6750564476306
357.6550369086899		320.1394379556252
340.25881949312316		428.19782246212253
464.7191248602109		353.52936851717214
386.1827000981181		372.15274187749503
352.68824311358674		320.6153515080829
304.01739351062776		466.7353957803862
478.9925386948254		298.1505294468413
368.9788422833622		313.232764398073
349.7893368519734		246.4027418574516
304.8828536654921		294.9928279159189
430.39232861380185		314.1364352549506
378.7012133057378		348.1475128465209
344.40950433580355		508.83783735977505
472.39621375768985		369.4110428169692
459.61645278949305		285.75289687178565
341.19322290096136		455.7163315475016
330.0612645123241		366.9040055902417
335.28144398035505		348.45039887083493
425.0652738422137		378.86790237771066
358.072276305314		351.269944415696
414.25708363639626		327.05856009740995
455.5249545402652		346.76066561066193
332.8556161016952		501.95117451690385
507.67846889712393		265.5592485256571
381.5470284226639		345.9160581359017
532.4922285986845		289.8772367009805
492.5432308630936		376.57007078320055
467.21154124660256		371.3731181345203
388.8483490061286		425.79514577428085
525.9652255460659		356.11222582940354
321.81364606677977		279.6641193963035
466.37724865576024		376.3542341581638
473.9362067360945		286.29360508240734
541.5323337117071		281.03646616193146
451.513930433332		303.53754267306397
311.7846140363073		443.4275930598597
410.0016279571584		406.9242261405325
462.1408334765267		349.9283294758051
383.62966255895907		316.2608878716769
319.4151281942358		369.02327360721216
537.9645848982267		332.1754774710017
393.8205697876619		365.68723047439073
418.4392577854741		372.3798079800639
389.5021043046671		364.453334566839
394.5005902502263		358.5214629141646
437.2348141012059		382.345431845834
433.4153867815436		315.9833729715486
341.14029589641854		472.8498833476772
375.46472803289777		353.35458939536
471.07365401719795		342.73766653713903
548.4186388024435		376.83777559735864
455.9980281993355		372.83928520848315
394.34553265508316		463.43752776006284
463.7659107327389		371.108573845113
399.33536795194743		325.6352881797252
481.48717814036655		412.69134425380497
405.29045691595803		500.4593727189313
370.29421859811305		426.8410990305797
462.40711118650796		407.31072180937866
463.40226386107605		369.4814839110972
461.1258141956094		353.1308560876949
323.0832002275619		468.9688891040502
333.40374873251983		423.9902013704765
372.9653762805638		370.3437401294193
339.9214657418667		471.23055114095445
414.5664569078396		392.6006695816568
470.9523345099278		426.75531811734476
515.0548281577775		331.52468758265564
494.8455110107233		295.0297394707214
463.5749562097935		304.0119769591692
311.61516562275926		260.1959474570482
508.0857514315918		362.41627706614895
416.4135239490693		411.4225146570541
391.7857488694634		422.460171439279
365.5209539597517		341.24137175339285
379.0256745708297		463.37736165248003
415.9239187632067		395.5318077965034
451.4125059019806		451.8276294968084
452.4629762021908		321.57964517517235
555.9495307989939		333.080734974044
379.08367685117065		355.8022390901084
517.7717711366141		350.94422485587387
434.7100073362946		357.68262014481576
407.20574874832573		354.7494662948794
495.0488697507389		303.07123500036636
350.2703166321867		393.0543039660894
513.6834870414908		317.59982136046887
379.7756181638782		328.9907037461558
367.7470718425857		360.56592861076257
444.3223949318058		386.4767585537118
426.64648386735485		375.8345067845143
406.18970072692485		336.54754901969005
370.3755822537476		452.49800185780657
373.23786489139394		332.9652804852931
421.4068202781443		341.7385174801734
289.7816382666087		430.0762405334152
354.9781060289898		392.5391140794725
487.18019056879143		327.16603918495684
499.96065214827894		277.3431979978585
352.4216143892587		326.7310732162717
487.6611791881039		357.5478143015584
285.9050290222636		331.2392257427206
435.7279018460875		375.2296239876645
487.9452867300966		312.8905288671539
488.09079310405934		346.48622292420777
428.53600822590437		339.34195999232344
370.8744394327609		332.6921318644106
469.76737027553276		342.3479269292666
419.28750333185576		384.96642662725645
460.9308763699945		317.00903770139666
481.09882218416686		319.4495817524053
355.14676609823505		500.2146740597053
291.7576731636525		500.0872896069891
355.7376176780965		364.312443185501
377.09273398023265		442.46896643287465
353.7597024997603		375.05314246433124
472.10497377214074		464.1287580416861
395.30330127596176		363.0684781623153
452.8108973732405		279.75058851205284
370.152952763707		343.59445665938426
508.3825619190544		374.35595301514866
378.8586033163443		385.1006670846128
390.7586898438276		439.3956181577839
463.7247167031207		378.46897763994247
309.99476217251714		416.61776709607034
374.1372543498561		256.9461443293053
511.4687967755439		279.9741339401067
486.0641225909969		298.52920151425883
487.50460939306083		347.2686694148711
481.7864242474791		343.9722341392791
502.69686536340333		336.58267878505615
446.2373763709338		366.4004702689119
503.1800892934086		413.9846551619917
324.3350960873215		456.2365370975894
310.7046571950794		381.2320705570073
342.94419032786084		421.49480120475977
325.40684494096536		404.7851526847374
442.99926436090664		369.99543655301534
447.39239157275983		374.16993621063693
476.42202110924546		387.8919873637744
312.02192247804453		479.9118996917922
534.2743123847008		338.47005859393187
373.25212028957276		451.80864650533124
323.6764856137561		448.3401672460422
384.39300720076386		349.1348619699771
332.5659207062758		503.10981918204095
477.47537249290576		402.65587622967007
505.5077929774313		434.73765406618884
484.4888094336045		282.48849243079223
363.1576546459039		473.4152418616179
483.12030293126645		379.9145772660187
337.4530723521143		341.21587500747387
341.01641070825764		466.9491832649738
446.8406410185229		377.45162848121697
391.2297983613782		350.39626294554523
466.1349356092217		296.1629218629961
375.079744615273		385.4750633665421
447.3531667514943		365.96237866238613
548.3365942526387		311.3886204262571
343.71068197020253		462.23392246988305
361.9249094070431		322.0238145414216
559.3084629116449		361.31394009910343
431.83304071659614		360.66887170399093
456.8038535547803		381.70736584115787
479.43258361283034		374.2587940869558
503.11448608409665		367.737289526486
385.8488756790077		440.6705699283821
506.990267283991		427.9687714175589
372.7923282200874		371.7025549723741
391.324490634226		350.485680433876
478.4009699961289		331.008887027938
447.95365944782776		337.36036972606763
382.95307119107025		488.9721533694281
365.6027856612452		446.97285998211873
