393.82620014639616		452.0288857605982
440.387554357462		379.9297004768805
341.56291591924065		323.4671447891101
350.4937254965616		361.3791507850383
488.8681060258883		435.5220614163095
472.52301310100626		474.42742140770287
424.0893270668188		495.7095842135772
394.31164698900926		477.92562847146536
492.25807678572795		473.0328547886632
326.2153488204568		314.63538411056555
411.80021888012317		339.61217598126836
450.1759335294384		437.8435294015753
413.08223931557		478.3305248532869
458.3383143675617		413.1245572892002
429.74461016787194		495.67726054004333
358.52291588012315		360.4964814109846
335.44210173365315		424.17126907814975
497.55405186060466		331.1729696584026
357.21915875383286		321.23413575890106
352.13093435573114		326.88242682206436
386.4004975617955		292.6804038019741
405.63867695124964		463.40552019157167
474.4597671771481		451.3700912768047
424.6249947354076		333.1941147618955
385.0131566139668		372.37059398823686
387.203413083976		513.1544845458476
397.65214634886064		403.9364514163235
436.5307004671767		387.22109522750713
406.2526232979447		229.11003607406923
442.6403780952542		528.3160273206711
374.304651205566		419.3992985568076
425.5715825006297		375.75085857560725
433.51953669255875		488.61772234120684
397.25447258534376		417.3525167497195
468.65695042166084		473.20858776974194
333.74108138442716		518.1205196233461
365.45651532995856		521.7226103464876
399.8711159895576		487.2727160867278
444.26438374283083		445.3428259353015
411.24714645226345		454.5957332644653
405.571449972902		400.1399381679074
463.47364707201245		315.98433723026943
479.0530795132074		396.9918587747993
490.45891564352985		339.276613362783
413.97443265788655		291.8734213737489
430.2996039401394		437.09590642978355
346.01750889525806		305.4900895689257
338.5603342642711		282.9998311041199
355.90402732430096		362.7305353727884
461.9236492620901		361.7515997819968
335.78972076757657		305.19499339021286
432.43687702422903		331.85024056567386
390.7709606295285		506.2567095296021
400.77006716348546		459.6801060791402
285.395802932236		309.5968556533178
331.3785794948599		317.2195797621899
320.76561127028464		440.1290332399365
424.66643501833533		388.7944995383436
427.2607903813757		359.88467213981346
334.2459906455742		308.96406143003685
490.531246120725		390.9346941920095
439.88238526117544		416.4171747208244
486.7469512673137		448.04098482185805
357.8556718640811		422.4611454077099
386.0124283056046		431.29313054933425
323.28638132830434		420.50176032659607
292.08596757129874		362.5956003117115
348.6181216134223		383.65331724381366
367.69746767876495		483.68312332378014
400.3946490800801		330.81454217543643
410.54034797509615		445.09394595375005
434.3823014432255		472.09926197597184
334.08950281482004		317.0718944011989
445.60348835263716		502.50406150365484
396.53153055035943		394.84973857490763
387.84793506365185		410.4127116586413
427.9328264695128		370.16015565365075
459.459024090774		305.7241581794266
465.3126424072507		414.3413289101303
422.8560314092463		471.0650658350116
409.7565805922157		469.4439544322237
387.17034538662483		472.28519216375236
505.86072540185046		410.5388135415167
419.1019089088862		549.7130416160089
380.70028779225413		486.99437660231564
434.67613525172607		315.42437846064024
505.2525254584113		445.54719689750664
464.7254345987089		427.57946988570677
443.7073260041996		509.8456096768603
331.3853694014252		366.15564469471747
321.23582399824994		346.81183350728685
292.9892585926946		281.3323804500644
331.09153750653934		285.8100712112807
341.31206522342205		295.15972120538754
432.6931192056654		369.3959312606823
416.2800335493128		451.84530672339804
319.9572578616741		275.1622273629069
360.91775408690825		295.06690944261936
347.07564475751593		530.7906448768251
352.52824698172935		390.790649391668
342.2000539166291		347.36851074421065
311.8044652379751		334.47651883737683
390.47559508050716		474.2862795223011
272.1257026168817		329.2640597532845
492.39821989360127		372.7947680911054
376.6295613529502		462.7746793099734
401.70444220394955		453.022482042907
366.06805549905533		333.7334134298146
384.46548731769		482.82332106309246
330.0419997516226		285.32133651300774
412.9075818469602		375.7757934268925
325.12655584220784		295.8054294195865
409.30525505909895		480.1943918548682
465.3948505629876		433.7748285078403
443.7020958622925		377.03545213755376
392.75401437671434		479.6845596289954
407.89358034375624		377.9049785534773
417.3043936579205		393.3930315683002
463.68823150155475		439.2936407253285
369.8992070716727		354.4590649410462
433.6444729527968		366.8524162923817
323.21663786294135		320.3546235620858
342.730391469059		552.8885037162299
398.6937555804958		431.53540832426637
406.2617892567595		390.8221689612932
478.1604684190239		424.11825126235925
391.11007432904046		423.56363157298836
373.0941097486708		446.0468014448746
357.5778217723722		454.81521878552576
397.14932121399596		483.68629972307565
442.732440977172		508.2727181795153
401.42936169685044		434.9922446851135
324.55256316525725		326.3188426228576
360.75900109511434		538.939709150296
383.52604068539426		492.30605902518516
367.3927248875979		464.41805292265053
384.32708667321845		413.13574370535537
316.93969109329055		268.50584695402824
435.6222567581591		373.24961644399764
311.8566979902218		321.0139045812211
386.33957786510905		451.29509629519646
460.0853516491464		388.3588045093889
436.6256180255021		349.74240642029986
490.26524066867785		366.2692588820987
434.8886360073083		405.28659089817995
410.88584341493936		446.4965793365319
329.83653059573015		317.7495402471444
375.46482426583617		534.2102143907605
371.1193870594433		481.04620623066353
355.82919285808305		393.7607246880813
378.9606840583788		426.44685492322134
438.129647383762		508.79664765727716
360.98885232443473		399.9264385611833
467.1167262975905		381.82280178748715
439.3757194531304		379.7451344755705
323.8823869625348		364.44421294450945
317.3192612846739		300.0029031319801
343.93541927061733		230.2300961221335
442.12696368561245		420.21790758631346
456.3683188633165		476.1873556717363
508.4125572806047		379.71174134663164
452.2371958136334		409.103344855592
474.7019041099414		448.9573937306598
538.6917068163847		439.21877987063687
414.79766945996755		456.39026454071256
461.38064547691056		472.74481467390314
353.39368853713444		294.5563191939034
449.0304365160671		383.05076482529495
428.17544546729505		313.7816678600973
476.51115206400016		376.3186238540701
354.22227750379403		358.8414101743043
309.44644263648996		319.5102634444968
338.7801721546265		305.6816446660607
381.25678166435597		524.0857815544799
449.5749780357342		404.13283102484183
380.74439996372445		444.12978739688776
388.54907829034977		465.34118936813803
431.86626144989066		322.56483056583676
305.67600092435066		311.6363373462298
419.7123293389466		424.27851962577216
385.06717278305314		411.37714217059715
384.21063624623224		500.0352316942405
322.3233418499836		347.8105980546289
336.9309915344955		317.15370316286
431.75098699249816		501.2596752173056
293.79383441186985		335.1814308978216
462.82329370335606		450.5099964765946
447.85435758008754		340.6242791811424
509.9400847762347		451.263380628127
337.80788914520815		248.8089370850796
308.87638442101184		284.09554094332964
282.54465551162275		343.12832496712656
375.57267979048595		418.4347785963662
359.3510510022295		497.30413195439894
363.3356015206285		462.8334615092102
430.61424611476644		329.29022953345384
393.10472827559886		542.6097703087155
498.235454529476		449.27081622561803
348.0962233776953		342.04803902015493
415.58470203294536		426.00561576841915
312.03582946853396		372.4927614719878
367.7514020686838		416.4822150164492
471.19699831226126		498.9296863837042
408.18343425342704		481.090905294137
344.6633111673087		272.8958005087301
436.0891652600652		437.98342990810187
418.25650922914485		360.7644032438507
390.13844546162056		408.5802243434394
399.1781087061833		329.56114010782403
287.4524829458261		326.16154143761423
400.9243945916136		313.7554727343405
444.773797816543		484.90326780185785
434.49392098154783		506.6431154415667
323.2691432181388		375.124923621537
368.921211449608		500.5608876605355
386.17370423889116		306.001386233329
310.7251987104945		342.69002113500244
384.6703331709774		508.2116859983379
428.9366179653318		427.34278996433744
480.00977639374526		368.57554550507894
294.55201526713756		317.6535616755054
363.18569811765826		421.2154967418789
446.3032178526702		374.7218114758256
352.0081371289394		547.574088041404
361.84606603351864		402.01242474836783
429.8864247180421		486.16549705829266
436.37079185396993		549.051602248353
457.2189403314027		299.6121288498564
316.75392475327163		322.2949609539975
454.3804540721187		287.60712461996013
388.11691570045133		369.5246324351825
407.3269935518869		425.6669258002307
349.13939511459307		328.03063682731784
444.07110772642955		418.8701247539927
331.94094735029284		481.90600383487686
344.8454505883642		426.6971870159152
339.96759983135416		306.2039376724056
374.6867732919343		305.931009952538
474.3909895805076		488.2021718095873
520.8360355103866		378.97425371551026
439.2724569172917		351.73159387527386
337.2923377943553		317.05465358252
401.3290963359802		537.3060747912299
321.49145109552563		309.67945350818644
438.66847542804703		393.6711785897755
373.7658387840712		309.0701224565749
463.3416686090593		394.7521228037241
435.8157853690756		361.3787842485533
487.11563470808517		336.10118046065827
421.5695030594247		368.69656404672537
420.3980604294126		434.65198469743245
381.9302034805936		512.303702709784
378.48567263168684		470.95254755460695
389.7504571562697		512.756467158562
476.30126471289384		398.66655793348656
338.92994095773184		508.30206411701437
426.0978443738831		440.181833998531
412.29003476348583		450.93795468423895
318.23240504917374		326.2105290237694
405.6340771388042		444.47842969024214
381.12244791903953		427.911131193982
438.6649169099614		427.16064032679844
392.86836663683846		480.9750644043516
441.7817104397302		425.74369956139964
459.8531842560992		354.14524579514415
407.09173107596246		436.64391091916434
442.89459434997025		387.50769466607574
384.3637177683253		290.53009299123215
421.84744123951543		468.04085531589163
364.15773266869905		296.3845103362625
352.5625730115912		504.3023485494955
410.89684659887484		409.5205516977626
336.66371034802256		392.7452565212118
344.574846860412		496.1802987275963
295.0895156509701		346.7343601615385
466.99057860974426		337.02949715916867
482.07933245469906		394.89387777087194
471.10381863409003		329.00030842656366
441.71622481407576		474.32214750687524
508.3032228960332		486.38173405618613
435.46192842541257		468.6362798294079
410.6581486243902		425.144998727611
352.5268132322773		299.10776630522844
317.6479378661446		359.6688131545123
399.32700752565694		453.9382132222492
488.9231445503307		286.8443367987623
535.5854334182349		487.665709628977
399.24926283648256		407.1077359362743
394.7454516564386		378.0239020676072
462.1547164900721		451.41420479847415
384.44901093574913		296.2607437601005
456.51977542438254		489.2281570926254
308.2929402787547		326.8535954521298
398.0373188323856		305.1125034181689
346.94300195713004		344.7253068582012
387.933514671201		441.63086768848603
358.2235847192791		332.310834582233
286.4044902408452		302.6073886748301
458.35495470348405		392.0066216383517
449.0301726578034		370.6889758583283
384.2394302921992		550.4474485357646
376.7565194001905		275.641840013232
523.4108442279777		364.4827039196381
341.33646970162516		335.377092744591
271.7552710568186		320.1804663388664
392.1339527839051		401.9280101596177
402.534624126817		425.8037413157098
298.941262322333		327.4211997145927
338.0137726071688		302.73193930323237
429.2262804282299		349.1136819818076
397.7825258685811		391.74858282758345
365.5188916348511		494.8887096961849
423.26066420453145		492.61537336199905
368.8428775123277		478.73659093443877
441.23433653985086		407.9250876346339
409.9121650416451		462.9349651864324
312.6813923944346		282.40413174502385
339.0695964555328		361.9807020134209
354.36673217860806		303.2927310632713
421.75786062331343		326.15688610732883
371.9166533514827		311.62907218333265
323.99984904012626		323.96947562847896
376.61970433639556		326.52908539093085
309.1672904749787		378.0425414848542
306.1095869844866		338.32741287966877
378.257378407098		327.1321322329725
473.8005091149003		289.2847025263163
328.04665145159964		312.1912044587899
390.1362495586093		488.94848473160306
398.94533914256436		501.622656857134
458.5955518147259		355.343828637077
413.16521472332096		424.1387559778508
318.3271977322345		335.6873094999173
480.1439226542622		271.5114906982144
372.2602727371612		367.3929284550966
349.7325843799547		327.9917344492147
456.6586225003097		406.10101728005736
474.3487401413343		353.7416005615424
398.11665558095626		458.66075582026843
313.74509891492954		314.1131899261486
406.8387585965047		504.45288166669616
355.7135873018972		510.8006335348281
449.9482653586697		507.7035759532982
343.9707510105896		323.34036537991074
320.4333535068754		330.08061173111514
403.3858546607402		468.77633562248434
415.80792413542764		430.27555792224524
357.1501150557992		251.29771435978685
319.83854788634386		331.6691448939677
505.52326884436883		334.758222674256
351.44845961855316		359.54575195558493
350.07391352699943		300.1377117483608
396.7682050454641		417.68508959804734
353.92893598706667		441.68765514451087
458.5409687539117		337.4451929267442
378.5246523258218		339.19655112550134
451.36843598648124		402.59550888538547
443.14701132028154		389.0238645983106
338.07185150247403		309.86404834005725
495.6402495793559		404.0725852428273
399.99581789085994		426.1907671626028
432.9735719294659		504.16710423049835
408.2118443325084		439.38018162436884
497.45642853523594		464.0612659647505
369.3392149718356		463.76147053690545
429.4939772358341		363.59855334116327
369.17656429255624		394.89268407940375
462.3404740143161		401.9816696864238
453.75207088214387		460.6726180456537
446.93872944231913		349.22836990716854
483.2235829125788		488.9193363578506
351.5734000960142		318.6212354398293
368.51561478800494		531.307362471605
364.66166310562096		384.0787367696194
463.555679705555		511.68291370365137
363.11000018736263		366.69660346387263
384.26243479243556		441.93458540891214
362.90543043170806		284.9832432571763
325.11631128873375		319.8609389218122
338.25920897569864		361.759380494601
403.59734489038846		495.03457006694924
440.80884883373		496.27360342145
415.9824590275002		371.611858546028
462.6129935592416		334.99370658271494
353.17734854725416		301.71709608012236
338.9300022359811		350.7126205226361
400.6956577607692		259.86706898047623
399.00635225659545		447.0045921183154
377.4615587792455		508.2288032578928
441.5809714768855		420.83224761454164
410.19758639104276		393.60436287480167
307.16815265439243		323.8828224193442
460.28897905110705		429.8324508362692
410.0710956917914		490.0517707427171
478.29250625290535		355.228329561946
426.7628721105167		362.1031704218564
491.1840381037223		347.21178128313136
424.40022997764726		352.01291813666467
361.8201090402712		255.729587276884
422.9149839934531		417.1136234983946
426.3035517441021		448.7205680460046
356.59660055638267		421.2594787763626
394.94057030332056		351.99548504399553
389.3836280201504		481.23092008769
368.7070852134719		319.72363359344786
391.87751411160207		477.4431474571533
445.440986451731		410.42261374870054
484.8775416746375		346.50432064424825
309.3058671590836		299.9367378437209
470.98754867354944		484.8307851954765
421.47757845537166		447.28629726850625
307.12311838459283		337.8982727426557
370.80361909408333		421.78443956442936
301.62327016568133		356.4768797754838
358.92490118354823		537.2094735999048
464.1896870296647		325.7135016831561
359.161428382258		532.847552601357
434.7776779455414		462.86099178967123
465.5479966514343		328.1052692137859
358.6807304560261		393.97234150028777
351.6458725245249		388.34166458662463
460.110513717969		440.6291667590122
394.6182760246252		491.322332779067
361.3477756778574		305.06403715791276
388.83309539924613		418.4051495394075
490.2912805586797		374.8775092252873
454.5541394339233		351.5046410867795
493.0120564469755		492.95442581546934
436.1992842092414		363.7229483598443
409.1564427017911		509.30034083419673
349.9268706030517		357.6019223878993
379.6252674437506		527.2908530174685
423.75341006206776		393.14550807035477
364.86878229222583		509.3750704415603
428.4524715266275		493.4378883875767
403.8898231209349		430.7763051527839
427.3294252148318		395.1160969981017
482.284879365566		405.7927563650181
397.42901274117446		473.3096504687747
347.71653232097594		262.78373495804453
334.9038912181949		304.595289712153
305.4162036339065		310.9134436019566
344.3445672140393		322.84341391640544
400.2256421316168		479.7109739384976
448.05787980354626		520.4339786093582
466.41127805420933		400.58048695841876
338.3233992859116		345.8873378958219
354.95830799695204		432.8169531073013
420.8809376860523		374.23401069624373
398.14868646461815		459.34683433070404
295.15431605334646		289.47744778396344
414.4765769676904		512.1437248011114
468.18278241828176		480.9498209392469
363.3776489494965		447.31709074743844
318.5469804456226		336.09455697216305
478.704109956441		482.71364363025725
392.1190707220002		461.1296642546076
439.2022638668001		393.312882670457
421.4932092218826		387.307686917826
401.10019495254596		465.11879348928085
316.41805897195087		379.08964957055156
358.95337026017296		434.61532047698375
431.58030603500896		416.09573621034946
361.0648572971783		456.5423558876126
324.4694277384141		359.53776959278935
345.95887266848536		510.9164930068232
351.44448534977397		373.6168419115596
433.8252643481282		464.6221858585037
466.3631508213328		429.54587858619163
317.9834164953721		351.7126839293348
391.84631427516575		441.2143411835363
373.26909030597506		498.5124823124426
492.43728470815074		480.26104412303965
412.0241939036485		415.1825741445433
410.47923409150235		357.67051717724775
362.64345175474176		453.36214923376434
428.37746799878107		388.53315336089895
330.0542748993619		367.71980450236174
441.5263156987668		367.4607589846788
421.8345831573087		500.92165238483346
451.2429043401267		412.7478429393814
420.47022104059283		495.1914623979205
407.798291676848		394.8326739922854
403.29718570971835		489.2944525552845
479.16502849132155		407.5346064356765
401.9731434809013		465.5801585505836
443.3522012452176		370.47043322883604
408.5196922749516		351.71640316174285
464.3110276708908		343.8173292018357
481.3055951514554		420.4370765510978
362.9766799995851		501.8201886283464
460.316156915045		480.97252090091246
440.5782780743946		333.5174696310188
349.7303357157684		400.04696878137304
417.76203247575097		437.9685494871098
442.8708923533771		386.0710174403188
409.8690897689876		428.773427474709
340.0056736449448		310.3579199887828
281.70584924287255		304.4374412802704
427.81424174718904		417.86302354353785
282.4908107724366		330.27352904750893
392.06965382214156		324.0412499861334
398.5486993094735		376.18542068865577
404.478253151423		422.0210009894322
453.4112119305315		438.9188762975977
440.6608447995256		374.38922768104095
380.63139727578255		441.39639693845874
404.6531277950937		410.8748437772992
337.66205345045944		301.4593993076813
503.63804268718445		318.7267424714449
354.66555902562897		469.17672288737106
464.45520609488716		374.39572616410425
363.48304122744526		435.8463657803641
330.3498798921936		301.6381682496615
439.9214679289531		457.788879711165
432.3467870904665		421.73681608207994
422.9738693805473		389.27706315037136
386.53656693864815		499.02096227606904
462.6346350038714		365.74392968709844
465.7213906690822		323.54204079739924
451.7025831468215		418.7965690213336
458.167991895894		474.33562258265187
369.1057161880937		451.72292125697794
437.2400372094077		385.4512200473092
283.5165687207687		300.7671932876581
360.42665607180777		311.8496150272062
352.3722871528528		341.4852686205245
302.07886077425485		279.2261165622158
419.0031029441164		413.47196475003756
491.9499637237156		467.9660069482936
359.0147148879468		513.3495277918552
423.39533234201457		364.74898836146673
385.9746618885409		524.4742042164987
350.0995247577009		441.2439000206013
384.43081663333095		356.33203611736013
416.22677891908785		394.42180634967355
505.59845543311826		416.0184937652253
526.8742597357854		465.21229307181136
367.30752551389463		269.837626987673
359.17550913258367		511.99780130384755
341.3788719252416		273.8592805874959
383.3233788693723		423.4245840312173
366.36123881514607		465.39203031553814
412.7618856656771		401.37766236400097
432.9918374651637		393.0216317873612
329.8236293942343		318.36613705441323
352.7184827170108		297.17022337247823
355.8417778944655		405.40720666751344
470.4570464158993		448.71936414171364
284.3845641015412		355.723096145735
366.64017822698054		438.56640368591803
338.49175795015117		358.42673569073247
468.52781155747056		340.80303489198326
460.98203398300006		425.95882898381706
422.8209594339589		464.8071612626954
393.43546503582917		468.1739324323357
465.71551532316516		509.89668496979664
371.23329068982997		296.8003984384874
361.7898827796344		345.48046504513445
507.1777535397991		467.1875252578785
477.1878312899972		310.92599668648984
361.0405876757197		528.4333308584662
453.4818642280607		355.5266031013363
460.6641452278074		449.77540476548364
334.5503706619182		397.84486174203005
385.9009246323582		339.85795605070456
340.6182430185828		371.3304353785971
425.38870248249395		516.4947888469563
369.2181865638081		295.7049139239711
350.98357902443615		458.20470732448354
326.9386875064873		343.18399731608554
527.1088075392288		464.07107126223326
434.62124594132416		448.92753052149067
423.2723513623478		356.8730387242824
386.7215551313633		436.80539796990394
444.0506113357861		429.3186845854563
387.24094510945196		291.6137577187
401.2093206360409		440.9231446313444
470.64938492322085		471.150010408814
508.7474204977908		337.9864821819966
378.5506894868959		367.5559294817235
381.0644728587219		403.13178965562963
490.3613788687356		455.8173819603425
331.2450566762027		319.5002674511603
305.6526213120856		404.32060822540524
314.28928493954703		459.60101016204584
348.9170699487899		495.32682758099315
380.67260779106005		410.4544061194414
471.90208972279197		487.7549948912885
355.51098713002415		305.5985194135797
423.90664197545755		505.1634659757339
405.531963396098		320.22256952250694
429.9022916573616		371.6366389906611
361.75487989298773		377.5646542424099
403.1976838782764		399.8436155567932
412.34029906539024		435.7674651972649
291.10672012100105		296.32869479490245
360.54533683513955		422.59931135977416
456.3541102788371		271.77170613039164
466.22842035270816		415.0093545450179
314.43770548157295		308.7740944182172
393.1188585907044		473.05401559656207
444.80671054215503		292.9352665182283
453.8192573616968		358.6520620921214
457.263583825678		347.75441171189755
383.45012585602177		370.89997984003264
439.8122715993114		459.40016867519216
481.2956477733303		352.7074894982954
375.7666518128023		343.31435687195585
332.16409956465725		318.6259136239256
377.14682407416586		297.8645851731187
433.8522597465593		481.0264268379457
441.8231478942326		426.5964507423892
482.49061854464264		468.34046950316747
425.9925086936339		443.6253305081468
421.23451595335763		429.0523756841044
326.99229669590875		510.920827369626
292.2271563391731		344.7259965521503
459.09273067807015		402.6883608507177
490.0570977686417		357.7564369557734
401.40124332346704		367.88550400123125
370.2532763990256		323.4105974250717
425.3296550754075		303.9966371837482
364.5728928396316		302.0893344194208
384.98468916346263		383.6970344543132
445.21191117553786		468.34666029674986
362.2642517853685		487.5829770565852
365.327960219528		411.0230537463617
404.6557640829972		430.3628400759287
410.7402259209884		445.1068698195987
422.0286919936638		387.0329409232455
404.331157625015		483.30978599649035
348.60367256368954		348.8643661541896
320.332155193679		414.8124057374719
326.4864202419359		299.45814261757613
327.51964192253524		506.61209054269426
354.1015745295347		352.281038968639
370.29090562101203		379.1930166405042
466.3041238341659		382.07477562992966
447.7450437337439		370.4807176787581
410.61644602405664		494.59295851961673
505.6271634318743		458.74617363840514
374.0517425561578		298.3157331700003
441.454182405694		350.0038644426512
332.97050089124735		334.5859585450085
357.5983090071506		294.4831772387923
370.60286111828464		444.921837659965
437.93604141111274		501.3522226326983
477.0312485242542		421.612205061427
382.9874760043198		332.765830283745
321.0591369555284		259.85572567312414
451.6081140212593		354.27864942077406
335.37185103849095		412.35704546367634
335.7474686144334		425.57176065855583
365.4297608253667		404.31064662086106
480.86772151837874		414.0238576185763
265.9330068923896		337.1678258798184
299.41649492202066		412.0200240369281
340.5030056223956		274.8383269531569
320.53035638706825		422.4957534721618
428.34030531009137		492.6189049723245
418.44409764194234		321.12938541553876
348.38829215362443		347.0149824784053
403.093350194846		415.17967142998094
467.0866705166633		363.52926366868587
395.1228765142602		300.83297144284245
381.7789526610025		380.38713836191306
404.54765851075877		483.2069658653691
479.1894853458191		415.9633981432708
416.5193583022883		274.97012892357645
512.9883464363056		499.1175297274003
446.13872368105814		475.5366771261449
481.05135878961954		334.3527469723616
428.114755026537		469.5344247017567
329.6744636943544		354.9097124612542
310.19003365281793		335.0722392523364
402.0641310190451		493.0072482461427
439.5853461294968		482.0595632616614
455.44463795833144		471.0997275086489
324.22274629357764		347.71686819984643
471.2734836152897		401.6471216078751
472.4484092630093		449.0227931147553
460.93160904617076		478.75108325335987
416.5580997259602		465.58707977409017
350.6857746698897		295.0052079584258
437.7599016303518		451.59814944647934
306.9559409489835		281.7850123222513
391.9391027000553		531.5832244869146
475.8606555040399		511.2655261703343
410.3882241760051		298.32406139585663
325.68844762446895		486.0621254230116
310.717336950803		346.39935982219663
425.1997518093293		441.62571328381864
363.35884718224384		472.6511932438189
387.04620253107043		393.1034241784355
263.609842441625		315.9196071434604
317.35280469817303		310.81094328003775
399.16828940356913		454.380515896052
403.0417199836766		398.95830901583975
348.086986013142		309.10114863498654
444.4535236494918		386.9207581822669
486.7308417366244		346.40324513008505
306.7940478618558		350.6700904212168
431.100472430418		391.77811106426674
424.36737508248086		477.63857547196733
398.0689779308196		491.4518466774124
365.45167535279126		459.84038007983196
470.3270680727306		476.8003392931831
474.4424905295871		361.61628537896996
495.04928818407797		281.76474632400993
422.42931882637674		429.15361940028345
458.7089784071233		372.17030338949604
409.84978377206414		420.56392104285214
339.0059782478205		335.92759347564527
492.8033397684478		314.8988572344134
422.7625967088978		395.44992246393247
440.3142346027734		397.34576872456194
458.71462367959657		438.5115973532191
381.58530132401336		397.61032334023156
490.98407042602605		425.59229434672955
437.3468431398871		385.8757095579205
338.24713190902924		492.9427347117525
432.39156836381153		438.32165836262476
349.1427000299301		461.9766713383956
393.31950657166016		492.6458316392854
361.3333935409432		320.34217139385305
369.36116617857664		309.03719348065727
469.17888882776487		469.6719169462347
382.28907346783456		453.4469436190169
454.85282336778255		374.4290756330804
396.79613461655464		414.37838476498484
413.9040050048756		393.28417564931294
457.3426730780574		399.64775291999257
493.5778079205213		467.89042228619604
444.15582919932814		466.97118355122706
431.3954871318129		349.14714706014047
418.7939597538526		476.8280250848605
354.52294779593365		311.10180768083893
490.2256383475675		487.0283037925271
476.9229955097068		471.79356340929223
393.6912760335317		431.44361327300277
393.48489533280133		439.2782993571192
448.3158456240973		493.11768778846573
399.7738186936945		329.3515758333924
350.3258021987588		341.25049644937536
329.42855152064755		378.30826765038495
442.6188746438022		435.7209932684152
398.3990331326077		482.669024495759
464.5638413653904		359.50698783409916
338.7538781727093		481.8403102275454
422.86391166830083		410.0733867855169
422.0240903622559		463.0929942215456
402.0935367858565		458.95675033514647
332.6154242617079		309.2980558364597
452.8434348329277		338.2172757257432
428.07705823755117		469.1090385168331
377.68714229121247		479.5829646264602
433.3003665425663		458.7901696018419
371.57998875985635		489.63269756978895
428.18619345456153		332.17727256701954
423.7798788149097		311.93608946154205
329.6741995544577		337.0994978862621
318.6872229598187		342.0843208184391
373.55118419537337		481.73567548593303
426.4439165258756		378.3237491675655
368.2131696929506		270.42207076371756
376.04195504699453		292.868142088322
453.296292852975		506.9037468300091
380.6981965739628		439.1853692667252
435.37513838061847		371.9612577579174
471.7169256221083		462.6970599031623
399.8818377992296		365.00036674309337
322.8652005845179		325.58515758272557
382.5033689823966		309.4887461287456
383.7597024529795		270.08876064548815
413.5120220590649		284.16477410561845
357.8494786268497		414.91405915577775
326.9308266242898		307.9578334291571
419.30266614079216		507.3837886483451
371.8850782557169		314.22723110814945
400.6524433488412		510.2293430546356
373.2982039359139		398.6672719995092
445.5302537540903		514.4855746656622
378.47613556755624		467.6200508790861
464.124196285397		436.50652234569907
411.3975348601586		370.0323753614699
411.9820460805703		366.8504023216574
491.5356641714206		487.75464032380137
381.79076683158144		355.1524448131698
344.84158905424965		351.6923064364629
302.84043811722483		341.9662699735607
338.877649017531		303.82002006232955
367.50881011350015		472.0497862233938
413.94342332828023		399.54591889548175
458.74101774209396		431.2157378777214
449.85274611794915		498.13739174036493
396.97394992431055		475.9791184791735
315.57930672939517		330.7315934074325
403.90763615288773		449.08580851182086
385.3691198030058		294.5969886712454
301.0061676690459		327.42261746713467
286.73339940172303		317.0469656975879
261.13349075505886		339.82098759118173
296.30300368986764		280.82959808962136
422.0451848656782		479.94832199094304
349.76975408534184		340.24671833470353
451.7568632331974		357.7114892146143
345.97595716297695		426.41186912844864
410.77748678557856		458.7721318396149
299.14770039729444		303.18425773743735
422.0805773690782		432.0256233898446
490.2402326023859		356.166333157973
473.714988320601		420.30343400873994
388.03016889081715		426.62539463371434
366.53619116661736		332.83697244803597
409.74195166599384		372.69541448301015
363.03046276096325		284.3252275690792
368.54647185331936		447.813454414897
374.5488987741774		419.63675476886925
441.95827768276575		331.82900665285456
405.28845882027406		303.9827262864776
507.62261675381035		465.7135697603968
464.9008773572097		457.434927681556
422.97225480349215		448.8741709450689
458.5597923470252		389.49959932021557
401.29967019679634		387.4230810052168
390.17760652991467		327.3144801107455
390.4546771089529		488.4295676136731
386.5900595306579		310.1384348770291
316.88933178732503		363.9376022148902
357.1949060614807		344.7048156792512
368.12023366297404		499.6906093985848
268.4277143382418		319.86265374996646
356.2773663877707		377.6657401010995
451.9604227881297		398.72390468889535
331.7988704491617		345.12069846887726
445.9513334772375		432.5048132321556
341.31091106647824		351.44982837668124
356.48466349497795		393.5071555978809
442.7843895272356		393.722701664224
412.00181147998353		489.3593871184976
447.7613650646948		430.92449187455713
349.28772821075785		364.04984914437784
481.9579381920946		430.82097623013743
446.18110041976075		389.48261753454744
361.703130240597		412.12713860882417
439.4059761243301		480.94255784761225
381.2849208827421		419.38857882088996
328.3583373877157		296.69186337902175
355.22048357884074		330.4250780556141
283.8467947762237		334.69004640221397
368.82519759050757		312.1355996350614
327.8538380460362		313.68443764449154
463.8681658641134		392.83727750792696
445.8307489479554		384.313443119606
321.669665119184		358.0390024224333
486.1170764202116		406.4239548496204
512.2546757540671		422.19833940233883
429.01863513960484		398.1344456746862
334.99541655598483		316.95406034308354
445.37019716049934		386.2435386335178
400.6468275500484		459.6153411826426
336.3137179753926		362.29850854424194
396.6818539526299		485.36483128506774
313.6590268240116		382.24771419134106
415.9835317424236		442.6153116086848
354.5077892362608		384.1963646077616
441.73328810154294		326.49713485686067
364.9748755112332		521.6013250107319
500.2010164805552		426.16591775588824
411.6720370452097		306.31615860369806
379.77808628533245		373.12442602066807
325.09831119238413		483.6976309691849
476.01846495173913		396.925618314689
295.0928111013544		331.8697627912898
308.9131813417737		306.3790471717577
429.29937507867425		448.9209086983459
365.98496691066305		368.8095576906792
462.5556266536515		487.659415283795
428.49084170070876		377.93650570497795
366.94498894937203		306.0667910501964
492.10569726387934		466.7090786452817
323.2332240883499		329.26757329445434
351.57936627939944		351.11463898003797
460.34765376289056		419.4993111383091
383.29483844975016		515.2834405398614
342.32937332835877		283.9457214284604
374.48854787127624		507.60061003884874
458.8876831748858		394.2528795471534
346.14319513521457		359.3694367884045
447.8925665617367		492.02173865532797
430.360263608954		359.99860113405725
344.8704430139825		280.77944093473815
351.0720208955634		384.2210467857824
335.22302705003386		448.62757506212824
367.53190956373624		373.6912457745362
470.9756638296025		316.9585396873994
332.0961822645276		341.43865060884985
479.29624619486356		456.7316192750268
467.1885271081221		491.6253894042567
437.1782489289375		403.37675152227666
316.7843749045285		339.9354980795569
433.31976204530815		395.9980356523537
342.87529515609486		297.9592757257225
354.55829918535755		432.0090384900069
418.1436542931847		469.6207170907283
391.71282678118746		485.92586801656864
383.1635352788108		445.07596749702907
369.9215421719217		521.9567824684154
326.8324068058542		292.857678176188
369.26012074242715		518.1072939341193
447.39643939665604		367.62283728881005
401.71792464535065		428.78420017228933
515.7048764398756		468.2896928399281
381.3941031216202		248.12181025112432
363.5887432699932		331.62446121969094
458.77950739666477		345.89969701312896
400.8431955650087		463.89855378601874
395.41589267012296		409.4092325681405
417.28915996659964		445.66800746895944
326.5030869309848		298.57043904471584
442.7431737799561		405.8098054267848
407.8005150936264		374.428296099058
374.2234651264901		419.7583388388457
341.34891565326495		349.31412247614924
450.4656092827842		461.2316756257102
508.88660488310006		424.3326766435774
482.7955642529356		386.6288189342435
441.91015819247554		474.2520430691473
339.92353140222633		314.32563989906987
342.8962980789551		320.43030773999953
353.54093553341875		485.67215568033726
415.61499743660727		407.86866493012104
366.7633700717968		418.8203779105674
453.64419838835926		435.21872768433457
387.25949484581935		455.44208817124763
305.8110833027304		318.5377646823384
286.659533942842		378.65059776939285
447.15738884130855		511.2936211768759
379.83017515249946		487.91883947955824
429.0217286828655		374.65951949540016
302.8674793652999		336.7691660808946
377.86257362546746		532.0013982922414
321.1304273008712		309.42757360952675
455.40730990353666		421.85523172328294
374.5625290583577		354.7752386868858
432.69190855614977		493.81794597240275
442.3679254740013		344.86973706602987
349.9205426013191		392.0828064563844
308.2129491529978		433.84056260508595
458.74536283294646		475.3394319856287
392.8908880741081		444.63342110515623
380.56463200351226		366.4231347986011
404.5060909185892		432.5954326864627
403.39005781438004		485.41724833600443
376.1362463610919		336.8870532714934
405.61830038719165		318.6997064956611
344.6195611173329		314.64072769378197
434.73882336927846		359.9693397405355
381.4214431879878		406.7194634208841
329.3216622126912		419.4937045529271
465.48490144164214		364.7679296421932
398.3182782986998		462.24788959306875
435.9594184355849		405.76677922516257
339.89529465308823		437.34848211699915
291.2993395712642		343.52238060784674
413.51757591457744		398.3674261366439
438.8289967636396		414.50152177192587
333.75829230664914		336.120775932315
364.76785820401756		288.79483362560507
395.55648445550395		415.17003712487366
404.20817457488647		364.2385701680591
407.8836148876413		500.6970573922796
457.1890776575333		503.57288381680564
365.1955212604857		309.42131070654295
423.93075838479785		377.87829016021726
471.8518683315589		454.5611955758449
383.66054589761274		385.93927573086734
420.803339994269		335.9491294477799
413.9150704878368		452.95064041817574
517.0441433083005		338.19259680795466
475.5392646001062		452.7197088589647
453.01191919656503		379.1216324585432
419.8319785686652		450.0104682950283
315.86541293945885		445.39526116438685
437.1580335459895		418.6409327617844
321.14235160086645		260.9403672293558
444.8195757686265		486.6884937664899
461.60637536770696		498.8703450609124
371.19141586865027		458.11590383028135
302.91130329193334		340.62946858376984
331.50779746720934		285.5567613097417
517.2686518456716		410.0225149996532
316.17870880676656		309.99923404079834
453.4678674978905		428.9509871030358
445.0529169319318		331.23948610667395
370.57566539570917		339.68595542683244
309.2701427529852		294.85437469188895
402.7327528480974		344.4244948353936
401.607559118983		386.34536335356825
437.27597002582996		480.4105174054668
389.2654285280876		343.23161418094514
392.69187754613773		504.23358794380346
437.98392077444214		489.61489126120006
297.74552258369545		294.9098117492192
414.3297090119755		347.73351239342867
346.64301474939555		438.6758475216636
494.3799761575758		378.09952215167107
416.03035021272416		493.13127912820363
335.0778996450213		347.31429662224605
393.9217137061197		533.0627789515513
428.96681817518356		523.8869963303458
378.3931713951399		463.3053080044376
473.5473231647774		475.1604976585341
442.7057511335064		407.34385844815375
506.69256672195064		455.0366867828842
434.91871195887325		468.9256974143397
478.7524610743836		469.803779597984
394.17032273855585		395.7917556211954
491.08770380611105		386.68580910130004
312.0818537564116		282.9996114843611
389.91893640028457		328.04794806855796
372.8529880176167		433.73668263983956
358.600745921201		291.8197467420893
365.10734446012685		471.0212078779063
370.22333280763917		403.72827784484343
415.4920450191469		512.2290772796206
436.7407640800342		337.8018147083093
349.45375642776276		279.3820285921121
456.2883653405772		359.42238965815983
424.49653039460134		338.9117873743371
363.4052404440413		524.8636011681632
430.9589330786525		380.295703270096
465.94495297254014		369.6667949342817
494.2142716094863		461.1888022894571
351.86039170853616		295.27554759474236
363.541084811992		368.9536042782275
408.20593871856715		481.6527373554013
341.54946103167845		308.3629990975309
385.4023657604249		278.6864406728571
411.5886901243224		388.3179763455408
434.52555517350584		505.7363291107457
454.1038364662128		409.3258628491029
338.6623676956705		276.4643533344559
531.6815635880444		448.6732494056241
462.2072224983929		308.53344057380446
357.89862027558627		283.52881736969124
368.34034782680146		447.79967032245963
382.15236870658634		303.9482089476121
492.113131459255		379.806109784496
468.09838589877467		481.3546998319736
383.8480786756684		512.0774742565902
341.3931159946005		504.9345970008059
477.30969438509584		347.43535863927053
356.4244219306887		490.3053031853328
360.87113867367077		364.68427259138224
417.75292799375836		447.12831477280764
400.2728363124511		423.07726077323133
453.739680719965		342.86185777150064
481.61274769466155		330.96073924932006
355.5060315092457		343.2093373374154
326.11152293244163		332.2919271113428
332.5548559971611		370.00719992561636
458.27844637161417		398.74065735162856
294.8584683033791		379.78327992800075
358.00108968908967		304.5059779699528
374.75915817708506		398.33122127775374
448.1954118861072		421.59151586855324
423.38304150493457		455.13596138634813
462.92548184902853		284.58556404617843
347.3279891848896		344.3797937614098
437.4821473239349		468.09020126333064
443.7145734056872		464.567274457116
382.6589662889746		325.15063048064235
356.89367768411137		471.3449636688032
316.2704529684676		513.5882836423085
463.0751846659204		472.36844780686124
447.80071225485005		300.8125620551585
365.03414211583686		413.1836141598134
354.77819746754096		450.12826516904454
375.64032278361026		484.79435378374905
414.85644282819845		405.07814415544084
428.69915293405785		434.95598339462094
458.93432191849996		379.280833604449
408.7697721972686		409.4896163810884
356.53180999974506		474.0590943432758
450.27072603974955		338.55278759982684
390.2636626181752		480.2581046077523
368.0843644307234		432.1336379888239
374.6597100848257		474.2253889262988
352.9138558016451		325.8695823215035
442.01003434741017		447.9640800876811
352.36758801206054		484.84448476515877
427.39023611402934		343.93107114703423
467.9994230704874		476.7058869770326
459.6764402091154		442.1834356904272
472.56385478179965		532.7869435872798
435.9784248068596		397.2959606885451
344.3541195031662		329.28182417574664
430.11012434605385		375.7282779122063
296.24862164273407		323.3030153346104
395.9972876865874		420.8852627727133
377.36332980057387		527.4475285638717
387.15226612619153		405.48938456916795
410.7134038245428		421.2425756451862
321.46338544936117		422.3546233240665
364.9250875711755		440.3849380826192
404.25245748694044		406.0248617167799
397.88558514681785		417.43321162883234
448.5648129244347		456.3476080892294
462.9458235573998		325.12145169801283
408.78037422681837		381.3740081463906
404.2308933807264		444.2552831896113
392.39670838062784		496.7173447673645
333.9517927914036		347.5330893952897
474.1883918235669		373.3098737828971
371.2886702470545		311.8199783002082
344.31378929069456		414.0695682568582
448.6875135575352		404.2108939189203
464.2701080630543		344.9786502253454
455.70635965609085		341.55825809609536
425.51605329493003		363.2390065998167
401.013337580732		497.3402020572076
358.14236364159126		483.7423164291531
336.6311881051131		325.7147255961899
473.35163952890366		294.5769159910369
372.96805032873056		364.5851457333908
409.5941028245338		340.1683305139469
408.5694824538252		353.85242857069056
310.62548040722425		342.60333349155076
443.64851050572446		465.09906440198
446.09179715142955		444.18711627974153
369.68518323313305		398.09217045968984
433.28868191858015		387.5873433822115
417.2990647352168		528.7878983574705
337.36017935275663		402.36923771372767
329.42319554049294		346.4361807129517
429.90129616976935		449.7190613855485
449.3987681441459		438.61772589276825
426.9221878686073		283.8214714123113
399.719725201064		498.10122162130574
400.1211461354897		429.7055403168103
350.9803828868099		353.1639834126641
410.71589562589435		488.82772907091265
487.86427205058226		317.12128774127564
396.5089376051083		476.3399833425044
335.2964619988494		280.47496810251585
391.3805544416997		428.39815933944874
343.6414045442331		279.43485248224977
382.97299261148703		299.1855942853867
346.65105890194656		288.65451059318633
433.85935813385595		395.98243370430293
346.6204129811475		538.4975248459633
375.04406373887826		284.37159709525736
375.1203026855048		433.7904922079249
445.0591616407004		439.8256860130511
387.5925191317216		467.51530473412794
458.61126833674604		539.4984248238776
309.17544509973055		331.2612254991797
316.5725355600124		334.9977240558155
362.32285460702536		452.8569452678435
394.027667927243		308.14236679528153
443.98512792616947		442.868044423482
382.0316942990527		502.30374985570967
387.8942365060181		294.9096290268632
428.57411256304766		397.6500686450081
388.3550612030924		507.0179608343582
312.50999839303427		335.4736296066833
528.882165036175		484.2543307019703
438.3793988124681		420.28234281550004
418.82714113852575		561.2318720803024
347.5718432739025		334.4460808245225
404.53113649688146		424.30409921257024
387.0603058248181		248.50176199833643
472.8267750597812		392.0914391510361
358.0018835462977		274.7269291788085
346.5983668949815		515.2443436043665
409.2263984878273		383.13499686194723
477.71823314245756		327.2674741101362
426.0124283402735		474.20336702029414
458.383625015732		480.32863323035696
454.5961760412522		521.9612239283294
353.910832135538		417.5786936548444
447.77888610926715		438.6105520745665
505.17851463848933		365.0702471524039
371.81862387534215		506.4142157461145
355.5333958786248		451.0022206039849
356.4869659525108		424.82990103583984
292.59852724491736		390.7919219351597
405.1630476743184		461.35064867371943
370.1225930401522		393.8768833932224
338.728779996224		522.491178847944
352.3538634668964		306.78559222250135
325.2190404141242		283.10154397644675
429.911100180416		412.98233732437524
443.1600067460938		425.56144651270404
338.37004244574325		352.95875128995635
375.6500283630009		340.3982291839198
411.3884418658307		371.5241096839603
421.61185563916496		378.0601138539959
462.2165183023311		463.932819197911
458.23398162451883		405.62832713733235
421.5927744972938		356.5886040879229
341.29107938635985		453.18218671951024
429.6783465242356		506.11658071518775
336.6701755179414		349.4997843192655
406.66402360910143		558.1532956803998
437.3330945878132		301.48520049281024
329.27386753806485		359.1422610417969
378.1469266296318		479.4571434052802
485.9052194147323		429.24650105394124
376.54231911995674		459.9283288000836
425.3709332515209		316.32971424797836
458.5989038746133		335.711651531688
371.2496913514789		318.96501023245736
343.82583874506435		472.7730480951122
370.95160698613006		445.9247492012144
427.0453473143637		355.98733974156875
258.9760401839219		318.08656350677904
405.6055028192911		407.28387791535647
360.93622753617797		268.7708110921795
484.25486722304515		382.9266564592311
371.4223123912508		332.5447731216788
368.1508242665492		403.21712778878646
408.8502051991427		366.0960344684741
359.4230777829406		308.5286163646281
404.4898211081377		469.78830492982996
485.91448385706013		512.618439074487
443.24603309891495		374.4368587198021
418.7442274914842		376.4893842315118
394.8343364973991		492.3784219963764
373.87004228954845		430.5753034758173
333.0449074790968		331.85115116027526
405.37076605715794		432.8000850384118
409.914039046414		360.84346120684893
405.9105585986334		431.1415644122402
462.9844126889427		447.6092440013947
346.41344809618784		439.76459107434147
468.84658899181557		423.11069548529724
439.86826813102164		451.4338308130902
432.47452574877684		340.97712634615647
388.3724355769853		331.2042254141309
377.64833708930365		520.3691688427817
323.46658518878024		295.3239150133449
456.79021067072864		334.1194490134261
398.7605550911138		341.0335438107067
359.6084375264387		439.47824937481136
403.10095383887807		505.5186389024042
374.9090215869047		320.1236371190403
457.7654624171637		471.45258035401565
433.65008670779395		464.9216752355571
357.5516618480408		257.0271303651928
405.1744561456735		450.3208472323708
344.5104999383979		298.3898612130875
413.9330073677036		496.0138217671646
358.1365920322733		401.483029758938
387.35350663620375		343.50095117536654
345.5514597318795		337.1438136788402
354.95611006677916		257.6421019275955
419.2241289325045		402.47034411870897
420.20986224377947		402.5823785749359
375.69750006410806		487.74574101806354
431.8048164022335		434.87265060746745
459.39169889849427		371.5938835507206
400.4660556846005		484.931894276963
365.2811871566921		435.08188180746026
400.39154419198564		454.6657880553811
425.19159612632563		452.66703756348
441.0304331771113		398.90885123968826
424.37172418247883		396.99646708371716
454.85769078455644		353.70202615198434
393.4874468840721		524.9328859947075
447.3948847377977		417.52639322033764
504.39079227902096		323.63293325865806
433.4719216487593		467.38619498752064
486.0546012777492		426.010276499381
423.3485531459784		370.16715972925806
411.4653879497733		466.7251557555963
334.8776566197049		417.3756564982344
490.4854936425056		431.54243783394594
415.1398238961791		483.37616493518544
334.64991787045847		508.9627985399975
360.8043429383323		425.73306091980385
335.7611549096666		441.19999904910094
437.23161796476705		295.2035316757859
514.7853843234204		344.439701767271
386.52938108412815		481.0530509514978
385.91451870260147		397.043096118714
363.2774733199197		298.26450452648055
380.3821791199112		472.47139336706203
517.7507478372811		367.27178405116905
375.9600957711207		371.22533436162115
381.44464606886885		435.3558957458072
345.8130097390826		419.3307427653854
431.1776092702216		432.9128386577253
331.394223157805		457.83412432604746
488.87584366934067		439.1135671702047
400.68644146818286		541.6395724194026
363.22262506932634		428.3777128157764
316.48302080195		320.6296882647885
369.3250310024724		311.5808617082605
389.828692404507		437.7042962860757
420.2388643265273		369.32952134310744
381.79631047929195		467.70254855637165
306.73083750424274		297.5149663333736
449.4596973147755		464.3312561576299
453.6430166925718		313.4840763711862
408.33527828056475		285.27715391105346
407.4330779695838		449.1059829899294
292.8284165432549		365.05776479977646
429.8822227510262		400.41689673965897
471.8067096489484		339.2152202383832
384.0399601844992		453.5676984905855
374.5229646122415		513.5899400733845
340.1160245799774		299.4054475322028
340.1937006795896		361.6318259591719
372.49134592987554		480.9381517721524
429.5277838080714		486.5297343161784
425.057571647804		465.57933422232776
357.45850547567215		402.2183407383445
382.48094323515613		420.3719199544861
365.7262234484542		405.0737712629282
471.06062001352797		435.6180168380715
491.3476569369345		412.6492541717167
481.0381993617567		423.780812115351
452.49980529186183		435.07429229836544
464.3090798511763		446.0257766861499
398.39871269262323		485.2742279156517
343.80585746195953		292.2217043977124
402.3879549124966		379.0357966819219
466.352457092303		339.88521866094317
339.99042737816774		301.30915320250375
317.01694586119504		498.8766634158288
402.70004757055733		393.4784868424421
398.1273647669614		278.2903330226117
383.6985973234623		359.9361189513386
481.1040776881003		389.6988953415908
375.50997732315966		288.9145809076547
321.8381923489807		342.1542774054443
487.22663504796367		461.2086264853591
311.3016890138583		455.9878050030915
434.0006805279533		392.4232497129861
573.681357233588		471.75662717938695
372.75747042046964		321.43614663156853
473.2470815023702		464.8958836638847
359.63816556981965		274.3844204482127
524.0233245718025		449.15679491217804
423.2701825756509		428.11985022570354
381.7873462313677		395.83074014199514
405.1757121334939		513.2377035555596
430.2572725701733		431.1021811505048
349.358576742295		288.5562427024441
367.271722438605		443.84311208132607
407.31120194857664		415.14827062980396
390.7164730732193		409.9111224959582
361.8707850344472		371.56915660916223
394.59340058195755		511.87713160089845
452.8825582876265		422.82294082028216
342.1014527871525		486.25123404422243
404.3450216481884		459.281347949979
470.8679408402362		336.27116261465045
432.99377591365146		445.5114817905311
364.25314360819806		457.33471914476524
337.0430358217996		330.82079467740516
404.5897514559364		403.65698129574764
454.5290512808748		400.72190100790755
510.4727910125369		484.80918532057854
378.56146477861006		342.9977559607349
483.42256078831133		333.4365588640757
366.9971679523358		482.4285444136892
339.5201623383913		365.13366462610264
398.0565827802732		433.48399506002136
401.0490585133467		487.1693971054362
335.6729427640594		346.28506553869875
430.0904286878128		450.0949595552217
417.0896937587267		439.3696640563202
457.40671326971733		521.7616888639802
439.4887228886075		461.40586718551856
388.87675558692354		388.3339845205222
427.5848608303694		442.4165317561124
380.76016735878386		413.36065918313665
407.4072184804547		471.2924429619225
314.43272956233153		306.07210608116924
436.9748591244546		409.44165257868235
340.032092959067		356.92409020551946
337.6316049257847		258.22481651206317
330.2939214186941		282.6569502307668
405.1273408051327		463.19600036094766
454.9249717049721		479.534831619094
460.6637337239948		471.8416336122658
393.12653353496466		314.67499800140587
454.8986694288408		484.77819985811846
412.0016855745017		484.7296927557665
490.04139560181954		496.9421987992382
346.7731097219239		425.15246985597395
454.9600942996294		432.4824074349348
387.90804704417667		493.30834257669756
499.3513842775751		467.7980012868492
442.0607991642273		319.2698137175373
347.35183540767827		324.3399309147817
423.23995467309385		483.2069893283098
300.3106353868072		302.15674438198124
374.8333564421384		464.37990667631516
359.3844045556658		357.35025647558336
413.154170731538		428.3631137695086
357.1928845881282		424.75290667305103
423.9840497346509		470.80394037142037
334.2547205868755		484.91664713590814
439.2885054294391		380.3911263110196
366.935991426667		422.72641994197255
464.6802190736398		310.9250507099111
345.55105989934646		308.16019692433406
305.18886262240136		354.32957442290285
392.3971372596593		375.1942153720859
349.48495507746526		288.79177253145303
387.515437848642		415.8158358180848
367.96105655661415		481.94097030183315
359.2144985266664		332.92981371849476
427.43606367285406		472.5146544977318
490.4930660413715		420.62045895278203
440.7144595086895		369.098672605985
384.2935179611893		473.8024279572132
378.4723590017915		305.3585819475516
450.3910875410072		337.9693625352159
404.8822286455433		339.28288036643977
476.5694245185334		331.9010395483656
423.89356533995385		285.73602235935596
430.69489790842283		348.6516509734589
393.8125137177232		478.83728851087056
406.76102147844		366.2862725944254
385.0333058389955		446.6647655865186
434.7482118069284		372.0098676232546
430.01258304012913		396.6238794652032
428.03416073259416		531.6984932470912
391.4054911330339		461.49948908567154
385.3040177392675		350.6794933687828
391.4023448893982		452.43806057549347
313.56962131268943		388.1715662049901
297.2162335366995		336.30647370778837
324.4485156709005		390.06708516918843
475.28571576718366		311.69354022487903
435.25571022430097		469.2246028985768
515.3070500859707		441.2928073594883
392.503052505107		413.2849360894589
340.1127453919066		297.5035857103902
475.1887714928867		456.6305320307243
365.9432118959073		344.5060211367811
386.52952996793823		450.49241674875304
288.1831471202915		408.1041778736987
432.67939934465875		501.5918185519043
293.0329758622		320.36137434805084
495.7247491194979		473.3287659164503
453.4926214716549		352.920816636127
310.7819582915167		319.0447221745153
447.3578536142302		480.9743820749715
465.10121998286866		334.1784316651073
376.727888147011		310.4006022058759
452.1901516661539		371.23275409152103
435.0033768301998		371.48285420252233
383.0505703694984		267.2055880962925
396.17219817153216		507.6871834009056
415.4855690377099		517.1573857279095
468.59822111745655		412.74238565669566
424.48420489934847		437.5639932001255
358.0125720687529		424.82564577896255
402.00609179239444		404.1672609833576
318.088402555662		460.8513783498032
360.6663151222216		311.43626494824287
377.4509374009336		484.0284239299746
363.3574680002976		445.71414374340776
391.88530118839185		483.55960032876135
466.1370964393753		346.5877470192098
343.07195176834165		314.41196592881147
421.7664185398803		364.4657439308705
436.3142905242141		500.0198659964107
332.87538414874905		247.63244186365898
403.3265415599828		349.2705464292479
477.45120038086		395.3580603453147
475.78032368808266		513.931544663242
390.0942932560674		454.7724803760289
400.5668196045373		440.65303751042387
321.62472196118216		311.3713181052243
426.4016534070382		498.5648375578245
455.6109980298647		439.1213943406099
380.393881025836		357.1718045427299
479.7894967252024		432.2791061368009
370.19499890852205		491.6171098094022
357.50548585355597		278.5650771682451
389.04470167488523		488.3403106010203
391.87613384294485		532.0789952177239
436.5720619614746		569.1404370721738
350.52572744339045		428.5378608498727
357.4848465571643		499.391529494494
346.1653633608285		316.2890015288923
325.627226700946		360.90733845557446
404.96001777270624		435.58749395998245
363.25240208870923		473.8003227189534
415.19155855055044		377.87128369189986
437.3941497979647		414.9266659417624
404.5503382517129		428.2633865260999
