425.9879247722514		875.5602671629941
629.9342741362724		233.1942913972772
329.46299644759176		329.2163929718873
198.66593859000022		336.45047464287643
440.26522917753755		195.82352755765692
642.1137769832657		285.91964718787256
469.62725593737974		239.83351307462436
501.5229434558415		892.1394772234869
687.2451588853289		714.8587185834415
558.2252643845771		34.53809406753095
489.29762562338345		143.9013236250119
500.1766667824295		132.50303042625382
814.0971848958895		789.8721042950572
1360.0988480941137		924.0758285111647
805.2580845890261		194.68879268118906
1534.8660711072187		385.2905067280552
553.1188012970636		581.4565342096304
553.0959786770298		124.07961207423159
667.7922655201679		580.4437563641852
517.5289420361067		538.1466058439877
922.6328702680642		726.3659612005248
525.4214645232579		788.8088178852066
1192.5472003148325		528.7459652688091
671.3594809026911		794.6215531371884
383.5164110991649		635.9253168644377
614.4736927535021		257.1753329605931
343.921225498392		813.2366701287474
775.0910266362407		599.8263289091327
310.5068594536013		338.5707832279092
154.71958313407907		873.8675666194221
72.69871052791291		560.971589727508
103.6255586003208		539.2257738256156
616.2080223917491		601.35388981267
629.3622774353281		602.2955035811926
42.81917851796919		443.95305277962484
543.5292189292926		295.86111370986254
676.5047680504541		656.7796065237776
528.5165578794583		588.6443687616556
617.5600931100611		17.31937012301978
775.3907560872734		215.16042407239325
371.02821383421417		726.0170373859961
328.8520829987856		245.76775348399454
132.41088032564767		842.0910119587093
1111.3697042001181		363.75965743289987
718.6265915819802		833.7158417260888
975.8813563597281		658.4748509127174
576.6090785323622		247.86897528377068
594.8992383746831		259.0743532759411
336.53268558585626		543.4030172428796
332.7094269887749		721.8546286506986
914.9065133586962		240.77697143167563
509.684254355652		956.6672370952992
696.9617421224211		665.8384405468112
897.7958482912676		262.9053274880396
753.5887591749475		206.15764806772017
843.9389349066703		337.9479905848875
300.8993263725332		940.0736146424025
396.46809873001973		643.8210488129786
666.6440426120311		657.4873328727008
602.8302876447137		648.6333760098724
502.10492695377417		892.0681744233144
462.5184877305613		434.36297763907703
156.50309076016384		510.4094323361029
256.4959323396082		65.51040656793816
765.7829891212646		605.8794020523891
179.24601612157022		725.7095303371631
499.06782200850694		607.5381675169712
654.5535498033299		180.43121873895393
170.53773421473414		434.73706061919097
287.85498630672777		774.2989433257419
734.5424077030955		277.96688342177976
233.9661770714278		580.4235099440195
986.2468778999009		673.131689570133
341.25669733711857		954.3827991940943
879.4041387445436		466.64943999946416
614.9834932616786		488.65741700426446
254.3387446050539		987.4673117534312
320.1047762471606		583.5338062342299
109.73617329843933		560.7428802843391
313.3863958404852		681.9141676686675
595.79643510348		163.32526536082747
304.1169111203784		801.4472653360688
1565.089853045453		449.5164054702375
555.5090606777462		301.5111238335983
342.35037260254774		289.235814959183
311.8592619837119		482.4599490524507
267.15925469449934		460.3844112815137
410.0365124818638		326.55779588519715
876.2052586101775		192.05926390711016
54.738848454133574		72.04506880706532
690.719244999455		348.9614349139021
249.61782386340664		402.8768384374853
341.77000236008826		932.7913617983619
283.59941266342514		102.95393180560484
873.277294614973		449.943899783349
951.7075429782445		400.5932232682187
799.8552207972932		100.05833776118772
585.3025955009005		438.5418263876276
394.0362733807718		195.06167758553687
295.75784841665484		122.9218641300634
795.2002255181565		173.8164463666754
906.9241282616969		642.8232474062617
192.08870483590715		548.4739399395363
849.4711579101572		495.50238642866725
426.22642613846654		98.49120784087023
812.6674152791254		137.9671547860935
870.4621565741205		497.56580883669955
512.6109140959992		531.7018882179796
1517.7204525903212		935.8599886566394
309.3133459519745		906.2692284711547
398.58870611782345		230.7268972793837
601.5341691564353		992.7092020922662
278.7231307574702		684.6534291039312
844.4174550408292		696.3747119809746
673.0362952809153		592.7910381161655
858.8336363519126		775.2556344789567
861.8665145104652		323.46611813442775
220.18257623274002		190.0118548722932
857.7018490391292		620.5011978507117
672.2693080614001		654.9424581025867
269.3836594110802		516.2317219679761
829.0464610563404		685.7807163964426
588.9078035302186		829.3548517239734
620.1325979371386		639.3239923559421
647.2778655153517		594.8723830346313
287.3320161049733		207.319083147801
350.30496490807593		135.87540627232408
355.7491144415951		993.9696791855013
826.0641893897794		490.623752952928
229.65069251953423		365.4252353363139
1550.8448502810566		775.1782088006778
644.4464084678003		422.8200943683154
283.8227777326284		511.20685269248867
615.6055263041245		884.6250712679274
650.5330735208317		486.58113482365735
1592.4426308033878		924.2448830367397
230.7137075649057		503.7084106114404
356.8566082661729		489.03744922928854
589.7350619388108		739.0342508520016
94.11891195134814		223.47905171034915
257.736160248112		467.9393525018568
671.0613196330946		520.5317745959723
399.62382840775047		75.23189526545531
516.3206228546467		811.6217890844332
665.0110113448504		265.23194888145497
108.71174520817857		109.7425695825936
1121.626114381355		393.5765595150833
594.4777493814806		135.51584300621403
411.1450028551489		437.3749768386828
117.7065920279677		684.3571142008005
271.323826216935		271.9791868758667
767.3938971861767		626.9874228500487
322.233036338921		839.1915241096553
463.1552216933978		521.2819585730798
489.1445889042364		189.20589641039305
746.4874802695181		218.36381474742655
881.1019064541533		176.38887050394737
569.1978159736135		736.0279436201242
688.1007363057827		13.480915710409874
776.5156142587202		27.16100356691868
816.5930842423022		707.0100439448238
410.8953543731728		101.06533528975177
363.80507269837557		913.247082312432
664.0213190464201		304.84210766508386
890.3054969620587		464.7917563435245
293.4703977116815		472.35862020779746
569.4892816983854		576.5107338523386
34.99101350635743		568.530113949546
1041.0694446939165		963.4694472190884
1132.4054702529957		816.9222311427238
471.1012429063337		452.24435725288856
712.6317850518144		859.1136547650037
480.9707269499655		754.5854920046974
433.29298084348136		609.0055148607956
640.8382740497525		423.8577322044871
589.9053747167999		491.02240080224846
449.3333032342051		267.50183391265244
1096.8845373678641		568.1088827811685
375.9354556004435		285.34999149472935
78.80842983568857		247.3901227784309
896.1327568755347		553.1747321325485
835.9769327971617		942.6253893010013
816.5056822278302		644.6883001910049
1454.0253087530928		182.28544552194126
1452.5631715748868		470.6597092579641
399.82799982594264		535.5376727700755
513.835640297216		362.5598394000958
115.1753590310376		155.1979491675117
369.3852537605578		735.902097587363
548.144426446711		664.865196191505
602.9520029371038		837.5826702139254
1579.5852266726165		864.8777672729698
1547.7549720216002		242.74710579149286
542.6681081579787		207.63578334165464
557.0940884555777		719.9284872936313
655.974417183442		679.7408090826638
244.01951438751036		700.4480683577806
590.2220365072966		478.82976735901497
774.5338518179335		829.926138177638
581.2013198871698		622.188583352287
313.73644493406437		161.50003223812087
1048.5137219313335		464.3623421545495
399.5112080530837		778.1129628136212
284.511147146069		904.8089810498273
918.7170245871087		570.0976310416877
517.2246309196651		160.5522440800881
948.1567173936523		93.26718580845898
534.8156596506399		522.5059798837464
706.9329895469473		357.95730836650074
861.1497602563852		190.88024621917003
272.85827535602436		659.0425418113457
769.7174420256774		468.42019212871776
250.69171020570104		935.3401084971397
432.2481996931174		388.7937661830623
751.4870208422849		257.62594945306296
877.2984065690576		303.55029499404145
322.4684104992432		251.05266645987217
1363.678494759964		886.1774926013396
182.0135538498074		838.4586529769708
1251.496406031772		196.83618690980074
95.47589300680744		273.6565087685752
507.83396034393974		624.6701145282801
295.64371316720826		986.0797477523361
479.5711893648807		638.7591565167911
577.485374662691		463.0333940292812
1521.0228112773295		203.347019968918
269.4895947820066		567.7847854179506
216.7546105952959		886.2630544614382
1553.6323803271778		741.6433055034597
136.7458335703551		433.02685147281306
642.267087135382		462.8716031825678
679.2923327906713		365.1653920853764
572.8754893300518		345.2086623050709
368.9927217282709		940.8109830816381
536.9484487692223		812.9447489076833
404.0860162043426		339.056143594299
517.3417479871716		414.4188934218329
535.8719988887838		879.3205652355883
955.7471696284935		280.68771652387966
194.87713543517873		472.87814576102284
96.50608102805347		521.7254247994123
1454.0671809259134		515.244500177763
638.5656541304076		580.4175843156177
289.6712483760218		812.4100187965607
39.185227353822995		878.7944373314341
250.42078703642662		34.558412398166865
307.0336187188217		17.554487131623773
689.2888799182626		983.1259660345737
792.1016110191115		32.848162703506034
995.8543000450493		763.6846222319112
626.6161310141637		502.7768484536842
520.790781311153		721.6251602931355
358.324230958988		595.317181243123
690.8876172474509		111.13459228958646
1285.5642093529116		594.3388963463876
643.1745197143445		449.1570288200539
576.1920736603145		711.1738988237662
817.4352886303291		571.128781874489
191.4180439529049		805.0399684806025
680.0566060988772		420.6031594317632
700.5437966171039		247.21779349760934
381.37262071588464		535.8203693016213
1355.278824674519		728.0555145973742
406.40065932165953		370.9018815107242
440.209025897968		961.0853059271865
589.134951245182		737.5464794374305
1597.1484149115197		660.1175190933043
426.5368540973325		722.229823434553
211.15306405290335		918.6214839461954
1576.572299843565		536.5225357457908
548.8118566557749		550.4701263889963
648.6323794207663		931.3875314898885
551.7346867635217		529.6386054698125
346.57581896061305		394.7091341594478
1070.0726590487657		444.7117658730765
891.1262359830753		48.14233825330575
705.033820447618		215.35145650133825
188.47672576588587		435.1281636779915
155.84675565683148		56.7673807449969
800.0909058477082		489.8131257451605
722.0453162026784		614.713251302839
1015.1429571355076		971.1472737663116
647.4341502261359		504.8244256452019
57.823048503016025		353.4846542885108
425.4987659579985		706.8775821582364
512.9021085546543		434.9973537033415
464.20679055739043		316.41802011880384
1343.8898795483256		963.7060047708355
346.0039260990357		232.46279191148443
825.7874172274933		387.65505242353714
785.2814372121854		546.766035750222
1400.2784523612427		129.3453595185369
975.9573338482196		830.9515357812287
153.37417209553973		971.7716532717775
364.57962806411876		456.8569648969394
507.9399514802912		638.0364824326994
302.8152037819137		894.990852694642
45.36610757742534		757.3213775319708
497.96576934111994		542.2545027632983
669.6642450549264		426.2832521971161
889.0833468296894		390.1878382508547
682.206072174853		233.1385265179547
607.5217846086898		519.7955476611999
405.7616386554164		812.9099309732148
180.3462279341643		388.10005964494087
250.8676767815186		366.2857528108737
481.40335776756		237.95918373879488
577.7782509063312		348.1722576987654
346.39586389966536		367.05451439172094
763.908395688495		219.63214183392313
653.6374258994475		369.33383562302686
701.4415875560752		586.637892373495
1424.2225872126119		607.499729810179
122.02242625628776		716.7530841361953
251.11093198932232		452.09043723248004
108.04757199161287		246.6800055793123
470.7714080321097		149.0981853699568
524.2614914678755		591.4073430870307
387.5903014837925		474.7734461262325
430.04784619752087		420.38723951629055
553.220577555664		973.1078223264053
600.2028654459921		521.1428171130476
536.9584884856249		16.1047512370007
361.6046599784602		379.46378332777147
171.94505203439576		417.02121448073035
1056.4495312160311		811.488987213557
689.4267052732487		653.5899729723885
220.7646267461888		371.72041075962403
245.1124318245463		692.8775643629621
163.074270732974		140.74021022541052
1518.756036747806		308.70510335638915
869.2975070021882		633.4036918636552
503.74432915402764		674.703171167858
100.8030913024457		844.6804858283454
906.311096661122		503.2147146675297
63.16859631479042		56.9307668208005
379.3332346931785		770.3998417817386
303.85987165327185		132.22011954276138
789.1373779336327		232.78963435861942
775.8030862263465		315.0704145333508
300.8537067408986		259.7694999203743
492.3234910061398		649.6473103623455
298.2760435490184		533.8096437246935
773.7870725929824		277.25132450218314
489.8665414486859		405.98864950334087
356.44009980002204		306.24481291223503
1514.2383698718304		8.566169614542673
57.334422191378565		102.40460417225023
395.55943146121535		883.0669326855054
96.27509130419918		819.9335598350609
883.7091526961885		675.6469869389578
404.800014345925		462.3721968531943
899.7339207456719		846.9906661437178
79.70445193019668		921.3629027387099
559.4650908432557		345.4836863344814
1131.8441753674338		315.8602347681608
165.17734671814662		937.928095094798
598.4600995832627		667.7618579020902
956.1799674455642		552.4530102757327
855.2632904386917		527.0122141748352
45.75274688581743		721.7373487578755
93.67331647041726		654.8833872201233
750.2008062135313		626.0183445855355
742.6497795889545		45.29780190203695
404.57179258994637		589.9627320922355
729.7384752794247		706.6178573522986
1487.9840902497353		315.94414022324344
541.2803829900157		759.7246894212988
434.1586585802125		310.8640928125277
649.4962896183163		771.5527570313582
179.49660501861615		757.7449755905643
688.633073057704		717.4165918344277
443.6021164148387		168.28703426894253
315.85995746071677		218.45012392423172
371.23855024220353		900.079400845289
520.0459600786104		661.6586041999208
516.0052756913665		404.0095351241659
94.66106732259709		215.33369050521463
501.9787406920687		775.8274711599936
621.1156914167253		308.4509775422298
696.068361770535		370.34579671624465
183.37015573554277		421.9072963918773
458.3005559219087		992.3704475039727
774.5031542349737		298.00307559744954
1096.7155517525268		783.4737458064222
1571.8111176755592		320.2333947634627
477.683994696054		428.3875373186289
632.5185564530339		6.48349325883089
507.86456789124276		48.362718204074554
579.166338698634		690.4704782408521
110.246183970005		568.5296456064366
482.18707923215675		452.33963856081357
472.79380740712025		675.2808830998636
811.4996908318537		410.5815063938741
763.6790017577014		239.51534920886655
483.7414760936267		652.3789246836969
247.65836735601292		789.2465090986694
547.3166699206535		498.93100410968236
373.0401165837407		752.2803425639834
498.9565359428174		877.1154276589273
583.8317918981603		204.93327405030055
840.7287568132169		570.4769557386583
559.6383870816181		171.59456235050152
50.979013675128385		240.33582830398962
760.2470787704378		744.1439852883868
491.90990854495703		791.4340685624713
1491.0660496705432		871.544748378478
737.098252118325		585.1105092183857
857.8516670246856		481.67405976082637
702.5651185687425		978.6788318042621
807.1088785292006		155.21742508377588
753.4242888380288		343.06847044137345
903.4408951978955		696.3411789676416
932.9853355119844		501.08755201303114
342.00766505352874		639.7128719568385
443.5789292850307		823.372381530018
1357.7601840568725		16.11648707382801
500.5498117825997		278.60059231900243
298.5904187356791		755.4317028271955
193.5639577757649		890.5656268075542
347.8647082964255		156.0028201807877
494.3445446578935		995.6581367287713
601.1707296050581		664.9616597877107
667.4380204870773		458.3928558221975
118.00931889651616		592.6834925244003
1201.6490280678727		601.9952470992845
346.8654067755616		930.0508342866142
329.0924817892088		655.0688822766134
585.0562740088781		21.186268913721392
835.283569804199		255.2266589152846
413.87439179360854		492.27905591601956
390.292666285112		436.3465746220396
384.7679621202029		826.5993400836371
899.7372399024862		385.34665329119866
437.52212087660257		328.0770744278658
1005.6578321855509		309.37750452754693
717.7712379027255		538.6500680238241
628.2452171602351		326.69900169544655
307.35258018335264		618.69930114491
564.3057426343963		926.2526638596869
455.87667685127843		784.2005853806313
250.69434601503215		833.891422945519
1443.66942656541		251.32313669094341
1572.724538560129		710.745317051565
846.8225478168456		20.460769012661444
648.0684113330326		467.20986277521877
94.80157043094448		630.7530554273318
359.5977480463217		6.054866456710386
506.00519930961804		640.9374461714992
839.43854560048		999.1121525925231
841.5040088533799		657.7645122809138
539.712805344854		252.50715462225796
220.81752760036534		325.329534793617
232.80030945729771		376.1369921965539
682.1954353410522		284.15881270185037
749.6451916394743		460.4654197741014
406.2197908853877		745.6093135332338
730.8968620693471		671.1337858225737
262.8235788649429		790.9904176697298
592.8022407594589		309.47281448689944
1344.8782673444778		203.48542366101503
210.8501563951889		672.2005811087575
436.75972073535837		504.0752448755417
75.12705521584473		456.1828260637138
898.3110703755416		402.2230394502384
46.982323900795734		449.1763294528654
219.7524369371901		791.6378287489092
565.693152324711		314.1104220027262
284.9871177191236		89.13324581738595
702.3647156353662		578.8265855601009
488.19459508140636		844.7444009873141
706.9680201402317		677.2747283657329
520.7027082172866		382.1841583108651
1421.3114170703175		898.2247843068689
846.255234519118		832.6822750659578
587.5447186506892		569.5053699346873
465.8655487389258		998.1700476330568
359.364903275692		602.7813412097845
337.97947776446125		471.99403864561583
234.31235980629958		444.94678222955145
204.05995734718437		491.89309239754766
788.7887028575803		121.59768749511608
529.7333405833215		496.2074740137367
384.3167938907634		585.6618423209284
621.454126040067		90.28186294540637
1218.4237019087232		958.3652255611134
300.5203647013449		381.3878179155128
506.9335901124381		380.1796109876317
365.84378723744084		275.621379734214
283.29273878312733		638.9434363864701
511.280298973054		516.9897003942807
415.556380274456		261.33648580514705
236.5702496233112		297.5205820780965
472.66545283620655		332.0551808806763
1260.8861110226335		718.2289347415524
439.5404162174826		455.2165742041634
283.6391105037477		559.235044762409
862.878343584511		973.1174247008962
1428.8198222753767		320.58418365716784
304.1570869387232		312.73066554831445
535.8659347303727		269.41435625159306
708.0500472081059		382.95914639757757
389.0259359300699		636.9530303661983
834.0440651645567		19.782188289235535
853.625841611396		157.64473068882802
434.63194175753165		864.2145169803804
599.0056023083915		177.769991395563
404.3113335214646		88.1006152740768
115.14663217348698		525.9957624820448
440.7018486517858		649.758655158881
280.42171966095873		582.7155079003682
1403.3185913005977		338.0047381505526
765.7622675826535		365.18691329035687
860.7507437433806		722.8523096201149
718.6600480058443		421.9650948130022
324.17538620389087		465.976297917403
382.7509636122894		268.08251471573465
446.280636912463		614.879902820505
1009.8247014747828		74.64578352508585
726.7935476976421		343.87346408577935
292.3785211993366		761.2200334369904
833.4009279119039		142.5980530374444
1590.3433755368137		595.3157339538591
745.4721831953261		218.71836474198892
813.0056854582992		415.89162427898987
873.8248348546176		825.9492125707027
389.9353192681242		653.4952451332623
610.8216077086204		662.8486739766732
723.9747764488927		911.2674205266528
632.8936810060667		539.6735091892971
366.2785175120593		46.622168798295434
287.42254811310147		208.88005634343227
926.9281950190077		544.3219435030619
1039.596450877015		337.14285801995715
289.5247777981199		502.63410655815994
487.27826613271924		671.5672468681051
358.9968241289894		599.9352436988012
385.7005736293601		574.0709161458539
931.5613610849208		396.5336248858717
1023.1483539416301		867.185930282117
710.6200338622491		98.97127522114107
725.2629218223248		351.3692397800429
6.853935383558792		258.4615219004554
617.7501825509901		862.0522389241503
851.4081440327715		790.3076903913036
1012.8691539990806		901.3572346529643
495.58113331046746		350.0763579785131
627.4501657920954		489.1235027066402
349.336225134121		989.5305548508395
823.6684782470343		460.59383042255115
599.2843193715496		811.4993500197126
473.56782852702054		807.2819156429408
960.8875570818159		914.8678996660947
1195.6776021664382		908.3732275283143
3.6197428444701245		612.8063816890503
515.2939666176359		328.07480449444233
512.4967243603629		847.1765504665393
207.180329642321		516.7708793031933
800.0689840247378		27.300646170388973
743.4027512806731		425.01053941230145
831.3414606404267		415.3735979198832
958.2764200499437		746.3392515353933
640.6483675373211		208.2374442931976
830.7536906528193		286.4425865221722
200.9424927829495		276.2131036888277
925.5509938098317		489.5027662805382
898.0861819387268		421.65186388919204
779.0745943361924		954.2175588327882
611.1880037799497		461.0625713456108
173.11683770901124		532.564752973148
978.1731766365094		201.39658391737163
871.4595141346605		748.1450203947577
451.77396925504456		710.1342303000115
830.3762117092392		796.5056035107721
1480.1989309742303		781.0751003018638
410.94628857073945		201.13059124610396
376.85289810632946		286.5851337006055
682.1697400773282		538.4995661772431
454.6264299089724		458.0329503207252
457.5459743528394		358.6931611067265
693.4065902763582		646.9901821713261
505.7219808520199		391.7764852570692
465.2444040675971		742.4999376860263
362.14179642081854		186.1310655363319
491.10361149715357		615.8210350132708
319.18347904043424		301.1224840630917
113.62324824389884		428.6885705149619
854.4499464355022		554.7181820645135
545.2723617692826		796.4794547040683
437.89379241417294		400.0687416749109
360.1113643612826		271.10061969998816
767.7861755621195		45.177497672222614
679.35586174736		81.2234595306794
706.1515050145578		392.0209607847286
437.6343787771119		671.3258397098999
354.9854473972944		891.1044041604957
673.8113742169696		734.7547186551938
623.4273128879488		402.5757259475188
676.6280920107881		439.4518070431035
544.9172496638511		631.8121159098191
678.0972572853002		109.8121801046376
331.7854296605299		114.00952726385333
1192.2043458923652		394.7580046209863
187.67243699744938		776.9723652229342
341.87604375939907		774.2072592840832
9.115300071654246		166.05498985691293
564.5061125218187		233.44216524801942
215.64736214189105		611.7201327256881
640.6899972045668		324.6815150635947
410.66283773548514		550.6789153715523
1023.732279534548		544.0190672565859
277.4912544198177		264.9107794752597
343.52099540250043		628.1023370033529
651.6134390990958		704.2961802138785
414.4805322705963		367.39865747397926
69.76622973674057		981.6847988832069
286.58572567271403		498.16259577708524
1300.8901466450066		396.4721816512816
150.23738006172408		598.3722543154445
452.9253427290328		944.5499694266405
411.5986734093175		471.26968360429595
172.29655360268833		157.30835432005824
481.9763403462875		65.07422283865054
774.1114043164278		282.58958270051244
248.1322554345663		982.2553062374295
489.94083727295975		585.6553718469514
474.1484597430645		950.0105551022796
385.2254659302053		593.6749686538838
311.69013980001534		315.978631603585
494.8446535371526		172.54772670355453
272.76985223213694		834.2659160927903
786.2906357966181		773.7230491495819
1117.4669948324063		242.50383925401235
582.9491923961341		954.7615966283663
687.4238905429763		247.00454924970057
1354.8678359488958		749.7922314990909
849.8277748606786		611.0734741800118
981.0460326385905		677.6467441539331
372.66797634457197		463.1794298550427
250.61964534691538		110.06455708414211
781.3906193931637		607.3775996680322
781.5307207166281		59.10645913637313
489.6879638384187		681.9630905408449
409.6940625837565		165.3534124275672
289.03582484887716		849.8305330044668
521.5729167020368		577.515243842329
806.7904912291497		300.087381468019
1569.5891426732		14.44319546565066
392.34090108420446		204.867029726088
341.67765123250655		706.9479546352206
378.8337262005539		506.0602014185995
36.70489060835354		333.52048568074395
694.409163468675		490.8117019455711
151.78411600664106		501.75887118317365
524.1856508759256		450.15269034855027
278.8715978414672		691.146431273214
48.08015888959005		651.8002774576648
1524.2186247927343		369.3485058064325
483.8511704346251		237.71144331947613
814.7988194022356		852.8226265245808
966.6222820673304		391.03742701430997
885.617653215488		119.2380499494547
712.3290846621842		433.71923216834256
211.94966087524313		270.6392453545851
730.5976816403236		903.7652318479488
865.6662709554289		108.07756896511728
629.448246844873		546.3835022424952
438.8626334159642		443.87514335927546
336.001034786508		680.787233596133
709.2261034976144		558.9982128628807
227.63743903538443		306.95493707255315
666.0046204269051		308.2169867331638
908.315506150017		157.2003795068028
440.5373278259474		229.49855246334675
1151.5529926589977		571.5399990215965
1217.0019295945403		462.6229832098813
268.3219289586039		391.95067770797766
520.8651534969047		559.110694146519
701.8549981128485		709.3662027916894
742.5743467656671		527.1953302203732
1329.0826675331627		786.6314316002387
586.1424802379231		763.8140757427872
1069.139560258463		633.5918766027453
399.84055377612475		977.9647404898369
161.13666088067203		298.9394022026179
718.325212179713		537.0542922593136
670.5685182603502		731.8100779059102
263.7394772576272		30.21791209133238
618.6271114717902		757.3485720342886
462.67185894855083		791.3238732944678
980.203362668742		256.16374429988815
760.2389783241395		343.9444812812108
227.4132718518639		934.5008517252354
811.6438121432541		172.9664684580306
501.23661940162896		70.62178811300896
511.8500339788267		108.54466244732066
1252.1973503342665		496.82742912528806
469.23483731997635		898.5914973737583
252.76055084128888		732.9810075080031
613.1628818085363		336.1071616157456
1599.2343529650823		320.222146233833
769.1174453838546		285.12197955980184
501.6455882875877		29.251158630312148
676.6678586471355		863.3409758338391
453.01830801839145		336.42150263187415
445.37903483015697		798.0329006709883
49.53941910435145		957.0319762944584
366.7476839868488		835.3408090255778
217.233789723605		90.28162446595866
524.7717288544546		382.38258056896746
668.5223896745762		168.95388870215004
692.7693421033716		244.33543040317772
763.569032818519		25.19752128769261
492.972280279273		610.7059855691233
591.8314038168567		634.3034348561055
1534.24823948098		429.42211771761765
526.804753883949		371.8723532807706
503.6465276154033		977.6693474938651
535.7010815570173		449.0583514882881
418.4491056106027		890.9428877877017
57.27132590506341		964.204300161335
283.5771438347898		548.2618521831951
107.18941352155247		603.2292509718701
562.4295233395252		245.6225767534654
402.30105496463295		904.5906813351917
645.1548710437596		287.53794367483647
984.0967708027911		916.4076374971393
410.37501672971007		613.2783043576499
891.2024045847909		496.34422259956995
795.1002810330408		920.5127336444156
406.16331467316684		193.79217573082127
759.8865939756683		376.51926858610886
436.78612538080785		220.97745720129558
591.5069801683082		491.61895023187316
448.58278196625054		544.586093125695
799.364222414548		178.72382368806996
790.2428877403427		218.4645883598683
592.4383256788748		377.59319474046663
824.2215186632095		690.1852550471735
1056.6061280042127		716.6825324886101
133.98850306837966		555.7173407580924
808.3385658622756		437.00859796624985
349.6572170124612		345.22011870962797
118.54157221277848		361.6679524918999
269.66126175945		227.7525229314394
220.2696809415694		188.0703937174448
295.0526866974403		523.5598579363515
666.0538837304767		791.6608258043259
273.68855322286885		896.8652417290765
529.7747198503405		586.4071437503236
481.1939719482499		407.0649365039718
617.5071597748095		244.07408113955054
661.7880136370627		249.49977067348073
413.15241165752025		994.0214513631995
179.50822288023284		402.785110859684
923.0965901552373		514.7100364580824
513.9487020682707		253.08217938909618
145.81170819492957		434.3624658172615
697.620416833179		891.632600265812
330.7810344009039		59.696710506777094
237.95570679045449		535.2551664215528
631.0963551397347		335.62501758376345
269.23948911204195		503.231578666564
485.68477017538993		386.70441039274704
1031.7807545289988		849.7558116651495
380.80517122156004		779.1893155248306
1374.5167719054994		909.0240404895499
622.7901048564388		270.7792088685798
422.6196081136314		25.84661889126255
670.0388132610922		547.5655876499745
435.5079447970207		22.77290328380508
1107.5539129689328		886.4042092890711
165.2885249576321		310.4768261171118
359.57397737165456		411.97749622150553
1491.8677993904614		618.0721772939851
427.909645394534		642.3258973969814
410.6801081702922		74.85737884514162
161.1656812478705		142.62253809518734
876.7924023103728		650.4298939371646
177.99717732704278		252.607803845361
619.2161741998746		149.6563707731932
314.78872696339965		410.66125473294
813.6146555840096		822.7880201925213
603.2904655187449		606.9587497986674
571.4621349013958		846.6760984198402
836.0383142614082		112.99234907856817
344.7618036576498		523.1541005825595
995.5195501635136		667.5190593480629
879.1516359676546		678.6364366323323
1259.2031395312872		584.3172250133215
323.49489366109196		203.51126055290734
773.9992839916356		546.8283955432979
231.9524515057591		516.3031975797911
117.11506570984182		729.4562139888067
697.5306563556895		974.7076331340422
165.7170198821405		799.3457013258068
657.6448093305645		758.8076736779853
361.645583415764		312.50925157345966
427.4843624647192		712.0268457447918
686.7129721554045		27.58078249528353
502.8514749156309		302.9573216905762
560.8575306099549		421.7808243568777
453.547924289643		868.230703428929
395.16633521742244		78.75054684973747
530.4731590739906		769.7099635160196
179.5604057089384		324.1481728446052
799.6961040188952		477.0166415565301
443.49273561848645		607.9602504056902
499.9835609501459		751.2202936913486
711.4766071140518		542.8474759737531
369.56563701388666		333.9734459790237
216.60058504711833		767.2655012174187
388.27915210274074		761.2374120603721
411.7459832810839		997.1163386525038
495.1781015081342		790.6825840438518
729.2031138542212		133.52214666721517
754.579953169546		335.4604160369316
364.5172254239228		705.1242428616815
624.030930541525		577.6148795935877
460.3585541777639		947.4548809617814
394.3792571031669		402.6734508915779
611.0281221518768		198.36519038517554
920.8056139912442		835.8277823145534
806.2701317637503		545.9141336757483
431.54449390559444		426.69827781798375
789.2408786963495		646.6894447406486
568.5337407649848		117.87820581658718
1233.4906358980775		419.6101706450428
302.83033051892016		991.4844831948589
603.4103411181698		282.1811727261148
424.1496004805989		994.2387664041494
539.6031285858808		582.7384127079906
941.2458305331138		990.1553492855141
396.3269702461063		857.5290814907639
342.84503317010433		476.07213306333347
374.28926744285536		925.389198264721
620.7652364889946		15.977927594886125
675.2888305333913		15.871324546973199
431.20406075694615		496.1299838939382
1527.5116467524422		990.5100919431105
743.0828838484036		83.62796529343746
946.9035451605607		854.4404684154438
179.00561702186673		659.6159036329292
621.2873104075453		526.1386975220676
424.3549785447966		857.2810519247817
424.88244895149467		904.981123686108
444.48140937630563		456.85579318240354
1024.2195818300283		344.5078562364673
1486.5631469220755		550.7111069627402
406.0055563224808		525.808469598056
531.8828723438256		806.5349204458089
207.39988952101953		185.07685640547385
1115.7863550155096		397.6443547148799
460.716244796901		213.95091045125292
625.4600905937707		203.91668329042386
529.2416446972876		613.4420997769105
318.24538152653895		162.03483076652185
139.08333238141546		130.27220319176377
613.0836773923013		196.61180943839372
344.7585284546671		448.1021028311531
285.71956389173056		91.79021125640276
700.4705957704485		591.61058182028
1489.8664319409054		703.1069842307497
430.4417159945772		788.1480180567814
321.7527143796295		206.01509975559196
1582.0544488740395		575.7779353119386
894.2773406765309		410.4896191669391
229.60395149873938		502.1637414762191
1027.63860137548		241.32452416501133
1464.6034573353372		421.0891555292744
577.7984754366919		4.2479869856055075
370.7545118593763		983.5195819698329
1273.1947851162167		252.5946820330584
588.984802251485		732.8642844150372
871.0084973676072		60.398393082659936
341.50834082140466		233.0594107217247
1595.2751976130874		732.1352485898473
322.83933167085297		277.1522884569779
1336.1813685701075		154.3217268040966
791.2459237315757		380.84971788841796
491.1065597212396		858.5190279620325
545.8309385829011		361.5363657356686
579.233512439043		377.3652135041885
733.4116708263734		849.6335888929534
512.088071844649		394.43709909786463
230.88384224345458		291.58042365770496
757.2063930149181		496.9604915227385
917.9846678298951		373.93386734081605
655.8380997901096		790.7516404016706
394.61988226973534		441.2009234194246
271.477568578513		209.74086208317397
182.71892232393498		646.3131289031637
425.8707213487329		755.785138865845
407.9772782477264		188.47741490249922
741.3856454307677		976.057963918598
902.4782970379678		298.17813411954114
89.0826229952579		185.62829742352898
532.1679242554499		912.9734902518105
313.8919447297535		626.6704590733957
291.1524015013488		724.1404048540356
1599.6754888009477		412.5684037689735
747.3832223068471		613.7131548417276
426.41958879763604		380.70370193991425
741.7060426724805		46.406448872177066
749.1511723209746		359.5225524152488
184.59161264126425		682.2519338917228
717.1773614406077		192.07956814444475
496.4161789087965		542.8710517929495
634.4239774885533		810.3453702084015
338.87217801921474		631.0355224090273
247.9138205045016		781.2980003609484
915.8285390571295		333.6253463791554
316.4940756738669		389.13704517553845
693.1526775836915		680.1145389875479
366.4148276269202		260.8659945661283
490.3793943883926		933.6096573686347
502.953014910063		158.6998173946671
1226.5295135670433		500.1250418485098
758.9357616260022		350.31669679327865
1065.7239435565998		590.5390753235049
221.21693063531382		623.9289167158937
393.7442860581011		43.29249388573595
788.6226239795033		185.0165968136937
683.948246110761		216.42507424578866
526.5458142538719		570.7754809098026
454.2185177540618		585.7558613974371
623.465660281027		709.4145495618545
92.48172247486531		330.61151331349885
385.9422679114533		568.1480211637847
1461.1984352556929		307.3902980579546
265.7691683578272		536.8050943202189
214.28064693434948		631.2769497786842
711.1054821662032		706.0646145050916
921.2083631193017		179.45878931779333
476.52409033739235		549.9856240619683
183.44846455653897		130.7191173098846
288.6023847343796		766.4489878746032
7.360398653487323		668.5792681196676
630.9673740560105		491.63327223903235
616.5448486191101		289.0316251867241
304.7882748348012		606.9644068740537
843.0445232986301		525.1390328956446
214.62821171598586		409.21068536432927
521.3141505022797		24.136145347170384
456.79386295135487		373.0080613153021
395.50722153814223		563.4366965060711
536.785764040768		123.9025891382401
224.16495387882424		728.0115167609363
422.3998945874183		953.1424178059956
127.9864069240096		405.9502619587764
276.1682230325249		471.41762098794885
210.23924349766799		610.7272550559995
764.7678118446406		497.4101631165785
376.31642093079097		645.4646398599226
832.9946929004675		423.06393945823123
334.28723690340547		321.9955198344992
187.5219264537912		663.8005173729991
470.66605832654034		786.9193998731723
285.7811154195099		847.7648066546475
641.893106795026		516.3019397969308
1368.7648562861173		650.5720382873751
700.176434531627		166.71184978182862
675.3123437211336		319.8224441453688
446.2708238396263		455.0389034068633
638.674939555437		998.8978989610614
164.49824112095718		974.791938524314
1142.4849218915942		468.3107544648285
868.2680693882965		706.4317009523227
888.2719927695537		474.37074980980094
692.2697291160387		324.79465914078355
425.72071175266774		16.100221917619194
387.38655458250724		636.0783492292619
582.1073548676233		366.4364423874524
248.73226207662304		706.8713556268257
699.4203063022396		635.8409078505463
1576.8678191139293		841.3820478661153
646.2350855045004		365.5008673166724
506.9111562371212		432.984678155428
490.3379686134466		296.75769522160596
455.04077610050103		12.652715776712682
339.0033400918361		730.3119245991344
382.422307327305		514.7965723240641
655.618644625701		63.02755030695681
1470.5783099403388		26.131170194699052
1117.1969729783577		778.8754611292469
715.5699719284646		285.5846335562022
924.7730618477998		215.66301789367185
364.87462896535385		393.3207518644549
490.17828227248157		258.26823051764325
1458.1682430639214		220.79389665541896
189.6381899314963		203.31159489464983
379.6557890481603		455.83488563443905
423.9308248429643		40.196288898996045
823.9969559580325		578.5374301503655
684.1367055253174		73.50411547485879
470.96732314835174		452.3531872545382
1569.7083021711185		386.54956548657043
439.79169881288533		804.0398946484663
814.3446968687344		412.08562735570945
224.34565967772153		798.6292250501581
1523.5641459559506		368.5171574153742
397.285848038174		483.4419953685211
805.8973928980373		216.94753167451825
310.35582797291335		913.3311131444752
796.2492152419095		672.3347359015322
883.9382409203876		495.89773411021014
205.83600998542977		466.4226532020723
284.8302553847891		821.2393548947375
590.8389846208861		629.7891870063513
508.8958018289812		93.54845373697395
1398.9465747063948		398.7247913439276
1387.399239624621		792.1164490589133
868.6818970776078		141.51659210059324
669.5594257185464		759.7713698626214
319.0198469253927		334.2247854430777
380.46856470392663		930.6130252196986
839.4202134754836		735.8363044564085
297.5307341925045		520.8448503952875
114.4986029004611		662.6600807366798
572.542560394441		130.7809402065467
615.3661234404942		916.1686650628264
402.7661307652952		446.3534422288747
540.5199501494244		25.864549787866338
66.09720226625086		869.64973943555
473.1677394114408		756.5156346391493
906.558392906297		479.38836292689587
608.6377008027155		288.9145521902873
642.5331802643848		250.90762668853594
1516.7582223144163		666.6554455423332
743.1375521662288		290.1997306447772
874.957336522526		752.0734890020814
699.2714251248705		379.3771402889639
186.88244601128486		412.69899948693507
214.0233698194595		447.23718688769
606.6087971919527		354.32364981857353
183.9760891932586		464.2106839614133
569.7850253646303		806.984488016172
322.770762066119		751.6702568275794
1.572092089628029		196.20025878052525
660.4418886778573		953.1034821665617
868.8477761625496		346.72405064704384
432.59126100310294		250.70548460922504
361.54917796398865		354.408491170384
206.43754088753292		116.56304539600842
1276.496484800922		459.09775400125346
840.4411442404444		744.390196271854
703.898577692737		295.28423235314085
673.9309960832909		171.33945201773668
1433.3065339810676		565.922764278575
73.52327861328314		135.0181947847871
904.7848352707394		59.170227599182795
528.7543438299658		740.6371718935347
289.3624490270287		906.2712869499942
1163.6697395911315		408.82633788667204
536.4024804775257		42.834644582399164
784.7897024640802		712.1332440098367
797.3571972284949		764.0618520188218
61.020337946769246		66.57203041325602
840.2543386895918		242.82897602795458
603.6867611306167		974.2783649697604
416.788382079574		273.79875021251877
97.95393301291853		600.4887422278383
452.35187144232657		777.7097182344191
618.5452475386404		342.90090550355046
939.4416711632441		770.3160000722103
1428.9364139725303		802.1814962463169
454.00328528511		428.6493186334631
685.0086518232844		271.6933352834492
882.5468973746008		531.914278416667
108.80036110160495		416.3252318970576
477.2817383176563		323.7906052657984
785.7705000430996		100.65864943504732
248.8791791297305		362.0488558656559
275.3276281254631		468.2048505745437
1144.2079648616404		106.37618413568981
1534.0333307697388		268.446437331746
775.4982872773667		610.653724478611
651.6636580640915		354.4481212939936
264.012543457658		223.3405328376981
528.3947809113521		280.6332097176878
24.60717938091676		723.0890932104521
708.6869363221289		702.5696495700196
850.2495777496194		575.478864676866
73.66638813758749		477.909906757164
527.0624005458995		966.3138157619169
925.9056810855983		671.8325365922663
1038.0425966192745		286.54075752290964
389.54105775560987		250.33585402485411
644.0250821599775		912.0696788951585
1368.2910887146227		540.9878513101114
503.3722697551305		166.7430895612266
972.9776823541026		869.633593304972
1106.42128977853		444.5341545847723
544.6849213514589		769.5742091657411
642.8905383976299		478.1121652528552
677.6066272435061		668.366601218477
345.61653225899204		125.02187923260624
391.99282966036833		145.11339643162137
921.3178223887751		310.4224010050062
920.3194531762942		964.1491835761345
62.814318044083336		607.3585811072825
696.7921066336719		480.32492241573976
997.0069204379454		414.21911487457
523.2793131760128		344.4836670000772
344.3598622738243		80.96965757535463
587.1390006445708		153.2515407691169
355.2463565893392		500.34962260188456
653.2084360616436		821.2594131861932
1082.8619630184994		619.2125720681535
60.91225616759726		291.5130296942956
419.877595232721		742.258000388106
884.6821633441771		605.417672001298
770.2534009519		426.88038702626625
799.3255685766035		986.0863165893103
532.7416928425623		10.43209726282771
613.645888942041		941.5214491948336
511.0760165050974		300.421147359967
397.70537625256713		668.8519484343461
1066.005023937415		624.4267491693133
502.408173046691		105.40465714167237
645.6048478375781		283.6613579653541
483.10000965195354		951.6563117568253
557.2656949981064		379.84263172691476
1517.9979215528165		883.747226879503
554.4681416328649		85.96624846418752
253.0810228461826		500.7943031360619
83.41531172275165		615.9204558283653
1275.0428900860538		502.9993022820302
113.14407149814025		350.5841592575507
979.1380714740295		532.8509968237291
767.3572282881431		357.3748955608495
789.8542289111947		9.959960745197407
566.1846181453157		231.99505358868947
810.6390898691625		519.5834064243178
201.90694084869722		391.5038807895632
54.70013345876487		834.6093402903138
218.81901194484084		704.5055889499993
702.0003596678073		430.89103279057747
1212.23656676884		527.0873206027383
256.4712449303405		30.640109803063865
422.4846918058554		304.11271039144674
497.5250293825396		958.5879587053823
623.0166780811643		557.5491632001612
371.2232686876856		584.6332763562202
110.24827582051893		490.22098892494114
657.8545569627039		570.5316844124266
361.62207434556115		297.5796284909816
699.5804574994846		911.781689779596
608.9216928638482		929.5128379709823
252.44105673535717		280.374825662646
277.9602266196389		682.6613986670112
598.5065440746781		543.2781944879835
152.5561454535396		290.4972170500846
331.8605566693888		520.4646152961853
490.69647904700446		595.3452767329558
221.9946298469036		799.2283990951263
524.9215439970155		909.1109791270035
745.7055354290322		215.181484072189
1089.8689029150132		22.821132323151005
376.41308518304396		677.9510870577287
832.4615663988737		530.6586331891976
438.52558207575277		143.41365241016183
427.60244919307024		215.00745430987632
962.8932183502573		485.6751052760725
885.0978763566931		458.1004020119595
674.8818608022821		443.2473206695148
445.05553182511784		713.6264372124178
1388.100799031064		941.4534739760038
1070.054893663843		971.6364293331452
521.068271104879		563.3316951639531
396.9364492830936		383.5673467251115
860.0195038495377		581.070378272556
179.53816487385438		325.84965115343186
539.4412004694984		927.6820518216663
1095.3581904383918		632.5956824644563
499.1797079266837		148.50601212126537
316.77580992228627		475.65823369522474
325.49664982005913		393.9081248748908
503.6610839329674		599.6610699842955
213.4010339105833		500.6480210807176
181.10628044638395		915.9471598817942
649.0265783569433		979.2191630610021
103.36640742256873		366.6251981503452
504.0543135375318		709.3189764978387
373.9443050003857		532.0424136724716
209.33567291479284		159.89738833405124
325.8104810280953		326.19970474535273
180.72819690276435		587.1609101458423
399.2576556676633		889.5446914080749
730.7043817597373		566.7664859341604
487.03981462974764		310.301074705991
111.4061772236712		538.559795201433
1552.2880913118802		228.48280830180641
263.97078168864743		731.3031633710589
884.5585546688584		958.3147147107759
747.7457699356689		647.8070513786594
520.2432336583155		358.211729505877
780.0999041808263		755.4883088895291
690.9926454854307		220.00565551637555
948.5038855236132		832.1685543045187
815.0810934210897		382.9769431761295
261.6764235106234		552.9251321300699
455.0869183028513		650.6389642828863
674.3942415650239		622.3516662397021
379.50520449511964		661.4763952953792
438.12224206159067		372.64550372344445
911.8110032817435		971.6836473803686
320.7713831178614		515.425419266835
201.29739781161027		69.96049254906893
421.3303407800803		429.5717804024715
67.48067392798953		335.9887730932967
1594.2139847163467		491.0292336622702
477.44482956918245		317.8766205966506
103.02026947319979		277.60114140770804
381.48051515145636		654.1377944361138
244.7915964292077		829.2914494836735
621.6962706153001		45.41851181354377
563.5596154042935		75.85190043621515
616.7576582666401		774.3509240972314
471.13205238544566		162.26323596729037
695.8669928287463		919.2384762425139
1403.875296728823		168.1299255477532
1095.9086499069444		952.964487793295
466.18022372159356		807.268508120361
1320.4891282410133		414.3531929430025
449.6603652324433		860.6990212707018
732.4492658967476		546.9549047864482
660.8445517529528		771.7257457523842
439.6184819256282		699.406021185931
251.16044570872785		679.9365257565898
1125.15666231227		74.40900687372289
785.0836369961648		407.4327338538508
315.89505296401524		588.1006047662758
772.7104139963689		954.1465655671975
364.25162679091375		632.6717601261236
887.1940920632032		72.87152867592818
553.8799870640123		882.6205488395763
976.5909069680837		81.57559366731175
846.5979115855711		503.1917268329871
399.8681429780487		405.3314711682076
173.19240993809558		463.5937219936693
889.4336962065634		378.32083947146464
485.19584285046597		277.9738702133188
296.2430002641964		474.0464437247522
1588.4804034705303		755.663376597088
309.8008550818784		832.1106884035501
1168.6342745415327		696.0985090740564
783.8739801567327		996.3150815906982
129.1385811988681		320.34223868243527
208.5787454506239		830.5087788176938
726.2866804499704		149.5696336334371
345.5760782511031		310.37762549412616
489.65627497202104		761.2716905144082
467.5204411757588		458.9578427668803
29.48130733510311		630.2800163629295
669.8598895244603		694.9702505388983
975.4218214922118		210.034151143138
1055.8492741700634		404.9663358066818
545.6206587483406		954.2742339204216
664.088353690517		105.99868937007477
425.6440780757991		673.3213425025542
797.2944802091911		241.14374266157483
311.8816134506926		796.704118687458
62.41360542586523		425.5224652037484
136.8276328195126		917.6872945974823
690.0787487636467		546.7848818528856
764.8033938072361		410.24935965054124
869.483961510495		654.1156721070514
919.5185867606288		266.62085622624477
493.7115082922725		206.28269196831025
479.94288974954094		474.87365022523556
923.6786868879665		809.1847912218184
857.7967245312016		778.0466807915614
677.912098337946		403.5499339764109
738.3092940806266		212.7292855022718
573.964801136462		318.9346853962654
855.1628593120429		617.2762150932149
633.8911225219152		772.5578677946744
506.4659434267792		993.0932221468231
1395.7003544364306		745.3720884705017
49.9029153332437		456.00567736081
688.8161125115658		405.49123406390515
470.408459667995		282.6316144817039
170.97715423837684		506.75322182381245
429.0403965545776		301.3194445565189
970.9608024286974		259.5321046945314
142.3426960860914		764.3676619272503
51.13573727054728		205.26009814843576
305.48879462547075		228.13931114316262
712.3080544956396		629.1982678834165
348.5692300609174		512.6572132649142
622.7498058803156		478.61304844060106
580.4189086533519		66.46001987043957
423.7343016445652		92.17933935138814
571.6902476118229		382.12808758738197
623.1078823361156		396.8632603987561
741.8540477751442		76.78611343485477
225.0894125059475		674.8396726544592
435.8256411250538		460.1648597121507
813.9184634454964		268.73008756646254
331.9090614953627		93.61150823687194
641.4734232951771		657.8726386703956
644.9710479816584		586.8602384865391
701.1151734094351		814.7928003289668
983.3132335663381		484.48707914524437
1198.284312068733		276.642331871394
245.05502371653876		723.4510830850622
288.16422348841115		617.9185947147233
834.6978380670597		97.6081749992124
279.0673488079147		182.0603053638963
461.8228970641575		250.72154763236784
6.24457488621124		828.9318628465992
545.851725662753		354.6793010938877
491.352909739286		353.8824305266961
244.8281294063852		933.5175609380126
376.41183653228967		635.5415698004786
582.9812553855731		293.66390103703816
294.9159425722696		588.4503833142946
943.8128457731236		169.859253155813
963.5701299675329		704.4060082847373
548.069291597448		783.4096308400535
761.6707543241064		446.4115555606352
466.0982184901161		306.55616750302306
114.37780428041884		251.9446404104785
330.9865906676572		598.9195161257401
164.39333443684762		786.1147148160859
841.6562627769888		98.66858729605292
363.0213554202826		963.340684631688
525.6870735212143		688.8129963939732
629.2699382159263		852.7296306055129
1381.4296884366754		376.2859360012027
757.0326054083512		548.3279495497285
660.1588129349079		625.2669082690074
724.5706964273577		110.91700831853342
1554.9972287093653		857.5731300030155
88.02696729643333		937.634382663208
1208.449710357384		826.7847348526167
1443.760605720828		451.9426908487171
361.1019239512773		410.81099811244354
680.2562511654722		759.8850061759215
170.75102623965188		726.9687145991743
556.6201160822679		492.23604926386224
415.94172358497497		551.0266537147415
13.9786699349728		570.4395671883847
163.62892434190468		226.96729375382512
152.94252876702365		921.7114081044589
632.6598147834154		690.1398553424666
489.3593769062949		680.6153327753927
467.1543172629551		430.8737755435303
430.64599560738577		407.1359457483989
282.86276721082163		661.3741751227632
1059.3680116498886		202.66752071020926
1055.2867934352862		704.8712773190765
757.0312257520559		645.2249822217104
457.7046770337463		824.6645950069029
666.869918039971		839.8528150220127
434.7955441899998		407.5414946216865
388.9553579683178		598.1526986575393
384.0122452987557		422.32280368455673
450.19922688185613		742.6712809716846
803.4031249879354		110.58872229520483
13.611659536811771		229.58844931114362
271.7381774164252		770.6337809184602
554.2056090896934		187.81123159075673
506.8271904710441		563.269725920027
314.37330839833686		288.0121502662259
458.84118455501033		687.4389023677311
550.1972355155076		914.0576766440961
442.254840579634		722.6658917848818
530.2100027929638		653.473296533228
988.596562321377		386.60117787469443
1033.0793460034301		685.7703139314151
719.333217537295		802.9304559626955
671.2345756417441		360.907666734073
708.3147921993432		490.64419774528056
140.4000866731791		305.00444507702423
99.43048962596811		745.5195836274534
540.0266287738107		586.8815010373416
504.84128102713356		786.338202883667
280.2498584400364		599.1037088801696
1135.8866614334702		472.47728213747666
1052.964548004928		449.16180727409846
278.4329946327724		318.34819662714483
191.02329394113042		742.1993149857102
303.4984571937232		750.1241206449799
487.87535494996143		283.5608385076231
461.3067700340492		761.9230528068954
816.4512513002894		187.6856292552078
657.0941053399646		88.51720494728329
1416.4445137812736		412.5660707235828
396.9927306584328		70.22175471692088
1541.1649336663527		433.42361790515344
328.2791650223546		198.03536359522326
258.3029946119942		482.09144086117027
1090.8602914738897		671.6191043778247
684.5093109307068		314.2548776385303
839.9368883550655		875.9705045504489
343.4880726505645		889.7503160326694
497.5651979423289		692.0131664588109
730.3208833968631		554.8969452314993
527.6005044432181		624.1624659663352
966.3911905577877		894.8376535929721
1131.714464573003		940.6098598991716
801.3250485538338		6.149149216240858
741.8034570586648		20.093588577792275
457.4790943299579		683.8863135407589
740.0579264698292		571.1825888990548
922.4350381835566		277.7320010303179
907.8136907544567		649.8525421397073
211.82419314959446		813.6668476870807
575.6539173797964		701.2731172765677
869.9167816077608		777.8589910624623
535.5121289591177		750.5297797693288
610.3498881346878		670.1514749973668
391.83121294019804		697.5317114355552
784.8580270490404		501.0247409241829
1593.721120027676		574.1296186689699
830.1930686804801		452.7695150872005
679.1424380336305		910.3028018880984
906.3102459753416		531.7742782390546
767.894838587277		521.0517052331553
300.7892231014103		246.24849026455541
433.53480515847593		468.68564853827843
897.5914230808775		854.4226571573413
633.5722782115097		915.5189217622801
270.3049371446292		751.2317948133917
640.616291004416		455.04847012604284
216.12022142480953		712.7533313854516
1004.1840066355917		78.29404829890996
1081.7015574401082		480.81328595392205
1036.7227267970402		45.24898704129782
254.28869612852063		358.62796617945014
549.1992702755563		284.0511905766567
756.7237148710798		14.470128157668796
249.68252537410757		447.74411530076446
156.2755808164177		526.4111155257749
710.6382450534629		511.4089591932735
487.44486566341743		610.1506544224821
486.8517786704596		195.6356002602218
768.4926254588713		59.920856906210076
911.4710202471846		415.8984240127861
736.9916452432185		517.0025211958921
460.73726014942247		479.3451479387101
773.756560887167		221.41672406646455
577.8604477973682		714.1779891853564
385.40635335880785		579.7229767899572
1439.5584404800093		555.6890814281837
461.9828612351028		688.5618252782912
628.5830416325567		149.38860945316088
1059.9876574045084		434.3873035884393
911.2264608254434		596.4381770460527
937.8896397920371		186.87823635308422
430.07950669829114		271.7874194642738
182.63040635099082		507.43549787167626
1479.6906591713064		6.785341975816664
514.7504132333158		721.1854845167182
229.5080701102856		629.0890744675125
1541.2837413942113		649.2378533667102
417.17316261574945		310.40044409249015
1220.419423614635		646.4876389114311
1586.3390927943856		328.5932706483396
634.8638560149107		739.4770473684139
634.4261567589086		404.81374386534026
220.69247993743522		481.1991376915987
526.5425683452002		51.501693537909546
124.23633891929813		960.9723083329853
771.5088730944061		350.2253465929912
445.38142692607613		696.5209042333615
120.17455238986543		980.4945206102243
505.3380328154756		886.5011041851916
1155.5162524513162		313.97770691827236
650.5874880298802		697.5838754148247
381.095836518193		739.6140907204298
799.8714903638245		779.8625676003295
112.135318250978		401.0248949011266
599.3914340692629		409.66436918738145
175.74831092251753		404.51823894738334
782.096090004185		577.8875635823539
553.0896607182854		285.9997449584456
664.6709714892564		713.3005245018812
690.6302538986741		372.9815488788153
29.57146524224447		595.6002725210053
738.2565866661937		127.29154286423181
389.850728104517		580.116588293407
202.2956467245711		204.69775750551702
501.19423341241253		93.78414884398171
196.222878770968		283.41228457285723
903.5410407399227		574.2840345047922
114.56739726804517		773.0156393493041
424.15886409157207		28.015102370368822
695.3717188444703		136.98645801563487
1016.4248581236916		796.2584442390482
126.10273936654556		402.94637670516846
471.3341944403878		437.4007547649209
809.3229402158227		528.6801089899138
272.28133398413786		96.61496728530756
1006.4084870926271		102.17858040983117
397.5525061274442		54.646991807232894
339.6002942395349		329.716988172177
162.72516969462004		287.2883207357055
