715.1507589945106		371.11707610401095
187.022990576466		308.3689182265315
703.3290023149373		524.8256586279954
541.9806223174328		745.7313705518059
187.9278685896686		343.6158457475263
702.4339850173419		527.0187977319413
434.78397873416577		460.2850028095861
150.18811210580463		385.8620391622732
796.1928452627856		758.1599239162545
943.6130152875369		434.7027542720447
366.6027133650816		711.2672378787024
565.2285521370567		529.7328708631045
656.8706368062411		715.8402658557965
803.9428765341513		715.9234127632354
435.69659394161914		940.4856699361778
556.6518585878154		690.1815655368617
125.601647460668		624.6306701490837
560.3424941665564		66.77819131106412
1432.7532789229385		189.86069526350775
134.788207778031		431.5543212798676
1556.7503851680115		953.0612386596752
654.7932760103947		552.2235169505936
598.4950270259003		26.906996075778693
486.5434057527912		542.0999175327493
23.071195042832983		243.31793148417262
400.2677197110478		219.38833544332914
995.2407240691086		438.76895687550035
385.66618044978406		880.7218837687383
561.787905539001		518.8955301797864
771.8526067377862		622.3755509765319
345.2644919117306		543.050699361861
251.6775383919062		533.2891306858777
361.7635913134103		421.04338619891877
340.38521443407046		838.0735128588246
531.9696798212553		307.84609982898905
931.9509787898805		345.4699315464976
774.942276888283		233.6777834490132
247.12333582382365		98.42048763495654
752.7816847352426		323.939979840791
478.0631355508301		487.50570432436297
1027.012023930167		303.3956155429095
707.4975746411412		385.91611539948997
809.4572276632787		385.8369151449971
478.74687656670375		504.9009421221593
454.76935074432913		747.2727464430294
511.5781019596598		728.025363287972
765.3860778566108		729.9163128927951
262.6352914009296		866.9143205371786
573.7446440443416		791.6906892615705
662.756212410291		202.15082947624035
1522.898045222203		338.7683195633067
327.95338327291273		472.44307824728617
402.97901650877503		331.37716498627
594.9723978752345		609.9407148672864
1385.3366298565625		872.054345018052
718.2782631968179		144.90724039451095
568.5528656833015		607.4549061269755
555.7135294846731		86.89758906306537
252.27758276940358		574.1079143507956
905.9417461273376		846.8717711228649
350.3043649066914		359.13184331772356
62.95385507381303		410.26944675629
407.53983431512114		473.16529881061797
329.57204057821815		484.61166712844334
602.6012601989268		204.0058786862686
1490.6841816330138		489.87548179188553
784.4725896526388		38.62850027863601
793.7305870395078		317.7832291329014
507.1260187676976		856.8936425454987
262.26929817845246		323.5638479381746
440.950904243175		261.795669369901
251.09336798222165		606.212500001496
689.6875362577903		795.9501841164849
104.41219913024963		932.3379552807492
447.0730761489612		927.5082233195135
924.201285765117		48.29948700711526
873.0522397016207		799.6189597815933
648.4509011816554		439.6648928293677
273.1713515954438		350.64166740666894
464.72273741594256		656.9577301633933
496.2999322158871		495.9660445085497
1518.1424843831		215.5642421171848
784.580864051167		631.366886942649
761.2861912921151		800.3223552345298
1484.0620945850603		629.4893424460931
479.08155119528953		507.6608488119767
592.1907323051703		128.29023784512117
598.3281742104426		363.92099808564103
1426.0218353813307		814.4745106260132
685.9258553034958		730.3261974602326
688.5223465280358		250.4807017718387
439.7730065399774		221.83341368374477
264.2778101001878		493.5516134877536
875.0531315074195		583.7773721691261
226.8636739794029		919.0252871207688
1314.5676238468432		555.6354894033022
433.41635183122133		139.2178470523305
63.05683127707425		512.4091725294269
1052.337415133095		704.1888408807229
1025.6289222218093		786.6871304488902
1019.8567272868157		210.32963366529555
306.96260195390414		527.810963574805
263.6711233820924		672.7116811681494
1067.8258633823668		171.61488143167117
1249.3535548259479		212.42134710815935
264.57161191973074		428.5495169531906
104.962309277555		355.30143317681154
779.8686973717925		747.5565844840239
267.61060142674444		727.9026536910927
379.7929808511358		403.3779060401881
263.19310172329864		694.9512978046552
8.137912522688623		340.5787621743931
1093.1050248722618		449.8345495766383
678.5495872807119		656.6183365238321
83.84498926709216		820.8255821090231
578.8675496788201		101.11148389320152
320.4619926161651		45.38246258234892
1045.1839139990511		319.98024924165793
880.9692841206218		542.8975513401497
633.8732987595373		255.69075664669927
1547.0957686604495		531.5466556131606
328.6358503000639		282.9127722305478
135.1463170936206		314.09396920101665
737.8426610890582		361.7389551692028
337.1828237796939		287.03698875174575
371.5418559512519		635.3002525172897
551.4417826085596		873.6129500787044
760.8374672071932		889.9787780140273
441.54649105606666		71.53605257380127
353.6796344362117		884.0012992059509
510.71898551491756		494.37943552779245
382.61375693693543		612.6084817195639
1318.272898232524		104.34389336520417
954.4264968639334		739.7640386185852
145.13927610718167		136.72165445636597
656.2186863606935		187.72544648767104
454.05641957947006		775.4211440738748
1039.891024664442		304.3932232303826
293.70932886984764		367.6089297745249
787.5859779645341		444.591598108251
409.417836293762		833.9682485440835
457.4106874623313		291.56748913787
489.7266822426719		537.6349173719225
458.9703905859677		531.8512195028159
304.3169374166037		732.8340658505232
1135.1307760702152		943.6697824506525
392.4051899051731		661.0606223934249
39.758832030163035		248.52069162531828
231.4559345017928		989.2866999350153
35.1471303661981		674.9158965805821
1516.4102770202612		757.8998237725397
237.7935034100393		474.4095289854043
342.5239438099872		259.64990914473333
824.8073202168716		441.064335474929
1500.0971600712965		112.48778317338582
73.08546479700908		626.9027329371663
544.7331015330337		182.1523592776996
436.7718268370542		47.999110601653
814.8886196107453		290.1074231190591
1157.149979869263		707.3723098038807
139.57396419172062		180.49242291828023
204.6233490444634		951.3550030547519
807.5369995525791		503.416454533143
753.316098538651		260.20977802388575
822.3566675508871		206.82407443526364
278.04649136139653		764.245975969903
1056.0173205755018		528.5328004177483
504.4930580483972		531.2598406103666
522.8177074678532		193.01947043224146
293.42955260271106		21.08939055936378
1063.6909376125668		295.71789452499934
829.3439644666175		716.5069085942997
574.8118332101906		366.61620405774823
298.6648600797016		736.3200899514296
95.55701253127125		730.1322377677566
759.0344513240293		84.25126301976633
699.9818546580176		728.2701100124855
680.812321253101		245.5503531373658
632.6640598111642		368.55017677017725
1388.5401297537492		73.67942850897998
325.42285103492975		150.23065597545076
866.314474337132		208.11350437236229
675.1306293259872		191.1797442399012
734.9504005945438		723.9015044508416
470.60637032302566		1.2526267998480307
571.1215077564535		411.8519766786767
278.405403953827		258.80616728984177
1331.6262158154336		113.56171223234787
994.5149313451216		384.54798420749637
317.5226069043806		725.0580690285744
762.7257451108479		359.99309390552236
80.69854819475995		533.0951654120042
218.4921816681428		396.0078624787542
922.0817803722991		692.8722933755587
459.2468626746171		266.1060221917312
797.4809377050398		468.0503960216628
661.351465288238		267.4467342557417
681.7909989525432		187.94090361152035
496.77780212670217		275.51892795139383
564.7761106462943		498.7497132464367
1041.5029867983783		317.6502790051443
562.9480858197326		520.842028965779
492.2263173897008		270.50439034196984
592.0304744530702		171.68252914306674
846.3577090773721		715.9608173959521
343.0453884865331		243.60789385359237
470.9308343100605		380.27237236763574
695.008643280863		985.8748808261316
559.2283886427524		580.7737429883857
181.395013047968		323.03335715795976
613.6936461813948		343.84008492918883
1191.9597336503798		466.7046751599624
550.0489879319857		347.2608516733469
959.2111334218757		294.19138206763483
39.4593317472179		103.22431609845819
727.4580544141625		309.05022954354473
1551.6329990185059		547.3188373974444
216.65796128590557		447.08796380340976
931.3727163581918		64.75383880291514
1459.6583993036493		247.92780084453682
651.9908822954912		734.9711937940555
1056.7424912286679		3.8545050760671984
750.7062764172869		298.11437755700814
887.0135972858791		929.684650112387
607.5442666648952		504.97878646417433
315.245705866995		630.886894870457
672.0158505441339		645.5717833338133
909.7087373372278		424.6365626715858
922.3757651189569		475.707682073443
480.58713322831846		432.4619332938444
533.4537744221757		715.7562345442132
6.482975043887166		241.32531287494623
400.8456496403328		503.5738325513589
418.57312427423096		738.4016230595003
352.52069695090046		441.82641018467575
831.723916124593		935.1792359249333
565.2654771410785		652.1403280081887
497.7662574486943		646.6104480320946
691.1648022561283		129.90418618090342
1135.29327694431		486.0876574424487
683.2858498369419		463.4008666456448
199.08953447164976		964.9137494198111
1101.1503779865943		555.1592648202529
507.19568436897794		792.7010744321014
450.65042624935944		577.6904976928726
181.02848337109765		698.0945605001218
178.49073378030562		255.00915439970228
901.9477141319645		123.2290002045284
442.71257575594467		592.9849615701252
73.78908676710574		7.407778467071807
392.19546069765073		676.8377748746136
1569.417834695727		571.8683953728317
349.4939822127587		494.482609650505
457.7221325485967		365.4298683866916
399.7867166418525		776.4047530914776
694.1966018826744		456.1431113852895
840.2230181776222		832.8533766442893
704.5456264781703		305.5619019707835
1487.9198268721316		374.54004623644676
752.8989764629733		413.47739452062467
524.2255238329321		267.6116730613605
553.5806065660925		972.7062125340626
435.2493868665125		702.7439074526026
711.1124542721628		170.52956981670752
318.09687404249894		133.66062872638975
274.41480036255433		437.7467861144687
540.7151121021487		695.1929105377225
287.66250755632325		753.03005491236
599.9136936662912		169.6477896561105
803.9122424927884		120.59377952559817
966.2766901261823		248.46735170309557
328.4721010153845		786.3471752584236
480.808048332116		811.735089709201
1096.9707986542498		675.1828733112366
357.52824665222386		791.9637516736045
366.9500036248276		727.5900501080814
596.9185307984385		235.9664534838888
1024.0093138201269		443.2370337715431
554.3183056731978		451.3519644317571
398.48475867003634		192.20545321832094
359.5138085326279		349.35130507358065
872.9694941113137		720.680055818432
276.70962812980645		356.02141371812127
812.191558794033		565.3496507279708
790.6737408811362		99.60025320233581
1106.6792064831911		371.0119503671789
586.7841211399439		426.780249213154
454.0624405424684		328.9595948587562
696.8263891884958		497.9342522537439
785.7934929025544		252.55708845255074
1564.2930958978907		523.5338462032581
405.291003734717		850.6621430229341
433.1613724986105		44.46580888541018
301.9202948679765		701.9012724836479
118.78192046006808		871.3535932585219
694.9007709211086		908.1641298604166
145.89410595359874		168.98487800884254
63.388107344400396		526.8956632779824
514.3413861360832		584.080030362857
259.8569101272049		390.9299955624571
254.75613259398796		546.7447787754925
493.66334840924173		159.31789224390684
409.5651725002833		567.2340638981691
243.51036194646917		421.6186291063773
1239.9161146151932		488.82552892126773
481.8045792555246		253.25132187030565
710.4450295409841		774.6739728160017
879.6567812361258		596.6552276965233
457.5357294665156		771.0843444634481
570.9177874841337		393.1621086786431
831.9744372600721		687.4321381504084
1402.9910913402982		249.88514558830298
236.57521459632818		810.5907137223032
505.1664430249676		394.60664101925346
31.632844182443762		158.67784841636137
580.2414440085488		711.998602721477
524.1452653117193		704.8135106508715
832.0089915956564		259.77253448837996
471.5931335937595		328.17579012536953
988.0461840881817		286.51805283730994
537.095937439404		235.0662180135065
522.8096478958805		21.232617715402455
467.3564926939439		674.5932310788758
1562.7320605354407		366.8392600678096
1263.0391374759831		362.7518808091223
414.5872192532264		520.9825438142753
364.14175022136186		989.4667515458282
810.4061912426491		885.4227032000313
407.6039181877005		907.2538733624308
536.2972992858344		519.715048916273
366.00811925737185		317.65488572427023
573.3242145458503		927.2513363581375
817.8332937170226		251.78609638308598
714.2465305252288		243.07575665292165
403.0271500522548		281.9746474979081
648.5708422299465		687.8910419280478
359.237917462753		127.5624859959093
765.015767829768		658.8954566388749
912.5890070569958		643.4445705490825
560.1625744230132		541.2319534864026
547.56826488415		281.0918065261683
232.64103271933402		236.1913436917364
319.8209690864426		235.53606498387518
1192.3664316631164		568.1036750543262
470.2064718798683		185.88885369873623
977.7467393527347		660.0428213594843
185.1951799740104		78.49599692507559
714.9886051961752		395.9833831281468
541.9296779781273		113.05474332435517
557.9979838391067		574.1369889334596
695.9458020515644		709.2311631668512
142.1496747809996		265.1251961959557
574.4392360561424		291.8822418508728
1104.4984546694754		481.2966768094251
1178.9151380507906		487.16413985973486
120.34883336853801		861.675237436641
26.33390592760219		292.0470825999564
94.85918412611153		484.4779701769254
455.03274855051893		189.30048205614713
372.6039084089497		715.1290769390533
658.2560201769229		194.16589892648165
196.92550169061553		240.0047882958611
650.5395206886421		702.0478600129055
299.2705832550571		309.99815096985435
564.0135698214727		549.4786373866289
248.59879307364415		421.0304589862187
649.9387508393336		250.22023170586206
336.54507167385214		138.7801618225455
1581.749580376119		279.63546232304464
349.2535989676552		514.8180322499768
860.5762799515035		620.6742218685645
455.91718955414933		55.50835910912468
210.6129946418069		139.41894238845254
330.69966892321304		770.3831023550515
670.612431652801		590.6970192208662
363.65852287338424		349.1301475715877
796.5763938643753		842.7573713810211
529.1162548201953		990.1199939967606
958.5672593820905		966.3671686094558
635.0392385293427		772.0245760740826
854.8003743346193		518.0256783735966
1500.0331362684897		4.08351363722943
800.2261511009901		281.8294002874669
563.8848855856662		596.264673630209
821.2115927596194		749.8118924719664
480.64609470433606		954.6925766103543
1577.1515799785548		847.3199964393591
382.2487812110473		959.438433300669
1064.1138735157888		792.7879113842512
875.1054574951568		800.3194890905672
724.1808638782385		993.5565592539365
301.84124140046254		678.8574412400791
1594.9559909746176		592.6163259019496
669.1279081500068		223.21844002586153
674.3204172947851		449.4331684346717
703.2599437450993		545.4228803987058
669.2959807731895		618.1388978643251
883.7714951779778		965.5196738360652
563.873366614978		169.6162406526414
488.3909262459753		536.7065067085115
997.8614682024754		382.2941204540371
445.69142706390153		407.59016770908823
325.66656070965564		241.56576979786115
1000.2070883093024		507.39731244567736
323.6438359987834		540.2474708472405
279.3093525037815		586.2512543969478
1024.6672024414183		687.6625400820033
414.81982999252443		342.84358079047115
908.6250559312674		481.19433699186015
778.6535049428317		182.73539378512305
960.4768405258649		960.8281701177309
210.79327807506155		553.1521376854042
724.4197511877508		554.0282874190292
465.84531468776873		554.0281636601037
913.7048262290896		222.05851931911496
564.8659373791348		774.3194116008527
256.93081638730246		549.4107443109526
201.9869941596147		964.440304936522
420.08127768587906		233.85947986112467
739.8581835490103		371.3847156507287
273.7066618484054		507.4838431691025
1570.717439841852		429.5566876600979
640.8691959728669		782.7824224186779
113.02048237273834		734.9796734882347
1014.1553632177646		383.34847784116175
259.86028632116654		478.5660497120916
467.4583777973445		621.0392073279538
894.8557785650636		113.8988398724224
46.35121026023245		541.5855688705184
405.43097171781517		416.70246681460685
431.7230794624261		929.6906153240802
726.0162334266411		76.81565989464707
400.5079523891163		837.6613887768785
426.81978936162693		101.35968115229525
426.8036755615436		605.4873797719442
775.4737470908512		590.1006853447903
982.2975384829879		793.4032880967941
77.84691121690412		45.363073754971936
72.28459610947101		592.5873050589151
922.786946083332		362.70668872361983
936.1516294017691		640.3557325489608
490.97857163549986		815.8490586580608
543.9296793729814		424.3708293575019
64.5925854091468		499.0877579700409
623.1402679481763		761.4598142903164
113.47730781710408		613.179204245614
781.4487029906313		305.07035885226253
41.16896335812328		299.8173313432459
338.1516624578252		327.50383714910765
1072.0801302582602		628.8102276033097
742.4813163382328		540.731129010254
559.0465075286149		645.6265332654712
223.58729208240663		602.9347121847331
1508.7758603105422		494.10069336363205
471.82563230025806		420.9459824287137
204.16459387985788		544.5381872528043
715.5341267516511		820.9814548617732
712.5599355067842		843.6392182589157
1504.4076015956073		908.6162214032838
466.5467234745956		162.20787579941924
921.8172944832271		734.8029474946757
430.5133268946962		972.7197509036137
129.48344372648995		843.1009126859758
177.68018167394268		553.9919942508556
419.57886672616576		134.700910498047
466.61493547804446		502.22127678471435
468.7489679359216		471.16237306995384
838.5964347571783		357.5355020288566
653.5022000667386		742.9841826140851
44.92280475788078		612.9410674812837
443.59762967393885		524.0190109757708
947.9146281232324		37.9450070134194
495.8036486592769		123.245204636768
176.30019870314493		322.1810020370656
493.4726247340667		155.85340924736937
1015.3447414587196		251.0592171538242
549.8239521755896		558.3619414137376
581.4696622811217		625.4131492581374
126.80803862896988		866.9068775242902
765.9314945451736		238.95908930739023
696.2327107477915		32.93352551412181
47.52813897904804		589.1114095824761
1361.5075166067368		379.7450458449175
232.20865975545013		349.3124862722981
1060.424381454432		356.7370051227082
1526.7754588887642		329.28896830878153
565.2356172164393		594.7832685326124
729.9281969049032		84.21795254778687
1488.27431922621		926.7013616869082
445.70767437925656		447.8505182067442
529.7494075830127		533.9191774151212
491.1184391334514		537.6099244414346
539.3803299418496		502.3307644697
389.84148865586457		366.5754634451873
655.9876736386957		779.2383907488561
1578.754128991271		462.303818323378
130.4715298658681		414.5636611352338
466.5577470057861		296.13153375633635
710.1724759964774		856.7623017857477
623.4437368398446		239.73402335634182
1145.8784412115751		739.980327481596
471.9862309005151		217.2325222690243
667.5790168735728		584.589825494312
1116.6844354425393		555.447760752834
486.21081835665717		451.6891741497171
460.04794264906843		532.0906221876558
530.8175508490792		408.4407911193556
358.44784416407856		392.3877052535596
508.29188345509937		182.64521099814147
561.7769226005278		456.3102882663791
308.25223517802976		186.0920836534783
749.476381705333		898.7321898333336
598.2654355054364		449.18032679211115
531.3826006249033		661.7867222792363
216.71382778624553		627.5432870821897
801.1659188389201		573.4125147411004
705.8531223601394		28.39537498847949
326.678182548279		632.1480138002312
1523.5644582108332		253.33274961399115
557.7934967105216		436.19621605247045
569.2573411498628		441.46062783222897
508.4724909422554		295.92113600064965
337.57004096283356		423.8491869697814
480.84436610831955		550.6059381485532
586.5809274969064		558.3771217568747
651.0013102205064		470.1815315414701
351.2287663143026		397.8894900291607
348.6877754091694		881.5715377547989
598.2844940828752		510.6115087705846
786.0272699579812		614.3154436989844
591.56166708134		509.42821412122885
630.162492807149		415.33374917554715
480.9657224126268		162.2906677288197
270.75834521531533		993.9339858694034
429.37843673504557		948.5811475255343
625.1916889468632		370.3906702386399
562.8742036690699		8.413498320957387
567.4489659097484		451.1816759259649
935.7440991485266		5.441886324977077
902.9188190225045		467.12313243731785
561.5185862365615		317.6216852486091
605.1503701932917		420.29769155660244
366.56292180579476		139.01516961040812
539.3591006970296		335.78348424302123
618.0076930887489		564.6639025383221
603.5518149630057		925.9811440653039
424.72459448636556		717.1925798372599
1447.6637277310906		906.0266892171597
549.5878574006543		249.66082444734212
591.3446677240819		131.35162049864408
595.9469487553724		835.3995612481831
70.14970039407456		464.94775054902107
629.0952413747718		139.90575976321747
1388.709389141538		745.754849632804
500.38673804702086		361.857420602395
414.3551988820403		980.3175943944163
121.13757733264833		495.3402719189256
1087.7307839152463		747.1878222989662
631.4178673300402		907.7034501437215
64.94612308885831		402.11386631097264
7.1071779055747015		433.49405974766
89.33732391056606		210.81047713492364
954.8042097993139		45.67437315509483
1066.7743309429752		715.4856047505425
57.35658944067137		761.8504594880488
869.6566880726058		734.997278052419
1576.3187489679608		781.7874181473775
384.9178165913049		503.93561314915735
213.79428992945697		206.11134396143302
1403.3586978618564		412.9214097176469
323.337740447974		184.4091684729783
853.0354796547965		283.31601962805667
641.0616544278813		305.2539746701982
797.5607644197496		470.26526363591984
287.25750399253104		796.8742013973172
451.73641159825956		177.62762375799593
16.709554966571545		991.4458273765686
416.4194191217213		434.0577123881976
589.2778536140705		533.8211963866634
535.3117458180161		366.25075120178565
731.3174079148773		752.0146805082858
729.6337776350465		526.8710251569519
610.7644755211376		648.6641660071427
309.8094806333009		876.0241353419092
353.3098538206753		861.1484956661845
249.17144592621955		98.38631919080439
593.2798967393395		34.64159159570863
1100.241058645228		734.3542851822554
407.8890183514302		668.4957081526111
446.4418385275881		696.4825335951275
520.969575010075		126.20506053277194
1104.0044166402784		902.5970888661848
411.6072830263041		216.99093826003718
327.29327212280225		194.01459549237518
1579.8955334060079		144.84468680133523
343.23842710555766		547.4919864782028
638.5200732685734		352.82757664501355
1597.2734249720422		12.9497632711076
158.51621863468563		269.6204786142516
868.9838344931294		531.2087128525201
616.9320809892657		378.2776164988332
909.8462859320192		518.1859847236839
474.8591048269527		314.5764736589798
436.35472459174423		659.7097292210747
964.9987840590613		626.0198929225434
1007.4225707066812		577.4590517635131
181.7525930975538		911.0814193692289
198.7603454004004		338.06903487312866
869.4800781045453		982.4107053895775
630.2483270596664		740.0729669748139
429.04343091952114		337.1686775403856
216.07696103184531		857.9270385088855
1034.6612874682505		808.6621071662356
420.09030298997226		279.6997938098417
741.3519899716825		185.70399918892429
729.918558228476		486.27203767577333
586.1585454919461		605.8844541322252
104.47735881511448		95.30752582615077
1591.4978571834367		618.780049232745
330.4451725467361		609.8660972328706
322.7073106709074		470.6175760214345
877.0817004459591		957.2406966837647
584.5055389325247		462.1996074956652
481.4082849834458		305.78641434937185
945.7019481235435		358.9796591103816
715.2893227803368		625.4724549460867
613.1531707813248		459.87471279361415
650.2274169842158		702.5741406413792
1291.9415433752424		203.6837400149812
791.3756715655192		373.7844377871236
481.663720187187		286.94527442929916
919.7835047069617		563.281843443489
708.7022333232912		336.9717322165951
342.2520746508937		98.2938199602122
701.6766984999128		545.5933431565677
211.50560065901703		214.5467194699445
427.15728637977617		275.2878911168474
1511.8415222220756		494.8391614723589
1083.2682266141212		855.5948916268114
520.5143201430265		415.90690722129216
606.174186377382		724.1195583601823
1525.345091994934		300.6980073585624
245.1503395406788		901.5413721356698
869.9167155968769		16.51046308877585
966.6345744361063		378.5517282427105
892.6657935981805		483.70756319968496
300.4268056695086		58.43518565751617
387.1057203574519		359.51990012629653
523.4527840303193		355.4303596130321
321.6971942886505		129.300515787851
4.447557625631873		489.56543808734637
633.5336792459825		535.7177720445333
274.1385962065941		41.427293760665805
188.97256187764185		300.2983121829926
309.4852623519532		353.57778466281513
754.1416527185314		395.6141133262575
436.40886118097313		715.1841565039183
809.3667278349276		433.18049688257344
853.5029315535942		531.4507588233568
469.69476817373754		26.149856780058997
482.80486596840507		931.4809580739725
1110.6165764179045		309.0873913464398
410.2904932453944		767.3779103075318
78.37563804054798		775.5678419299658
108.42404324019861		659.4246582094465
424.93715021968995		522.094037479402
678.2058865649441		200.98774551748187
46.52278376830236		781.3191539070135
508.49316959367013		595.7215567630399
769.5376934975023		529.4426970668787
319.4168974063027		571.2873461894703
902.3054587255133		503.2887761788202
528.9385487800746		267.419607883931
133.19713947140832		225.3010428698687
265.4105895321443		198.85686673745033
378.13766255348327		280.97775399414434
460.07728445668425		233.65613299425354
431.6068145383716		765.706086092952
932.5629449774285		573.414350536815
735.2918481117101		913.9594810271961
723.1860989391507		765.2264870158892
705.0929165668388		908.7563432236018
531.0451897751641		334.6104732857152
361.8641883383582		346.8577337061014
609.2562705883767		988.0699127517355
627.2377878113305		213.18911960341802
421.2185545387508		87.20153823812359
604.5387008567757		177.67000306435187
272.55631549769623		507.75901793432746
475.2495645738816		930.2162464790524
452.07399609617926		703.6482246814246
1179.4818361962964		414.235270258319
1222.0444669157382		289.30543678112747
1294.0303509809755		313.0347950476005
337.1608046475127		166.34303891908115
360.7702500041464		263.9771719317142
85.96553923553557		39.37879661717034
973.079527618524		519.9954745510806
445.9497647222068		470.18810046847494
715.34017066213		180.91382167359075
301.88260797190605		290.66327183805174
383.67699235863313		167.09657869803954
721.091460730224		527.5314052759447
724.4820386731025		679.2276447910602
143.7687694709657		231.43396542002472
0.44340920173300447		230.5382948752108
742.5270060500884		601.2401220980781
1380.3839144173437		853.4540039201793
388.3370013321881		510.2153466400411
846.7616754944765		888.0234843487626
46.8237745710332		767.568065900701
680.3885607164017		469.3131851300806
1451.063377555091		724.3921729260917
536.9553140209274		680.2059295110838
319.1004098217429		810.3447727448779
56.70337450247246		362.3955988836243
636.1230751770095		387.8766003214047
272.05997239161934		865.5470093171594
798.1199077919607		244.92069512998023
116.72336428333182		196.10809972452284
721.9979466922625		976.4955217254881
935.5419298593305		378.0661943159922
305.35243560985026		100.76788404177279
354.57148122571994		752.0591179389229
926.7613128274841		429.2143066219139
440.2729950753801		483.60404279407254
286.84047695760853		408.78927848427816
446.63044354653687		659.1451685226286
1593.53361272385		472.85804395930126
454.85816449088657		740.0008344780902
677.9861923210838		987.6081279328196
188.78488257375523		504.0842865790645
610.2245652660532		606.671714191669
866.2037992816024		871.0904147803105
631.96577885443		799.9394523073389
687.8657499078263		49.737859836280336
316.1623574854436		668.1180153451003
506.3806945633947		46.585680177704944
1100.1629914520536		648.1683764590585
214.93927974269428		286.5723581885677
601.2385673904149		364.6840558781626
356.08757219800907		743.0816758525336
335.13518077885465		830.544865723276
646.6166365352634		466.38604788666373
653.97652406771		595.2905144624084
382.9677627495657		836.2597454164409
238.8364678945311		435.0636718834985
341.0251862624474		866.1164157314272
725.532354480817		117.41610197196997
1435.591597163711		729.2509263127987
1588.6610327129652		170.69745958957674
647.9530674528726		757.4695252616159
66.39100617349072		477.0444382824074
195.77439468949052		768.4398869584776
580.331496887462		174.0100699751626
910.296973475474		448.2561269438988
273.75336420542124		322.4969063544944
416.93681377733895		863.2980291918797
251.65750972475828		763.2092768280083
1107.847302689146		470.93408452170934
685.8603862435269		158.453041640646
526.8215638548315		703.0446916059674
20.83705641631815		979.0385138122007
271.7356546337036		550.7811470979278
370.6630842893769		514.1081610730197
59.91911687125338		680.4338737684636
133.20589108012393		191.27679557294977
1241.4780608931442		559.265649030027
541.4149375585919		202.903485754013
648.0976609310817		401.3389497691635
287.12786209076955		820.0569809808626
457.46735412144085		641.2505004639105
401.11468113227926		192.99357192606703
965.7192080620093		300.22350332396866
847.6274497549788		762.6519224469646
942.5682652849875		143.88227736629034
317.94438992299223		639.8722899829758
611.36217813778		613.1739529738422
239.02273441596446		141.3374181620763
650.2897242696004		740.287206988139
808.3983518322628		888.6659848621805
148.8891865025475		272.09351513511086
627.9485711476037		524.481862900727
515.7924461136843		345.0654267508735
1563.882703875497		436.67470138559827
225.0324953068132		274.83629176483316
761.1094312159446		110.38995269156959
343.28837353218705		312.3080969754185
474.0910257990466		524.7387643143518
259.4785766643205		180.28232013404113
118.68215037658905		924.54406266019
1021.5466681669602		281.87794725535855
744.0000767742723		638.6235406019352
638.0704813140958		236.31431640864605
363.717106336851		401.77996113486296
937.2890463208538		829.6948844053006
195.27961610528126		336.70843882286914
66.6685804889338		229.04189743808996
626.9386094753359		15.798351219324047
801.5599549243568		789.983576994005
775.3798360005123		329.06673425100325
784.0099545672017		530.6143275383124
474.29409708803644		359.09253440864336
1162.3572127802963		688.7304052395029
881.1787876332401		964.1434694192537
93.58335632548267		639.1162535673824
1131.238984702965		269.7364335123424
1524.8548736928965		186.70247035451035
613.8884169822354		601.6319351604113
594.2987714667531		109.03652614017454
268.1706729219793		57.553382715396765
605.0584548147489		265.12694724652124
311.57507169241586		149.83320291252886
525.6281457779776		797.7774362146058
59.47279993912508		852.2403195907464
337.06954776054454		276.36308649087596
657.585596766066		787.6612508280932
762.9872796256315		383.18725324178854
189.849427559969		263.8599259045127
359.7065222531056		499.0740785001375
209.07407548937306		334.7901233073719
436.5201189405648		260.16160020603024
430.3601668043737		622.7823438325591
486.6386513133749		124.95232038096185
441.88616180785993		530.1140518369696
726.1431572742588		427.2558548048155
1540.9910896607694		312.49041418595857
493.5951006526134		424.90945854706223
538.9211719789309		553.8685065159128
810.4816716467874		327.9000749096761
282.6542487400727		301.1879193921702
293.4256767836558		227.45398144713823
690.6194333495744		240.15816016166576
487.4431333587492		344.57669430206494
625.763927598119		297.1205401077956
333.54524766648495		154.427571670877
851.7546867862808		677.0943212478566
265.9639333116157		569.2567360018704
147.7523145828796		962.8031858694774
647.2974266651009		355.12179980044675
1076.3200951439558		655.71328704621
584.3074567453995		466.97537827829814
587.430154255537		650.6885019609254
1520.8657062295993		283.90624945192087
612.0401449621065		963.7196296982422
622.5527676076028		67.4255869658424
332.8004727458783		850.6731582355624
771.0885451412355		232.718103241714
686.5572007908233		934.95708274589
237.3938211181068		374.07345742888907
667.2927829404287		211.11175512374098
275.146868431371		370.93290170503366
451.45626953370027		717.1852410162732
199.83723902418416		374.4610960035793
660.7500677117495		146.63963738685226
609.0291384639465		738.579324576709
783.1465892475804		26.272062809871727
696.1924162927244		363.3566218004559
369.75408674381634		665.4606198714151
425.3626776223764		692.8985589263953
884.6977901595665		780.5803822515402
594.9998881826878		743.1006822563162
467.30045242054797		378.6004312466358
713.1574061324886		822.8692449593368
858.6543233758919		313.14375942509986
712.5540644638485		576.7784328030517
872.6030059055317		517.3526830521812
636.4749484077739		795.9162774470617
390.0272201041969		888.8716891550084
1307.848403169638		388.3859725232824
610.4321148967663		739.5755625347108
889.496626563395		664.5772720275571
895.3376950624315		230.59782661452476
148.76440413656957		749.8287731705161
256.9944624103479		85.32760658933375
474.03077815930493		405.7302188831428
710.0479438966498		415.5152540556951
828.213884487418		429.3675884794453
166.86338144758724		445.18187914354667
555.9990257572441		561.007186030251
444.63347521182925		471.6467645788158
790.169065039562		651.2672751070495
243.09258776499667		845.0532422804899
894.1215982438187		933.8809331401667
665.6793444564125		315.06618666606175
345.6984475221095		10.27649729759571
650.681055281703		251.01178907200753
509.1165734031202		255.0930813610767
679.7774814695658		578.2966931313599
846.7669138871095		52.58250537515386
454.23984368923976		473.4531932287464
398.0215019993041		264.7700245951229
154.65331612510442		98.06134315608455
670.7749916062054		179.27445614531035
441.9993655270947		418.50182621083866
296.0576509403192		373.5804382190871
868.0590969483189		341.583863677919
790.3727576575402		750.0972917453958
359.7000161937947		701.3530356311932
726.2318211617561		139.18299571124345
425.6951138396434		162.0329440254825
434.7642564243509		468.7638858829681
437.2731635716145		332.42044933811906
325.7411156335489		180.07967643914003
1577.1663324247527		626.5371678574436
486.235471083683		586.2891880143161
383.0497989814735		554.5825741571632
496.89596019687997		450.7813164501897
690.7919370375939		165.1451538709112
761.5649467007455		488.44419015587454
862.6470184490024		387.6975619506219
302.3779089159492		295.36856964802496
892.3735863498424		364.33620082624145
210.5185471882731		765.062190806326
1336.2693393701047		129.10137520970966
455.50000228653215		225.49216062516
492.067987500139		559.4874824709779
328.28625519165234		563.6919557630463
331.91465847410245		428.0940998057016
343.74507910303123		328.89529375136516
1558.2989050482988		253.41310806605833
842.1437092342953		205.0411135281285
1573.5929145911828		309.7772077126057
998.0498549900292		713.9003614900439
743.2262578024579		545.3523286450956
935.372650718092		522.0299727047228
837.5754966336552		272.96283963785623
479.33504805592315		580.1447922139994
674.7231833932868		849.6322795301608
298.7830931423427		475.0718389312947
613.6066265456097		688.4288830640828
116.82465483096956		569.9840359264966
1000.7922163879748		592.3527218851564
696.0655223034205		309.79111778476175
983.3249785141423		551.5000832910558
491.727570574426		471.07209578007576
108.7787421934454		87.12378108340818
435.446641376069		35.897713327489896
195.0211931116836		563.6123047980318
713.2854146731187		975.8414076590027
554.9300118401044		403.8366880971989
382.56720403191207		629.7017494906606
499.54930305447414		118.59219587921194
688.6980669529592		414.04087428081164
1022.9136420690891		951.7526545206593
964.0676256522752		441.4529609949014
507.65838997369065		719.80939281929
1558.2126842497285		111.72270910936965
767.7510050374169		514.2568141744322
726.4130313494037		167.20311616662502
443.38492191883046		982.7283410448526
354.98941598284375		377.17379197491414
991.6616432853806		359.851838373755
492.6352370111552		528.9561188142105
586.574579023375		436.2743260577487
788.8815294771846		916.4387968960057
68.37728371543369		743.2389498660121
824.9913516776494		611.0195100593666
805.1712195802734		785.6946408557767
207.23889668492006		175.4188682346155
520.502241298929		610.8144613420134
35.844366694864675		368.24153244288885
202.92047910460423		157.96042470916558
175.7346650278572		594.9766129668195
837.967748716819		779.3120325457494
95.9409013476095		818.2646457792807
680.562282999565		815.0893609089164
870.2850982288087		453.1444887289349
466.00964380305663		487.922117863672
662.437448278885		390.2607008112181
355.1187100832863		337.3096025626927
806.4422191991016		460.3347259092264
553.3619985922592		425.1201605846932
398.9935460144748		215.53416594286352
450.42593399881673		739.2782171457143
318.3456505736118		111.3321027973899
74.9788153591125		799.4399588043352
286.6353531764085		666.3482919056021
262.1476209286254		297.9967588637859
473.1999073351727		894.061428114501
610.7942969041487		373.7197492655034
441.83794692867343		736.515056626258
781.0997714268128		675.3425718850265
100.56316620126478		669.689147620017
442.0407948445916		281.05115485520884
102.69434931761538		452.48145221238616
1118.474748422002		511.04712309663955
134.46825379177847		545.9088761408877
828.476622394001		441.50408131539376
1315.6758554325565		790.8507614439815
385.66414163241586		350.8425023269258
785.0549589401912		511.63975868869073
754.5486646174257		257.15981966246017
410.09393187701363		129.7571728936265
894.1073581423893		704.0756437034689
423.69968934083334		753.4582828157589
204.32945742687951		729.8595457340583
542.6965501632999		866.7283124239225
847.6565076835083		607.476955616041
1196.6154224337758		317.38317724078513
1556.5743101236953		60.17376770771381
449.97992707764615		55.313766939638924
608.0845960863899		307.7208852948097
552.0493039805368		175.80055832313087
352.45655067915504		666.2339363182963
448.2765497617853		529.7937497318621
470.532610819044		438.7361280655358
262.9681919114747		385.5033495999586
586.4128949003216		275.6705393270811
689.5113274170463		429.6857269945526
567.2369492938175		66.44360244801402
723.8722599262896		630.7157345732177
112.59936031259144		267.0608209593912
732.1033288600589		63.01905370393234
329.0542107198015		52.286516422317675
491.1249474261391		411.10427872041726
321.3069071644833		854.258644949176
351.38596102441664		565.8195302321122
695.260929645878		111.21605811650898
508.16431058630474		560.2689866620108
1000.9140724790473		433.4374023490455
416.5193046550811		231.09161029469982
244.33100707115386		42.45145519715879
352.4937970975235		826.0627370484702
647.675738641769		437.60115457292994
745.8602807074483		428.8768723118753
635.7120231198253		226.47489513257062
23.246709468967083		366.8036387648126
843.4147158704048		302.11329021535835
1170.8634170952973		755.8538170419292
469.4560220152575		919.728069698091
694.5455967935341		407.9406841454488
775.129034283186		757.5259557183518
636.0262329857021		344.16941740931316
495.622066491159		52.15234273066477
22.232995257843186		553.0802030471738
724.1147395700148		26.79167446276574
596.0078037219289		832.0080806957867
498.37337006521784		151.11478913156213
576.6575285721324		411.05351667257924
906.2833147531181		319.22062485401835
666.4264270612172		206.83807995285275
557.9038153222199		71.58711289003634
447.08114854390817		300.60604302306587
489.1317123838062		947.531427308274
554.8227092087061		58.641233952290804
437.4402276544203		530.7666961423719
1478.8223928149741		647.9205213108767
110.19394729997293		514.3517712347666
869.5444453130959		528.1210348508157
358.5229472421056		590.5699741771414
458.61359378929143		440.5384859304028
106.54950409886493		147.65073405631716
672.6912276603946		949.6326107704476
338.7902734518138		74.94370279433701
938.706434584816		487.5080302300291
586.9916725069138		54.796258709086885
516.6613074902897		912.7759535339097
671.4966745024029		551.4255726416992
1115.6163095265078		81.70432161956882
536.9753048013193		831.9289057475356
498.42316020619734		132.62503868256545
577.1139405140419		661.8686366610923
283.3349543623158		398.8445477465734
405.3248651042929		398.22629673026074
948.0229564252988		44.940815535285594
841.3120664237788		184.2347873918498
601.9394016841495		328.5297927969833
487.6906215496835		566.3315018188762
543.0133182150389		558.0654086907119
641.9055669714522		447.57884586803016
574.5296569428915		15.055603644537427
441.3909527726588		691.4902347851506
399.8240277621774		791.5418258669304
333.6923576485392		442.5713447274146
885.8313857903374		995.4335875434225
385.58604585130405		200.48475107817126
295.04872054171864		51.99675911751086
780.787358730814		587.9358914073213
253.92473767454285		507.14993812828186
856.576016116234		624.8641278712802
314.6965891022335		535.8645076918756
51.81509570164178		609.3238124488716
129.070653778679		803.0300930822857
618.1517411645785		721.7625649733662
578.6961748651257		494.88557392827147
190.98082557492		214.6427759841563
451.8229720538034		968.2397803648493
453.07172242434103		420.45268217087545
375.908363960253		47.69322364449499
613.5578066204498		616.1286691787801
565.7527462474727		431.65093242177414
1447.114999239374		27.88566380788069
1359.7149316639975		695.7186719634329
407.21655244793345		678.3971477303104
315.86709018901763		569.1981102467117
835.1670954709114		841.8151513198579
687.1012266070037		807.7449245425894
422.9627691512678		123.84706195319211
485.6872275537921		644.1752564914308
525.1414948008496		811.2174124827686
643.2681363982905		976.2819992273681
517.4275774761862		770.3065047392739
571.3801856595187		641.8271296958087
508.54055001444044		92.15679766556605
586.5043836002914		985.4062120738795
1377.8494860594562		541.2756532017049
722.8207494017915		627.1269971738419
351.0754653306627		126.86092138150644
555.1256492029903		556.119729797863
67.48980902200378		182.42318165555918
477.5969093510221		429.4062380384027
549.5447711627513		544.5984111159241
215.18783666272742		215.79814154754558
1511.931319239492		239.3969573392635
666.3804078891335		780.0153461972511
141.17572092310166		364.5665773607321
390.4151799343806		270.81215348095026
265.7728003651946		607.768549087935
1222.3978125927715		755.6066449745013
1058.7708197963102		664.3392495354492
600.9420072901042		934.012414890772
594.769578534881		726.0799827589997
105.71707400022655		785.2186434456062
307.8064819012858		85.07440964316356
688.4455591958869		782.1346680347344
27.601514896827098		426.43333042696213
816.7884122252262		391.145231241268
881.6618233790671		533.5873456854683
785.5414663977294		939.220928845745
1561.1919409615502		331.78342631305225
81.14195220005666		406.77729778157004
735.8675214579124		306.23042305511603
606.8080530266014		563.8504081686369
875.649077962417		41.0861713926264
626.5617368779879		307.3589805823033
94.04079365078678		229.70214720210492
144.81022978970356		126.48068659014604
736.8692193287102		618.5958322467586
802.579361735791		372.56116529037865
378.9413541981477		651.8667336531119
576.606573276886		101.85012877380012
544.3026421234641		540.1032616646212
384.40352962159614		691.4013473626021
811.8936586226641		253.185196901793
1548.7581245391511		240.74655301245855
519.768542468261		675.2209348196948
583.0727899473816		581.2926173843664
273.2819482959851		630.0762429385136
524.2652145196378		514.4565604689035
849.1516516915051		343.4642607309652
85.04560168011318		249.72608420240107
565.8734589464284		458.5915006228353
876.6506674799889		763.4393509377666
233.71188853288697		251.99021634939623
886.6977303092219		304.127645105384
762.7811163335821		547.2707019731773
145.46541498447135		519.2437754119632
818.4486663878935		392.302700661024
396.7338048262575		816.3707280698424
730.0670142928964		853.8719137493044
1015.1251012349238		640.6107352860394
872.4076498999931		538.2126849934955
623.8404253259503		982.5857175227576
528.0251052939261		789.962208901123
931.2260462373487		394.30406546908733
323.0508891209005		268.2620400476398
177.2568436465536		503.7760112346191
410.0074874970684		702.8122345799284
587.6959569183946		283.25298266859744
767.5448045613575		546.822188705951
377.36530078991154		428.85594145506803
842.3455437622084		301.30866691608094
227.79533013164524		311.4488672687843
649.6792585148459		610.1486047442625
674.7643933866786		766.5235904926234
868.4893097780663		793.4325236363757
1441.2219131634533		327.8407975740571
522.4348082926817		907.6641517024027
853.1678681701553		499.1020715076774
229.2588478576218		84.75082105616895
393.7510800939635		459.23892348418275
280.15710555567125		73.72690268588076
317.19699235575126		642.6158707262307
803.4643478829145		573.8903945313838
635.3350555932727		188.61544794299834
527.3222252441677		670.1966838660209
871.5619231648561		403.5551337074312
480.43273661946125		454.46611464783376
1083.7855803972757		557.2582063586243
194.1733170464077		472.84408264645015
513.1637731356062		127.02834148155819
976.8435986612567		421.678626460954
758.9294565630009		505.4366820529494
919.063767419354		681.9585193686227
387.26836906904276		301.0845009419348
802.2954098323798		366.40314822558344
391.02435495821936		523.5923036163134
594.1657148823101		603.0177722694042
455.7921146536396		629.6085035093504
392.34819730643113		365.2394136650378
550.8922715660474		592.5278607178636
637.255857787917		524.9430090136274
409.3648787289837		180.9768949024692
961.294455555011		23.221469146996697
743.348165836002		746.6783280310642
883.1357713067068		746.3178146352429
623.8183556758088		920.278154211079
333.61959223120755		669.1623056588523
1159.6718689180757		459.04672562821634
485.4099894611021		180.0436784609322
701.3325746515478		491.0384388078319
853.0125563117188		999.9136837216706
903.5164589635666		672.2604603951519
291.73874143211503		387.88650095970235
278.7208915219636		618.9758181877522
474.8535564288869		649.5556031749168
1400.2957096234918		170.99777155517734
471.4165143121756		132.60879042095468
322.93188092654714		316.1736820419063
514.088379718013		445.6251467246849
598.4221664490261		257.89034378393677
1214.5828370690056		439.2805484950943
609.6242175065398		850.9603492581293
755.9871750094267		222.27582420510498
389.04049740230437		485.7515506660124
705.0521221911858		708.1382754282049
237.18729729615495		534.1989543246409
349.84329993672634		364.9703846408288
666.1637407852081		696.0672813156846
1358.5433772799688		311.11670337260273
508.31000439159953		130.1722071462661
289.9162424807996		534.5578795803322
412.3958654170873		523.9402887201488
644.0719479845889		519.7145910834819
1319.88070905397		894.7946510420429
675.5737892699225		291.4120391998516
429.71936759214344		398.97462425447065
353.750285840072		379.5525979443051
870.3680385411458		472.25672275032116
999.2581909623316		272.55803180218794
224.92273058599216		912.1150242937475
728.3777652857558		738.928535933323
1578.8348232160126		385.95368260054613
1555.4837296370472		390.46257883471594
982.1936625764708		401.9287520791427
576.4809907501391		202.8316730827218
182.13924916180582		897.5682815764599
221.23661457194106		50.27363580738967
1009.4060528977168		868.5823200509715
930.9975854161339		521.6818917120358
342.25664045857786		635.036418850913
578.244943983889		505.1793173803571
169.74523354465975		740.8225539343481
505.8818543265339		632.2402431181544
801.4354497150946		352.38271299383956
565.3071464488227		593.0525537077001
842.4678818037632		413.48894273356694
508.3294501367894		78.13516183960223
604.7450433708207		936.5153339325564
419.4201646878047		599.3845957991141
599.598957176029		884.97448873902
611.8182672444486		572.2647966797521
598.9208795038726		880.8049292300069
717.609894153015		101.62425274286329
501.0515501822987		902.4809671795196
1034.8339082347202		567.9512479103242
527.3397918839428		323.43822245296
875.6450090173835		108.22822398952724
370.82712703692323		323.35313190938894
664.8711696515677		692.5702267547753
1424.0914978759834		985.9441400789141
554.5429839725962		908.0992410536419
582.845423679111		128.59131266218537
586.9775021951161		277.1200243701535
140.96312424295752		559.6744656979805
833.5114440566696		483.87923605082193
997.2135991960356		128.8463484161291
567.6936807049784		533.2299446217478
772.4621125798167		934.0922384610578
823.0659490377855		516.3212915558703
622.2899526439899		413.8670238359723
975.4170258579966		491.37431332824866
702.6950630903095		672.6026586508863
339.2778831177193		95.74892465419367
488.19108747091207		198.59970287870436
333.4938347147216		95.16767667550948
780.8766853139464		481.7376763033934
1510.109067876896		552.0687457857225
984.1571257989111		525.8728607648533
426.98211543396735		849.5743061903768
339.859238125563		233.71577819913102
187.61726681677675		399.9050862254198
589.8856335037414		447.0180697104015
518.7736105256813		879.9533685338135
753.7467208531054		665.3308457367219
263.20737588719317		422.4126143819673
293.3632637290518		910.0642165838565
431.509937449819		177.13147354466935
353.95999911641366		707.8171693242166
562.8173454464978		231.06556594316174
327.8996083374045		883.2736335335544
548.4235592482592		510.3531032525543
397.0968165758799		506.9684331291107
877.3486923039673		189.5324692602636
305.95027228925983		607.5314919630613
542.5622441209388		531.6684583250066
205.0520171198794		412.4927745118309
217.6979600690214		77.68651407043092
402.606520076686		570.5156186604765
821.522845130005		388.3829549607591
579.5483293158625		557.0517437775445
69.96340109169603		433.6959776341122
509.1674201034742		217.27919500449286
432.76753886247997		807.8354221484975
675.3621007039596		184.4900719937384
246.31327188273477		472.6110822268917
532.3004695763757		558.0589425309604
469.0440105186098		211.2880547304204
690.2819389611807		930.637701786746
39.04133464480822		818.228863040352
163.19438675359902		772.4813788238282
1590.198850806439		669.6963281281498
718.3221481594619		24.25234875704018
492.9507342698914		21.630128341710247
127.65484181101044		579.4712365875371
909.0291385844037		568.9739750401196
235.91638727088247		257.94271968798125
1579.3146318085405		593.915611380314
1586.4590690144091		871.9425430727956
1353.3924844745477		172.13080794467191
1570.9705593434223		408.90721445681976
374.7956599092538		433.5084085915264
577.3719688809476		485.59930430979944
336.5804777831214		307.02036043788803
308.42422769183327		661.7614250632864
498.0394236584861		429.8856864779133
464.15878017124095		882.0416227420533
70.72291313104364		527.7051708333147
240.45189025778035		243.40818753280428
571.8976448209445		513.6006252976332
283.4100327291411		571.8436523778225
373.34590291483426		342.6572700812178
471.9145014978109		508.6279441439671
911.374770558394		580.9398807468376
1047.2821258756733		530.3700116076142
491.34424647496365		974.8739213168617
531.7976414109162		684.7063809400667
97.04804891492392		908.9865338332991
336.7086930236785		593.122348008579
423.9684177594836		305.9362185732848
738.8381381987892		529.9457304362536
1563.7667297937464		850.5558505182316
310.89378517111675		199.02332659481783
409.18492743488014		565.0115672664972
1586.337566556937		308.4806248818767
522.7066697959591		434.2473429263735
260.2286866221708		810.7547997622594
580.4473313510825		301.92147252488905
196.86226770733361		873.0816973212384
606.977424389598		174.5255362145988
126.14597882722563		527.3478219548637
893.6475768772448		712.5968789153472
120.8250025828209		164.21319597809793
308.45381213061876		708.8526755393385
1528.219443733984		669.0157599367137
772.300757126086		689.8421501284325
524.1092855699802		306.53872417861487
602.7145395908315		708.739804850733
424.0977780578803		31.946127925955977
842.6661079625738		879.1698856583695
558.9522605081967		681.3301317526907
131.54734902329		688.5405948515471
325.7873573585133		626.789981803258
1466.743289388471		60.042494711935205
214.3605850115057		726.0032009670527
1403.2963968982276		238.77698465560144
246.3989824150308		750.5493969056786
865.8671392122073		761.3709417940372
889.4745430714631		813.026730174036
403.5166509528205		831.7720002396368
796.2588001692433		610.4720823825983
780.4726278814935		579.7999474714194
423.35232099063523		541.8056101292644
466.0021956919887		165.29069186104834
625.1340242702801		522.2185947477419
1534.2575606469318		829.7421241894625
726.6813519037958		427.2721250498796
1224.2081739202326		445.5640100708456
242.7455435243064		37.423667143409375
352.5919604137066		532.8715756005729
816.8028419920549		391.92325973840207
453.7678051755268		543.7998697558409
313.646484375994		606.4174441392887
105.94227543652136		651.6805895185364
758.723006896112		698.2908156113767
509.1020148771175		318.20400940085904
697.9732171963759		16.159667343858473
28.833982709934446		285.16260461798174
780.6505035648471		200.65656669094903
515.9467225803763		867.6423286177628
268.53210707031445		308.1919971415972
1560.0151550308806		319.5642563305656
681.4563719104079		483.58533171198917
181.007244610834		587.7600317173168
354.8861217260635		611.2944000576243
738.1812297319117		92.84212415670538
361.3716842490611		362.65261315714804
689.486841681618		756.0094525712495
89.37076767403238		441.0099398628079
444.0660109559311		885.7047786474013
514.8784764034507		298.7161558021288
272.2522699316735		761.9194537748966
123.68230066662267		763.8034179550009
1273.3893584351058		507.6593907759617
235.32118124488386		126.10417835080415
218.97227443647904		896.0095478166982
554.9946517528329		628.4521989421181
503.8697786177895		312.18267422213614
876.9743644231276		371.7439385340757
199.40281709742982		342.22705961513753
938.1667197163041		395.2802544615558
93.983612371611		294.95427247210444
388.87785047727516		140.47343074526447
487.15723007830593		265.79252819111684
669.1536574200636		749.4233389401688
439.6439533984098		471.1766644576469
337.3364655432885		930.9135840647766
313.23075518852215		394.88242558184515
869.2818785917746		947.7303752184534
807.5444458669795		937.207636105908
204.985443404168		656.3588104520637
805.875124244197		340.1962525696797
358.19959015551916		151.01393984014953
234.03888303277967		598.0612800363589
918.4864549279157		765.6582386021205
97.37125021615344		735.121832653956
1162.5295213996324		166.44413503826877
671.7302078913444		73.54533685668548
539.2742745462746		438.400323636352
171.0730918008254		222.90958101168172
306.6555524055341		502.4496375356981
437.3076571645724		476.61094951583823
484.0539518446028		753.9634546567322
443.3895566062818		428.0417773053493
6.584779220189205		613.2399213204895
793.7096249724682		566.6650218037141
955.8611003761814		519.4190864901414
407.3820046789014		550.0569107259381
875.5595002078155		400.5990622777594
298.2018354702127		833.679971944664
765.1708427226557		469.8746877114855
46.16514393184076		404.5829272319784
865.1486878117262		860.6760025879729
453.41609334554533		518.9624644585906
968.7666121165284		49.894601921983906
296.64404173174546		228.57130059385008
543.3826562626778		198.57216071380896
391.4018221719423		477.104213041786
495.38223637852104		599.7207453325069
784.5276162415765		166.49672435263187
748.5327570387437		295.6492436072849
634.4425491510057		714.4950975257223
371.41932912257386		773.0328161333683
249.13022951875834		593.4481850565364
334.4457153203716		819.2399931532384
423.8264122564758		618.6571117544547
280.18305884532134		622.7953092882485
30.930772952056657		816.4729890458356
327.2833297455053		388.37436579997365
692.6924390600204		942.7886207496815
279.45451036600184		685.7610512626015
294.1392416607958		705.4461815904018
1215.104619144876		871.7552864815616
380.5730529451795		764.9696609928058
700.9163431310916		755.3487889958885
1522.575457844986		657.7165402086306
573.8004922627853		8.398162643617297
1026.011489719017		682.0227146390406
689.3768430549987		977.1312158335477
50.75710592512934		126.7621882426721
200.03388242508538		162.82851120508775
267.4001173665081		34.28657297387173
620.8135606767597		269.1648138138869
538.4599571133557		755.0785020229785
1514.897112196066		215.7779071662863
404.50178444055024		396.3894874858189
604.7484591883411		206.16241703814603
1060.6305373883633		369.91608804467603
291.56938760071836		489.7080904673655
460.52854635337513		448.8065481431372
433.38668478223946		508.44347467452377
355.76778413751686		725.8275852946949
469.8581064310098		554.0787224158239
674.8321422738661		651.0528009939476
694.6896759878397		399.82563230554206
429.22523688785674		647.4682617133144
499.5925617886861		453.00900288577105
682.6857432591023		632.8453960710785
444.21018717633683		371.04549006097136
