284.6756571352853		991.215373114791
881.0666821368524		213.91887214152462
868.6839194627527		370.92885402678206
407.63570753635076		783.0000803170201
980.5741241139656		418.33122486256804
6.034246440276263		565.6300420359116
240.29377692822789		261.1041208078673
1077.1025356647565		685.8027360781184
960.7079926387153		94.40408269547538
955.8043019424276		634.9983110027081
643.5495689083614		300.670282731666
453.22397631562393		247.60471727124218
250.70814152911746		149.23794241466624
224.704708117697		472.1103127423778
721.9996958053507		760.4665733520042
553.2802768172403		314.80694817542684
472.339368993569		316.76623690429767
487.7696175110595		92.51113868103351
543.8071632056754		672.6887352496095
334.60711045009407		258.0274563574776
325.6474311223575		483.17860176395027
169.30377868987716		183.72778661214824
247.3133590350522		295.51341601287714
874.6814038004368		619.8556005768613
1057.9055054641776		533.4768545567542
473.6301674109113		289.35681576698966
735.3705333490427		518.2114912791696
712.0678616815512		844.2127634231115
645.8001894946393		130.62022845030936
660.9085714078074		997.3899591252964
632.9864184604393		799.8424966082705
231.6022278303106		757.7863182843312
591.6382247538219		87.08101753331147
315.4470423195112		644.9950024618504
794.0041852690522		703.2443731767032
223.19731005522556		216.95932388658042
270.6243810902285		953.2479139954148
781.2865391060043		531.7911048644957
381.4306460447316		67.02860587620387
440.7281085041948		293.4526395872832
111.81943342189794		441.2575060894736
486.5585022889742		42.69926724952535
820.9600727822883		625.8121812212623
359.41385670629927		856.1028373658688
514.607085212709		22.125519350193713
289.2981828503231		222.77051156626715
510.37853071096976		973.282503825754
705.8056133622065		709.5941297695133
439.83793780480687		95.0558475981993
762.7672927848276		575.1947919640147
438.74416907186367		530.5108138107449
391.5942780338796		286.66075660826016
398.67737189564144		409.8248636817019
446.5302919581753		737.738841509171
758.4109165121527		229.57042911213432
7.402120806034361		748.7684325136688
456.0437541284801		927.1400990832713
201.4552344763996		399.3186444639857
395.4474073725483		669.0984977508449
863.3176508670863		727.3930039618165
1204.022761677126		294.10481561232416
641.0546345408884		941.7389521874819
422.7623832080969		756.507756940102
137.95081897739516		398.18963661835227
198.5811613935627		527.1286259231122
179.8856082922926		881.8873502588965
280.83755049289255		109.41233895713049
87.09312704694628		760.6254493062836
813.1299421458111		799.540211771196
625.0373902057484		562.7077928833049
788.4177115228831		159.8022819930988
374.9348694176522		307.1097324449884
453.2980324746078		3.326249917907546
1545.0154308829572		532.9753262693217
694.9144170303182		541.259100586393
683.7687983071761		32.01510855810318
105.6644567071171		68.8474233598946
72.57556682265414		282.8518694578923
1215.9340240654878		562.7426871162028
247.15238340286416		543.0652158154566
659.4391453203392		364.39673750453073
206.44184057337333		198.80986676813473
534.1971939418553		801.4575077014151
675.9949229500394		461.0813319998984
527.9157931959147		683.2380177645935
910.5443105757482		706.8864749272285
541.1376787789987		654.8310674783829
204.48855947354247		643.0425678916544
631.9129196993026		774.1478180185441
179.13806982310678		99.53865862679686
739.5379357786513		626.5124851763854
542.0988679259266		864.9667125169354
522.9187831851209		200.55304782074188
50.69257733741506		401.42618976412723
933.4454272385195		622.403961372303
1019.8693132862303		715.9337221740716
549.7049159584406		2.100747774579986
548.4302320159729		338.06308189119284
395.95444934681507		494.34660390263065
943.260059740792		769.2623862467433
585.313014776342		839.8841191617998
497.2248355725129		113.75730579566033
470.5330993510029		285.05006575200963
438.60304523734425		832.9128139057245
947.9502252228235		588.9565885451565
126.28676211659433		478.08331134314
359.51318451569364		759.6952431587174
439.5077911261211		532.9359498021834
757.8881340048623		919.6341385361584
998.5299112056864		863.6457676622829
89.48988895858753		599.0818302951795
236.92759395513656		409.79934173077106
980.7030331065134		757.3777096886131
197.88916848714524		237.01763191758744
260.78275425509025		354.1986945165429
435.0066186073947		578.9924730863021
431.4815749976819		20.88739415985134
337.0444952373514		484.16483205420286
254.7907389187064		927.5584951583971
467.3248687541744		679.2442498018446
798.3200505195075		796.4631473197237
560.3877303575583		205.28297828185856
478.7178649948561		972.3989321279406
811.6408766893899		345.7498050561601
854.8583975388276		9.539384262484418
384.2786587262115		697.569138580549
756.4655228047039		612.9769676239708
222.55447073729835		440.4880712619605
699.3314730666034		587.7317105809512
310.88750775186224		350.88343820915566
1173.3999980469416		325.3717284602376
421.80237124302784		1.0390717637557714
437.3677764728359		23.237928566296887
182.6895790145566		681.9630470900953
349.6115894928575		203.48906056920094
253.08971730232756		113.39392590652477
915.2085820224777		494.3043474108875
855.5401832437628		19.426844509180512
406.76035804152235		749.0215787029445
406.76073236186033		439.44511110990663
67.36022161742528		343.936016232567
888.0097125088657		726.0746808410549
216.81522143587824		119.10653144857525
792.5534937994577		550.4500881605541
396.14384206218176		3.2056608009141314
403.50343946287785		334.0423016354323
1489.3967177231689		321.34150541218014
153.45864928303064		683.8586631226175
901.6749515255528		419.13057674956207
444.2731180870135		14.663867395380635
512.7180768394899		372.1920305862798
789.6708777127262		713.3188420863899
941.4065564396828		149.932325671728
307.79654950223187		661.0166066328765
457.8305008538648		16.33178846141982
581.9324155411209		5.76539410887392
636.1743034032373		216.47745538126804
1035.6447632403108		913.9766320942019
595.8652023928726		270.3576804588405
601.753076093833		45.59067314032984
327.0974120379243		461.5852726835704
875.946257031359		249.3906982546862
489.51128755727194		69.14498113445711
859.6705131771597		464.08545209041705
518.1723937514645		508.6978588704907
647.3710590950916		231.25048135531193
767.6376317869981		372.09250542511325
866.334934304638		828.3813547303746
730.6213423106037		596.0350014834962
622.1214735143134		949.4949887072004
532.6465696474929		239.9550505729556
599.4731218852867		450.9207862837978
695.4293962330014		321.42174624983704
151.620631373126		369.44422156251517
875.0458930166808		781.6600307212325
223.12900006035227		465.8241091878029
599.6816105852014		413.9284502866749
332.783072750879		539.6437556310397
379.05234010109024		663.5263358290076
1071.40546146297		416.90232663495306
1552.9413323626018		468.2904532964533
573.9320051966257		278.8207614138534
478.67005915762417		783.8472005904896
604.977760651102		798.2923802536247
485.18354368113		723.21893525374
89.88460355740108		732.924825846576
700.1682485374416		808.9229235852447
493.7104446924668		644.569620634559
749.782625584638		649.2889493794055
368.1453821246101		169.6782901870355
130.77023150328438		558.661638869598
347.7750985919011		539.2763539096487
976.7831678434884		561.9234110851747
951.657653319508		487.2455732602855
401.04898262968925		760.6629274455638
745.4046600014652		421.40836934215565
300.3547318329572		748.5128470610433
560.2345853083607		482.4673910160333
1063.1294661233064		272.23803894619175
861.0899196545801		718.7571607788767
488.37747503754986		465.6795595664531
402.50481472895194		806.6504009138965
729.2385456620464		83.7309560183549
500.8946743115446		184.70600110424806
398.99924647621737		471.7369550681376
709.5182710155418		579.9245612520765
236.21877103281435		553.6770274513773
855.3267972390279		846.4106657532277
568.9457696920277		493.57420103785523
700.7020761878955		515.5568164508649
285.1986310498407		834.0885145876298
690.8442608525172		221.87121245306605
776.5223053379907		638.5978985651177
755.5067053873402		387.8098123069569
267.4487758507838		115.03224305947634
258.17127622032365		309.1646528428414
483.4623979607605		758.3637497109548
1216.0639874277203		507.03466659750177
835.8021192980157		173.29940947959204
978.5268122421934		112.35956299677287
271.6329429740239		477.5627480706653
634.5348339929071		126.18288075695818
1093.085663001433		222.10330064236973
526.138002349049		597.5084369852365
766.2568147076482		25.067365050896115
266.50768339216825		531.2870028097317
318.1442197431487		492.3171995422485
59.88053336659442		632.828873131107
744.7425331328199		393.01120266309425
677.0321468617092		438.90366581703717
1083.3017524791524		643.6068153434644
462.64274020343726		796.1521180980154
429.05278335205384		612.4609359722871
356.30049360283033		583.4625366039764
469.3232425073781		472.73535914983825
460.1528334314687		499.07345019815784
529.759824429748		244.98298274474502
535.057747170162		655.4551507301042
906.783863972753		63.70637538004769
436.29420624664203		541.3407863629359
652.5173851130493		963.7334580478594
653.2364971651045		526.8103143214939
761.5401732626793		416.93244792873134
621.0379189487498		458.38322625676943
769.8834182923581		743.6882637140844
481.30434661324813		486.52044343259564
760.8450016493687		924.9607431580038
231.71524004512816		443.6233881035047
659.2370298128783		621.1253609924604
344.9849086443526		132.23403713684428
434.200572341771		307.2422085392035
625.7514022233927		206.9296998202683
430.9226380041184		143.386087882595
446.40442598348653		350.4035025973146
1447.5088545279937		832.1228656791191
641.8464943973265		872.7651564551728
747.7000468292449		986.5109128013564
824.6731417026758		843.2395889038195
644.5871373892169		342.935022549921
965.8010546551409		699.2934655659546
445.2803065971107		980.676222151229
628.5869943595401		391.91921896384065
254.08499451887238		57.00811479491085
402.7170775943167		31.952368749002744
144.48295358532994		569.9984213062617
158.28362080641108		631.6544743300054
273.2840110371379		467.4498638394651
292.14851271073326		175.01434503652933
712.4341576272711		419.01200792678367
322.1935463260496		6.172451808766596
1095.9729950042383		419.09973985483515
989.7967742030069		35.904565444950094
694.3977691537874		336.2419422161198
510.8457792515835		918.5901145019395
345.89777522263125		999.2899629692176
1400.7073365563542		945.4511786226466
898.799728028548		215.9740377904463
914.5528345010055		210.88883899188494
160.09643004046563		588.3115918140145
931.7072040705154		744.9167062671988
1524.183750693506		821.5473300729554
571.6845375533645		310.45583801886573
458.11111394104336		719.1067166906923
680.1986000173919		438.44704968481017
633.8824424949122		89.94807458317928
197.7232395141777		713.7496257387897
887.2059191685087		854.8360741310829
198.57706820870243		116.9012766489472
694.0640209382527		222.80124639985326
921.0727750615606		511.67078179388056
714.4180974293773		627.1817386619869
37.99893787905194		611.3442011630586
969.0684071898751		402.78832519122307
808.7489850964087		496.2325219545009
518.0758001300926		757.1475711892004
540.0524883681451		15.590231707895214
589.6043147460372		645.2961102140622
434.12773798879743		659.1582251216046
1040.330717658208		430.1427394644317
306.1815524702563		828.9337564222128
1580.1834104278691		894.7314195138233
337.2865267036036		789.1230747412875
265.64836458370047		509.21599390000756
544.1309773903192		378.16322921532793
768.8425399106968		382.77815033389044
460.2412310181146		387.4437654646679
972.4080053313819		913.9317430048702
770.2460383210446		706.0395918764058
915.369793967295		689.5924414613223
634.8398254044603		278.7578284454962
1000.1359296338139		375.6293700232416
679.2741053774016		677.145719677731
904.1559508580445		212.04438541596642
480.5466192791868		649.3958015977506
760.1734942196491		314.4500126717177
780.518058804663		223.20286051672548
296.9587990366206		69.11109318229364
1531.8392697001836		387.59988168840306
458.5512050486904		976.199047810674
649.769368429411		504.34445665995736
528.026042460297		683.7108374834246
699.3736149454272		464.07531180576865
208.099028808075		512.4299132168771
614.575712766345		257.5014605721102
623.8432285829688		61.45787374043039
1000.0885207971965		418.14649261573925
906.6511675383061		746.836023913726
35.9389888924635		537.8398808985721
359.93899439393374		964.6745016666559
804.4924810308884		706.5869633731083
580.1976652633213		235.84016622502952
1065.47768667537		163.14149646658893
868.2888704063167		275.5681689406054
681.7508573038132		488.1212668166131
1471.9538935763703		793.2109882113721
53.92033658958712		292.5037267886201
295.3355817694021		952.5160411817561
0.5411596087382122		892.8349640328111
280.85107199111286		687.6794135264264
783.9450284510524		346.3373145968741
634.7332964936757		508.4578819374081
654.6088498813751		549.9362977953906
433.84297892911434		430.0491198728468
255.23924674570964		730.5122763653796
485.40199407207945		419.0806436900508
702.6380532928189		36.50224845710272
696.8771721261608		5.052446100345946
727.8999210251102		650.737107218113
762.0803540330219		524.7686587778581
197.72832017106708		51.825058743390855
726.3989106566869		514.016486184137
428.63372068180644		642.0425906438998
357.05399340861703		271.7295641044484
778.4803260195208		98.28267824794591
642.447058744088		492.01179236073847
975.0589284555522		461.62079497470666
609.8421992965261		976.3144725248874
617.9370203541573		585.5043764904933
747.2392249974595		196.2981357966944
584.9386029330344		927.0973438230938
1546.2913636210465		649.7392455753496
109.94493536057195		634.197993587491
503.7246162546557		277.9154233441528
307.64527377680815		140.3087005640691
1367.138354008433		410.3288471410008
506.83907761377156		386.57106599629685
731.6262412633413		228.3469244463135
345.9532677778171		664.5511830444389
396.38117109932625		176.16339599886095
1128.244136795719		527.2939691529715
486.67745847990864		582.9647565780714
341.8765526562421		206.14306324286974
614.4971286656973		126.29455260180328
1157.0284534889422		328.89153777178126
440.4375656099644		732.0058652978253
250.15880854374802		213.2672526908819
557.2417862056423		352.95278294445
428.12187354706253		737.7165125301885
780.1830094986362		200.58619677294172
478.1991920129483		564.1334139113095
17.337784695114067		564.1984623850452
158.91664709452795		282.0454560347084
468.3642309172021		38.5598024409739
147.0367443033686		216.4905295451228
117.92109584973468		595.6820138315978
484.26429139673763		10.432437858157755
118.15856957425103		359.96882947944187
500.87062356532044		613.6232384925944
264.3474321757065		430.948775008276
296.5623850704028		10.282340928954
750.9769594199181		455.27259997162946
590.8287726769802		729.6604174342011
827.5747007168984		491.1580300377563
53.85969111638417		320.38816832304
651.0250134216054		954.0052203038379
273.9843238075372		686.1116588853844
507.50623868926107		652.284340913272
800.4515863745258		814.1463026933269
467.14364521574294		477.5161124275882
1441.3030203371318		521.6460828946504
700.3504976126111		536.6352450042866
269.94029622721337		71.80515491273582
605.4356655294357		311.33991689201014
649.3208212605292		275.32352931049945
727.3529094315895		730.9972148284268
552.8994190803994		61.51911112830658
173.55630168019843		193.47656592305242
699.666862023228		224.27827738777785
496.2883501586988		342.7443260322318
544.4927083306803		655.4509602999556
302.99264925797127		834.434697775012
460.8807787036085		107.70052485481614
341.65117414937447		506.0438270668685
691.8729968471637		348.10313885653807
400.88593679409905		37.28774056076509
393.6952408568103		180.05986042097157
729.272544342282		846.7335665141746
433.66307950287523		386.3769020136023
686.7538428653552		404.7183504307035
601.5020785072238		13.87337580691144
1381.8632864853166		355.15627299114726
368.01768851363613		52.55616365652986
755.5097529250343		324.59485708117097
266.7157685917215		508.46507230009246
423.01112843409305		778.7606710995082
695.6643529233169		419.2734414917985
528.1484784557477		719.2949833550758
142.3399541680177		286.42562549131003
771.134701623797		469.3790133024522
1534.9902648667116		203.5063280961952
167.371854621549		572.1689259101738
817.9188952840732		497.49137330708095
846.2402008489714		489.75290906963176
864.3830684763104		641.4773690410865
620.4607795181659		400.1860140350484
421.8688114298242		524.241123656765
228.3291540025847		934.2292763489752
968.4204331630688		906.9340745121355
510.042447296662		736.0576597364425
442.47464885755227		492.7211650162283
307.8702474354485		255.2787996292623
446.7032398774097		772.9798455136684
913.2417198315022		914.4699118000142
186.1809653115286		457.6582192937962
432.16408133512715		874.1172577147297
855.6072951884512		731.3398434138259
628.419684409292		642.9093445390301
94.56619619704003		712.144735016472
309.580619419438		742.6031454051097
281.30013359262955		942.3856797372187
332.095760246599		105.2609909020839
395.48517519142507		819.4462116976644
540.1429112839536		569.7320876481123
174.82399250281452		551.3832626498862
614.2921902284564		485.28251478283147
903.6584836835602		982.7215630913627
525.6827962753991		494.46712153649855
429.5638185824818		921.4704463803974
1306.6072012982117		880.5419950175851
694.4802048537385		330.22609279458743
1108.2668916231833		680.6924147555558
108.3867346723901		715.6292486388603
1184.19376037458		507.6897437703611
856.2939116294426		465.2715218726139
305.99982220312074		840.5720802109295
612.1958325065096		82.7518195834732
757.7491563973637		349.556725088783
178.5744384351579		865.7856030206486
424.51555490473106		896.0112087384009
484.84474584866086		614.0807115148162
406.7469360629966		349.4654946287348
403.8693923796466		270.7733448640877
523.110917913938		455.0531950503272
349.4012739592214		495.8427124548798
491.72487219269124		726.5166378020302
709.8110233139096		122.5151499623334
1082.4354426210693		747.4776291507706
940.17172028049		176.12742870067865
910.0115582803999		548.2550429239457
582.1635902341925		764.8880029729185
603.1551741702873		614.2903966548955
245.98146412424262		51.856152978135185
657.087600308753		930.8015317947984
646.4812155765715		271.8558212376349
276.18507455867456		450.7088563401215
74.34575304514817		191.96972061848442
623.5408103575303		956.3225918038115
917.3307311277651		26.673946058019737
208.11527751593508		233.9167984859427
749.1866881869305		928.3113260310668
579.7575043737296		856.1558055130915
826.076794354561		55.674038175039755
581.0493740706181		708.3428783620245
440.2063254700061		545.9673056687889
451.2736121023498		254.9398429626053
1214.3474588708907		542.0558374528214
215.65225427848776		652.0862809279649
451.3542432702047		84.10835482278247
351.09275278588984		344.64130326772664
752.5028282117008		218.45350601937304
636.7978633236606		633.0896452147912
823.1760830082221		508.93790661326085
339.89972120506354		875.0107455590494
704.9004491638188		304.44888899513654
754.7514433539361		108.75257205765837
488.0909009337384		327.744793730076
372.2001489890399		623.0916385882022
519.2218797277933		183.06019888426846
96.44254426090578		772.5530400370507
153.50741142789718		224.87539206096233
571.6501504049021		425.5044272497184
708.2020136296846		408.1043001968013
359.17204628762875		676.2971924949941
109.91431546407739		334.35545373505187
1164.9604816701824		739.0645589118471
468.6933473302729		132.7282043401999
842.3570421180523		5.504525746174863
799.011164058242		127.78171536105208
406.4976065078347		28.264260417229252
324.77313851475856		373.3322292567801
710.6542245361247		589.1254829201595
433.42541876223083		414.17105369135425
305.56849309794416		534.69036366004
451.49971027290604		443.54762904558675
512.0839123047813		912.3042625421635
778.1191145472116		202.181623564225
517.2072037637614		690.6167921160151
258.83495653796933		84.19776126114829
894.0450319167992		550.5686931070093
649.673464645822		286.14029684056214
1093.8433921919366		684.223075116842
469.0064063836778		839.9167639652435
190.87607996307742		932.8203050738545
106.72225704843765		478.4103311649984
661.0842423797951		373.90114568978424
262.8924239776788		384.8791321345552
308.32645011573004		17.011376956929553
515.6776859278465		158.59915440116447
673.3301262574881		392.97099353290025
494.2959534820869		595.7951746037686
289.9856117611955		920.6690264259124
625.5123522323979		866.1931269671167
26.56232261881695		824.8000974265046
490.1740198220125		601.6315404956129
863.7295077438741		199.3442684329567
587.6741826862229		774.4356491246164
608.3429368442573		152.45004923750128
123.67076554364604		627.4802870612452
269.77699804197914		695.0553855252663
578.4818360193361		200.1648463782504
801.2456957069169		983.9367017277335
762.6492363279699		266.45372689154453
383.80405950334944		687.6151100178619
984.6419105000056		378.55866894503595
1357.8908300377352		583.251511766616
986.4702614360872		614.7873957640552
197.31617931899518		463.46585976527757
417.860635329687		981.8880922409886
731.7645897917234		821.474135941242
461.5810384767253		597.9486594151973
1533.205715655407		906.1376974768826
697.8116367402778		257.7439578723499
59.645034954671814		242.88870004395005
561.090402555032		544.7574657109832
307.78928251585546		441.54516744319324
445.212864323962		567.2721596543137
384.56758305626863		720.8294440778188
551.9425674914515		566.8906148072981
509.49061503722805		140.50262320232423
920.4945326666185		527.5509775369463
588.8107610047341		626.84350337207
852.1808033875898		560.1766835852022
399.61842125397294		933.9278727614046
522.8590007298259		19.868059147252325
823.1175672969586		946.2738695466726
721.4083953971547		689.5625656465392
797.6335373937741		473.3943467618596
476.0466978423767		483.79408998503203
1424.690708894932		39.72227447642081
803.052182149682		587.926711364489
1407.6668464397487		474.8718673792522
835.6560209202398		946.4316245744252
222.3360794758148		59.485402221571576
829.1132884953033		688.9351272566761
675.1340372462882		582.5729533495162
618.4720166261451		658.395042781399
216.92645717906652		289.56342574197515
150.33188141415803		569.1958310716155
371.43738907641534		339.95093761654175
370.3156473601392		570.4694071797389
294.6559741160391		294.9340896118689
543.4102262929466		706.4394532284963
1092.6528166117366		398.4790891897491
896.2554550215865		884.481372256291
272.89870607388366		436.79404758645035
840.4988596157023		589.0191781158089
625.5121501199474		686.5192015443861
1556.420642659702		551.8651298057821
1.2906816084777688		848.1448673304634
49.5833795093605		339.16165743800184
317.4671781198223		639.4636699187495
1593.9850301095635		314.4288157700886
339.89598889497984		490.19846125065425
1235.9762568063877		587.6607174439346
546.2146461621212		958.7191907493259
643.027273262943		997.7444869012721
622.8988849502036		256.05043535306754
438.67728588280136		821.8502407168039
495.4792156056316		188.2002881000825
717.9173468228777		284.386547911092
265.51768437017677		337.587907888549
290.45672779492355		183.43046553219864
755.5528017393874		575.8490173205
1055.6609783138706		136.25900007588575
359.37459733829485		712.8712665037369
828.6936694007122		96.59358108837068
57.840821498599894		320.6716830567258
545.6979580598343		942.9906714080391
454.522549546342		659.1340791125969
301.83835251963177		139.27882005452335
509.07741137411193		266.2857394535325
759.6266634744156		118.75317346190218
80.0252568080806		363.6859648797147
967.6679816703147		671.4343728461671
595.870987394276		671.1255764941999
877.4114499539314		162.63901722950845
360.2681673992174		941.0826059128444
415.7976864313859		939.3497981241952
277.34070555757967		672.6860808026017
276.8598709899836		699.3912470798341
609.6403861919612		616.7918628879464
572.0016040739974		419.4589724786483
645.3526027671571		637.3282473619963
357.9822749024944		764.7788329660486
804.9844812742638		249.28310239806814
315.9552912483621		440.35214491420874
1487.1825879400658		904.1103745132667
903.4174765652824		108.73926472032144
324.92810552655595		980.9074557635114
610.2901044306457		766.2002958930523
578.3573515422518		499.2366186154983
236.87941103793304		673.8789598562824
714.4266666492433		79.3921925443367
412.19248792217377		18.509427705959865
169.56813373326133		684.6700350657277
592.489475277246		666.8488214351545
512.5800777176705		834.5271544044331
994.0082194489345		758.4643872949629
1021.405531182389		365.5327306086774
744.9642578784701		350.8300702623544
206.06070540205627		570.6927973064924
851.845778212276		166.00181577102353
505.7175630309911		280.0060002344221
767.0928695466253		810.6411504537372
468.93920075335717		725.5885912548083
1505.1065692160155		293.8148393427398
489.9069528979184		339.81083252840665
84.41910446728616		293.37862827033126
1038.0161482970352		980.5900301643061
860.1780760766026		407.07049739128394
278.83264218321114		370.72627638467816
699.520220780115		674.9690635845878
422.34807251565087		568.6535105562708
982.5303081256573		241.215416290502
354.2937213214327		143.64183593000854
723.4758525160615		557.493486184381
743.1997883135333		376.11936901177313
259.4429753796555		723.7226401951142
630.3158419387462		341.43119525573684
1050.5524943305736		601.4017004614279
391.1004390530153		326.3983878474513
1562.2645727058848		965.1562889329402
879.0841725064064		157.41394132156768
1555.6971654343754		164.40712374767213
211.87430457804987		513.8969577411501
630.65698639682		670.1046611343396
344.14532591544184		257.52769549460936
401.5065189334759		518.6795220968079
505.5221110242562		295.99920943494465
473.9837901407202		277.0959534186143
442.11697197263993		226.19006850074766
513.7269094464232		21.714568015647615
468.6125064247826		200.1356361098558
304.0037175370498		869.6341144531032
887.9760814625718		182.18631581679006
673.4082711087957		948.5727718825335
393.479396581109		491.90981875915764
633.4654205130037		75.73147399227491
511.10641449820065		632.7932520894634
274.71482232481577		810.0352299753687
275.9611844708338		958.6507576006768
538.8258252247233		80.83375092320966
158.8250030013907		425.23324699183814
424.15540764506915		31.830583937642302
568.2887893511801		457.8857189049666
298.90100210274073		586.6109530011194
577.2189750192205		38.454803657064986
761.8796722224986		2.499286833277324
313.4582318448697		788.1527826103631
446.47256830488277		491.8171806660024
952.2493057098177		841.5033971440047
236.3462973715994		266.94603802194774
472.9713169584969		758.4796944429943
1097.4024793025774		599.6326554114465
850.5591663429284		717.7861392427662
774.3148094662472		271.94331215841135
616.3986188000837		548.1996584237565
937.6086717224742		501.4640721749931
433.82294615842403		534.1416386038411
656.4841041513565		813.8701021718604
487.8016618880994		717.9733222064341
319.5881896774687		312.884303569295
813.9408008855381		381.772248734369
258.38880695484204		595.0183610476938
134.41723914185644		67.85657295325154
872.6501857368667		508.8907397198297
343.7899082609814		358.62937901726616
705.9873843789283		352.4254859804466
1285.7682259282035		510.0973400036036
506.5778540339785		896.1836739339884
337.2969535586849		767.7644208276301
1551.4230840430419		596.8545472642688
524.5979183996634		351.0730082091016
105.416231143365		626.0504311692066
513.0988739961116		761.0368670871884
357.624917797948		259.82439028057047
719.4743469076064		360.68765272060807
423.58162943711255		69.73714311817668
675.0442182571524		639.207576445383
437.4464965737712		553.0121804374479
194.02985792131858		45.75452658570282
905.5660325604665		139.2278988447677
130.23577452276413		216.7395424286026
171.64900435315423		917.3567135601938
545.9234380147584		495.8450872658135
233.56828810812135		428.6107637247535
531.3615814734064		401.60742550902455
713.2928979700843		528.4512121244272
215.3426417092747		732.210076253843
1062.773995864305		475.29128505901434
241.0041419892945		315.0076697552498
1587.6648550574669		414.1536984425531
66.33062177460852		61.704745259496065
624.6903853902072		14.409691494920366
562.6698414833015		908.2031165486578
495.5108427960222		960.0469337709906
736.1268494706445		767.2294575979793
748.1935439365894		303.3980201875927
581.4757572137189		758.8121026546848
33.97828364485008		708.2212320122197
594.9497903490674		604.6217301263741
263.906217696748		321.96302339520446
870.2640061526824		686.8021777208376
314.1207572121091		420.17577560181064
691.8758743504832		434.8702942590159
345.47040042457286		161.22478145775187
463.23168810196137		865.0178372993764
505.8165181909398		471.09660315087723
258.7724538449246		342.05567578861337
301.8786031151152		766.114219252599
578.7782638584382		563.7277090454095
325.58541665923076		36.50120076200017
831.5746676633571		43.848619193304955
344.78593297139764		658.1995068106777
696.2827825143846		524.7470691458465
469.6016453223151		425.648992716688
793.864223131187		964.0719505347213
346.0925291324553		562.6289445230314
853.0121778474413		145.58560197243742
176.08439073018167		485.3549007856582
879.6307495539941		206.48213185822362
760.1554861645006		373.8347883301959
451.40164490321644		587.4878226842116
1182.5940254716988		28.120785652661652
253.11909075521396		872.8028586589186
671.445182811651		513.9728441995661
1132.0224505303481		234.95403267271752
526.7350925021536		70.15064980297433
289.5156808060092		399.5719384658525
455.0077958309117		524.1913952494809
803.3647211976772		366.6566504614169
597.8016550884804		602.5247691924721
200.28919511014146		396.5529037548131
668.5649104818933		777.9348727362215
929.0201363208063		396.02977049764775
680.0817280562892		374.25337251342467
355.6742511221041		262.38831517806625
459.97684374007554		858.3710279719251
431.0206877540311		914.8228277676401
107.0633133902416		640.2279871630939
187.9390909465015		570.0468982498633
389.9900502873885		461.2306733213345
967.8017201813193		710.4129900220273
742.706867615519		628.3832714133395
651.7483591834924		728.2299980050715
365.01574267185254		281.3554250896228
421.38138864738596		899.2077681930468
482.0097946178272		786.6640653020252
483.30119873363304		327.71094505087206
375.7770188319935		466.00627256029253
295.8133507650174		767.0563865327952
1516.5909569656956		777.1271633163226
442.6418680538554		776.3551633774973
596.0927804650893		240.3639278725376
1283.7044396029123		516.896399571254
1061.8408701221533		634.9907525180224
348.292837705297		408.75940660261153
1569.719656358487		565.6285117825811
47.01738991706742		854.4257510693212
1007.9500245942584		758.2083348630356
862.5755662052787		612.8119643522093
476.33353988646286		175.31580189438927
688.5074474929341		831.4578253770073
595.1961737809834		629.2120668265729
194.6978024881244		404.5194023351378
749.0208798243993		142.00326114137187
467.3407327310983		245.004424738861
187.56661680283145		296.8579760152495
357.7911688594586		25.641781736450866
1072.4796994275662		565.9724434510074
307.0902086053251		663.0969658640835
147.99838383391085		12.35710230769564
119.2729282635243		871.6296162858105
514.0206121912796		393.7943533567677
710.6418804641987		425.4251727963129
231.89764888169128		812.6608992149957
369.805953775295		366.71469226980685
368.132631618824		332.2094322450447
1038.9133688070913		282.3730465627978
290.42303535598046		560.7721993635197
151.18922456433614		548.2786106605305
470.29785160265163		462.74046710224826
58.929477618412704		386.38233384852214
211.20872860179412		24.23463870128853
1098.2170041168142		799.9869682137137
676.591237063832		521.4489313419
1566.3131828197138		775.5962531482116
1008.7230855896186		24.990894395405746
315.93640562353016		101.42358664663334
516.9128269088687		662.7407962274042
267.6952373514257		512.0996280096551
737.5068036772254		810.2025567718987
1143.2821341614215		308.1858365861459
257.86974757373355		653.1434018410869
742.6620056375488		977.8618263972604
493.0697183451743		751.4985301166392
756.9551762016484		306.27697349802645
477.9234970847858		307.5078633324233
23.868872904048487		817.1456335709672
343.2807234545092		662.256756948308
635.6312588702048		801.3044253721091
559.0349918152		644.2783697020469
322.8481621709236		415.81624691766535
125.76047503031043		80.95728494625627
960.8647772605104		568.0134664938993
270.4667530436791		866.0355780301513
1024.4333851395336		87.59018895328353
124.10092431073991		120.06815564604358
664.7779461763502		810.8297444478242
749.1855166709232		544.9097442895959
187.13227181401493		12.575158489350201
300.90559993571674		873.6449770308099
731.0663179404078		294.2071688555054
1041.2809052351981		526.5531287979827
1550.3703281707176		492.1290336460065
608.4528028656598		992.0846726427014
96.7850493091766		213.0188982045014
59.24315084747684		338.9162319413082
330.5304189745542		403.14170006248605
1112.1842890754792		259.78470865466215
296.03644497017103		842.2911492007945
950.9790818407056		188.1120103291326
147.64502957965647		672.5622096819731
619.8841579531557		725.1304176208539
1199.1085784025		100.90352406007128
247.9290286438932		298.6470367843018
823.5423999269119		489.058893795558
199.3272468453439		70.95446002703784
6.508496910674182		621.4149669445712
1588.873226300002		370.7660319951114
746.7773672331696		690.800805147346
829.4860173580362		457.2306314050827
719.3055838401251		273.8631628329569
777.2956914020201		438.0605952713753
499.3177475863028		351.3030888099914
623.9439185670101		475.33699134423864
576.2487197094747		617.7517559873994
224.35838613355452		482.82930917117045
469.8931196451861		425.13170148448785
460.705514462736		472.22976951313484
622.9830990423253		34.06367616435756
763.6678626891106		640.221009252868
677.244361669708		50.941077258778535
487.6473786171406		612.3107018886792
1125.2453724946818		802.0869144058568
518.1967849652792		892.3273328283719
478.5297469249156		451.6425687049538
386.12151284816866		223.32011120289138
449.50095892935377		230.71153025885314
851.8423902621518		42.076680546355135
301.3521007872835		58.409487263928725
506.7778987516702		386.07453773474856
645.2614902895024		557.360903243635
798.0929344066291		223.29399398099724
931.3867332205313		230.70849154382415
71.30920558916301		209.6410265428018
641.6825987786603		350.21994969174216
603.7423913460163		820.8295637045964
420.4401138276948		691.0389039658158
593.1542923636812		652.6824693968883
651.9347323938031		202.5570756840421
788.3502074104007		681.6016278536237
86.59077607516252		641.2809173962196
261.17773152232564		897.1451852053078
462.31069962026515		782.6521869397412
1268.748748120087		745.533858398942
349.0765578589599		621.7890134319395
964.8198047472168		261.9330421559275
763.7306987506236		820.6678711983919
561.0995061999655		84.50985767595006
200.81111621183533		925.9351886011059
549.7091012667635		608.6599646711181
498.0300943811147		782.6658379324308
267.46497435578954		366.4892108265947
551.3734933251762		949.8745565404481
970.5563072313378		168.81836536771578
799.4991416114076		824.0971445076768
614.3043653437702		888.2265876473463
883.5144267328308		109.94162718954794
407.96163965530616		341.99196912040753
460.0228422320435		829.0275004084197
650.5996720730426		101.21332147661519
629.308381683943		863.6724816669789
526.4430887273578		735.0335551748801
253.9740112870324		707.1431246898503
119.15923329538964		790.0637649980904
1536.9744914737257		622.915633881835
654.8335051870565		178.89617611034032
591.8027973552977		233.85420394450875
822.987881043422		208.65582799635553
332.87939277177566		321.2531241590849
568.2838112449816		189.92566402477308
817.0531952105437		718.1503242466686
843.4606158971288		332.456445089118
239.8233813202674		56.86642513462539
735.8723847005051		827.7879981017056
406.20833744672564		996.6908238878848
485.52836085113364		379.57677028296524
291.40015387287815		333.2629037744692
672.320895449351		108.88024991290382
574.1278229574534		679.9955800678835
714.3096108328351		266.47809603997086
943.4468598815384		367.72775848388835
342.65329676980656		176.97184999383308
402.96484982266577		60.468254469714054
783.8334027427616		632.1972765362306
246.39483060159776		500.07780548193847
421.1941621141636		384.5953019241649
532.7011204797813		443.47827453657146
347.8504939534963		525.1990314338913
297.6696152325595		735.8278377678502
27.09101752588839		422.7043074606025
748.4709634904045		118.54833588967347
221.77465618365062		741.8466003210731
58.124427058104686		434.5220845307349
772.9089775665914		764.3756396118462
398.47453503848476		714.2811362029219
452.3605182805818		463.84683217110614
892.4832637043326		840.6474103699586
964.6387269295008		862.8970483702957
677.3366012641695		502.45096440732374
514.2744345300745		433.9046273842939
322.08114689610653		726.4543026529057
635.5828191646547		634.5763700630655
437.43142247160483		228.23756371026116
229.6618510049923		498.55254952986843
468.4117449141656		511.2254452294737
544.6761294814493		47.80224838255265
455.1296634742869		432.74902612015
114.57512805977194		666.7792289386408
857.1527448858868		605.9185996421877
391.23371124186076		628.3591300248912
385.518197501034		405.3207550512932
327.03289419290206		866.8961696898492
1076.4938765355826		149.45890879591968
66.59668766306248		363.99336205278826
999.7056751679204		23.422647616360223
240.14570793578196		242.97396167713566
703.6996347773725		446.11971537907385
197.77109492676368		526.4695388981551
377.94215938385616		312.22629020509703
751.0024478671447		462.5455668474444
526.9798818253133		608.2860932277641
743.0063306472487		533.3326721251509
505.23710758258295		425.6923466491493
313.76122601191673		388.87927255028285
725.9426146322176		609.0607516268918
822.938380605386		723.0620922196898
676.6773981271447		205.1407847898995
294.9569105120421		985.8512651025059
394.36042735169104		150.89276006463683
193.7580400752954		335.8286563583207
164.89119392757448		182.5874820492155
819.3717680665188		669.7890553474355
882.396567446164		870.0671535051774
417.24444870032863		542.1059071918949
344.2183692936044		96.30593470094306
13.145318945229974		870.85641286286
502.1902959926886		328.4216985613583
811.2967297923786		440.44671297155867
397.6755626527986		174.34528013052602
600.1464280057081		643.6526902055822
712.5900846919434		871.3104435865465
207.33905180588306		499.84911447574456
641.9724541621995		756.7346610484584
526.7422369440305		321.8396923434748
904.2922711217315		375.74262941728637
354.69713707546003		859.1483294208313
1211.649648293217		515.4087548640993
135.63893400261566		913.2962434055257
823.2484110186585		736.198629675073
577.2376470470799		985.4861128514433
915.0522491822865		349.7103345449831
424.6971752851112		688.6920742622168
1582.7667440191399		649.4824197304308
1508.8600632428147		647.6013680466323
133.6268842810308		420.5065899927648
647.4328269180027		784.5277710687726
650.716039523121		693.025840887441
881.1740616179258		416.9114886083386
612.1060428577528		453.5727095057665
131.44559553173445		126.50264472437811
764.7496651471886		243.76704818101035
787.6255515657438		205.10033839319823
728.1296416623571		587.4633623114329
132.62850479778797		326.36158898003316
627.1435990946253		473.18606835851136
500.80628759698055		336.73947752090464
481.5529830582513		572.3789248168682
871.0252574075869		756.9545751668255
398.1577853970373		670.8860830092133
257.0787748238623		909.2023518802326
645.4978356865482		385.29183829909914
100.21760422915077		720.4335892570734
778.4779463076445		417.8412440196339
823.1713204299391		321.57628001523335
633.4514303904839		73.02428082615018
831.0046819194336		652.5398339537613
591.4328701613981		235.25632594401105
612.8085784704851		312.11067129290836
637.5005890449497		938.8614268594444
340.14948214907525		419.3592695868158
523.1447647725804		303.3043675406471
31.096132777234118		758.1211913515542
476.458839948968		365.09713176637945
355.74779217357764		730.948485833181
402.52450028390064		934.4083790575072
416.42256465429034		74.1498296650027
266.1105900793221		768.1629392248037
821.6479193829057		756.5738299689247
15.344030574178362		988.9487585236848
64.15739175539		801.8557419078563
286.57956640506825		456.70930126699255
583.0215251075424		875.2232454837786
535.1563776201554		207.44930439557766
626.9719178560698		442.05579194702165
457.35582238482164		162.98512244254556
805.6525059544157		708.5704566228014
798.3273224717998		665.2721273564197
560.9960415714091		205.51672373846543
917.8201393744337		220.22326926249661
483.67121974926573		373.9066020188311
253.15946751955337		836.2320920042338
949.3649955897091		483.2567620355726
193.67347195472564		201.722946047854
1082.2606223836292		415.7470955122425
624.260106554432		266.33651771176034
985.1046584851174		586.7762277703233
548.3830738852124		431.6955321506178
615.060808938767		115.93154611011488
747.9782817158282		823.6181612095824
655.4326672866017		480.59503062564005
683.2836347748128		122.28729954395101
79.09768463383438		178.34478249775316
320.5295052171702		605.076923935698
1016.6208580042425		517.8736397724385
680.2934855363554		270.9984238437807
1205.331647871857		665.2551863163576
286.1828113032591		238.48454088861507
732.1848994652128		950.1660365871076
619.9608723064015		577.029062083487
329.5383802047399		591.3566140598091
1507.4150780093		230.69962126307433
811.7946155298397		101.45798080657352
649.1884387039203		316.75210889003995
378.01714125609345		690.812030383551
453.6306527877957		195.52104128896985
490.5399570834495		711.1027966316101
206.7722531265195		434.77664200354405
575.0761256575861		543.4960437246692
935.779731674141		111.18177127076126
954.4803408933435		137.06824330835104
916.1957530174267		511.78828536333884
750.2705862444815		709.9831378497036
740.6313353398625		592.6495700651043
80.89863471008027		128.32042209435332
261.9540712166224		180.36525435602596
894.2482045424723		693.3907366406602
932.5387035284015		640.0566992762865
1383.58327510246		496.5698340551904
571.6687705532654		726.4393965756198
434.08566753745754		130.42914940239763
882.9774600990585		569.4042704877468
672.9770328210851		543.3797535763034
909.1265664380004		373.89638894161
245.4506306457948		626.9478829084503
610.4025010648287		658.4229185225872
218.20186794650255		358.7797174910651
1033.6110218786248		277.8691757053353
544.2699367838053		476.9721091909062
534.5891822553048		747.557130810684
350.143208606951		893.0169618812818
470.44147340326526		779.4389132127043
386.1400228418265		542.2273017211328
869.1464104615181		547.3785965036507
770.3363355575236		481.38595311123373
556.3255044401841		835.2493588034131
671.7908089811538		967.8068856188723
721.4332833229325		318.6099861342909
265.69054299683194		559.2898374624552
750.1772663282827		315.017656614187
733.6788060026389		70.65382002833985
579.1160764466024		594.1197184464022
610.5819246276199		622.2684755698317
701.8889957013681		725.8247845022859
751.6263459982426		93.08900860773463
368.26844702173713		21.415334846915584
1469.3442733932989		479.1636100918805
681.8041958097015		273.2212100672265
804.0365117527751		804.002070899007
774.6683220343152		644.0667310255849
162.94709376598672		327.80555247649687
12.24141416727042		514.9472706073975
445.12712462150466		751.0005150472083
1423.4869565262234		404.14003426265015
1356.65583724923		856.0868215355238
618.5403395853673		696.7672483058145
734.5313691346881		412.820799228433
607.2741140290066		549.3065071372572
271.3468530498336		857.0983331510581
671.0463458559018		703.4500448596866
783.2969337456661		431.99735450315075
997.3379187511509		14.77537530132173
798.6818250876072		469.55062679688547
453.5623027060026		974.5218233623536
603.2532473562865		545.9489042318439
1076.5864894368199		10.075647753091971
797.7348208126798		501.2045003036066
493.38000547066724		144.68636311886894
144.9748956128351		534.5088065922705
437.4974331417151		614.9887612920407
1005.0127921095904		22.224879671906706
944.4397754637151		761.8796927844855
1579.883279572196		519.8463993527092
1058.4689454848462		103.0898319471384
812.2145654297971		501.74427461055114
782.9734440169209		538.6375184968992
507.8668260548246		416.6008860255407
735.700570337531		353.3622559809594
694.4049084401809		892.0676159421663
379.5510773847211		622.4890122348145
910.6535981677532		140.66709287280685
529.5824908073675		365.35843387340924
444.2233627051865		948.5662108025317
257.0480789932524		326.98308317762616
392.14362473294705		990.7501090307267
726.6561603850146		456.7467999111157
739.4149263754128		389.59304920369414
958.1908302902426		213.8797468430272
527.0800126977313		404.0588281851109
237.0427170574377		254.07410857677476
952.3477717860085		296.7213926815206
687.7926361487313		407.86149469394917
371.39671866353456		297.98095155340116
498.6680695366569		679.6094098831226
1444.0760007462654		312.85168863607873
693.4171207801655		498.4414074122528
731.4286356051359		103.45878850781992
71.72131086792251		800.2307528942251
922.814829977892		644.1353825899467
351.6043527779291		328.4926142151848
755.0650624451846		486.4373780417206
561.9065668557753		390.8970533268427
278.0560800066512		130.79824851628848
1520.1609535604657		558.0185384107854
574.1088026135551		771.211598266779
487.43888470600797		449.8836103823393
488.97210276806044		403.9965794378446
731.6796783780683		962.2670192036641
432.32282029544206		551.9923761109492
338.01909312395895		724.3811757239764
477.55676028141096		826.444823863571
277.2054293229061		631.721975851238
369.24214435013533		529.8614530504556
745.5255401499617		575.3278201998925
790.9899487193737		504.5810135060326
810.443372564435		400.87942930598706
838.4274595257912		209.93218958042786
427.8418451229286		772.6177363273871
913.4866884127493		644.9928643625809
179.05205018948482		214.8170474956354
430.8174337267351		592.6478893269231
278.0887281315887		177.56996859921918
494.92889264837316		313.8655948544929
329.400100376415		418.66760856993903
94.80210616231739		627.8533039928038
697.4937132356963		40.4075183526752
574.1822368721616		508.6950736664008
549.4822254307052		826.0483597986432
680.8149265001593		155.56409288585792
313.6619673556043		563.4640312194846
327.06142665762786		385.526317909861
160.39724184244403		565.8851927672135
446.60029927479314		118.88156116613334
1012.5941958131988		878.6804573233055
446.4788287046755		751.7707836707925
536.6057638180107		730.2730770999207
73.07579080080609		471.66040709237416
409.1237153284345		395.00775506053446
1193.1253905810943		187.4073052378771
531.6034618016189		317.60401627052914
463.6202792094719		503.44889505797283
350.8471179825627		45.15534929731399
807.2572384650568		934.992773204246
100.82205815594426		378.776933034213
911.1321972768086		231.96684891841204
685.2646939223495		73.35301556342233
773.7466445637967		751.5481216813813
597.6769299192509		953.339325787782
304.2972858324224		240.68619004720267
1031.0084404714596		497.7813733757393
724.561978079322		320.2013260478732
772.5338411495306		763.1611993667896
706.1836680112475		495.18196093174356
96.50381408086008		146.1979602655747
1166.8597419281216		517.498383779312
607.5523808575762		140.0153743726636
246.14505596853718		342.6703617244778
631.171971901873		427.6805195153689
995.8681300020826		608.1232527977337
499.8635213134024		602.3476250871591
561.1189826624212		803.0634338264485
577.4740036919985		684.0462589040548
28.68911592691387		724.8484953149693
1095.6085426914083		13.852173569038996
373.29577728230186		494.25912142012015
838.4883396787372		516.7232562511845
633.9893611690857		923.8153395861887
493.1256873044616		494.39955176604417
586.4135940497972		313.14702769210515
522.9188024792787		591.6221964424806
642.2582600799248		530.8385295099037
467.9452471011158		909.1714798798248
375.9562194707514		897.0008271659386
140.8709036961261		442.13494170491447
129.25756749820886		115.11999661474238
517.7740320550732		844.1839580899743
1020.1693461522729		481.37637936672786
533.2366271048376		356.6566478871979
772.7496528984875		730.540607896213
402.70998547536453		530.6137831665595
706.3303585898792		510.8249367229733
462.08751952984795		732.9085850243457
679.6402029592932		402.29192290614446
714.2920829936991		271.38334655846825
638.771615365952		556.9711031103396
793.8356749700238		443.2556461079297
314.974503062962		767.2363535835678
825.9527299304335		692.6680886224317
571.6740402071063		348.8019744367158
460.13342540714484		376.09234045705716
599.8756034334485		239.7468681626222
920.7955779152488		375.56047099335467
694.6426698497338		578.5047580488058
766.3809423136531		489.22316908987136
592.1554011409719		611.0197441932307
1010.3157692886692		450.3518512191009
748.3764343392447		366.2108863118092
267.3182698228937		334.4864422790358
59.11111324649386		446.25785042469926
720.4860550004821		459.59534985960636
106.02904458949905		490.9096212630463
837.9636720188207		576.6787254318078
483.5850351323944		509.05196915862365
590.7006189865492		479.11446590548996
322.44790644483487		111.23064544867162
338.0120513536543		830.9174360717573
657.392336804864		289.69993075569397
898.3360311139609		586.808655983478
891.1560356006644		963.8543149351766
1358.5332369460816		809.8642627103529
1404.344123586534		98.96060662341563
114.28143907580119		683.2413436570421
683.4296817640402		491.1537492457613
882.380902368116		505.0014140149832
542.2228032083758		889.5804479644155
747.0793647066271		107.4632609902016
944.5479323967528		177.30513201155247
457.29053144805357		889.8328686923815
489.2375181790438		138.34694889339102
124.05115001199488		577.661294826544
482.4118687459468		13.363158721723607
1521.8217065278536		492.94082214413413
420.7193980818315		302.3702392496017
540.1915591037855		118.0554745451218
71.5956690199535		633.6848640269923
382.7845582412192		446.5362393098502
468.1577541797211		279.6918746399898
32.423197785680316		500.17534190486225
641.8768554646879		755.8110793002729
404.0820695006737		569.8880571797097
1214.466411961345		624.9326083594046
593.2015666999101		213.11528416455917
482.44095003257985		680.2638310038192
706.0962142890329		277.5619493363871
616.0717220518791		503.26798819826024
547.8893691687525		766.2887801818902
413.4903479580887		109.37313659792437
445.37793471613395		458.61729227430874
552.540396731354		965.1774006438689
785.7230261851739		61.21917350976554
476.8236333221892		206.15227768157558
594.594612335994		556.5678975313637
137.6140763451474		728.2723355742766
900.47436740192		757.2151430143983
268.61421932260487		173.89352360937494
473.85603802400345		639.7943237220825
299.3236355831977		464.510144225491
183.8062486507817		619.8975256996004
663.5704796292041		292.96381218897324
302.12798509104744		144.57503287140895
657.6719524877408		543.2161343774633
1052.2449039173523		374.8024164919069
334.87453201224207		248.43920522148005
139.79923637475042		432.5257274285949
432.6297670122665		498.99809087999387
1541.0676133874904		164.39153489151659
686.4911765230876		786.5269687019676
556.1771657239185		646.5625023991392
719.8566477077607		718.3297236041429
1360.0024685187814		105.31376159139126
775.9130429344999		790.8236220243712
912.8170361812271		690.7945308183048
1169.895404913716		593.8375378972628
1550.6972221292722		55.087289761166005
388.834235395223		379.20011749629975
525.8368528818484		112.05201018575127
361.7609691890449		269.2134383003051
240.11937016670583		737.2324303254894
767.3408950158782		518.286963113792
545.0520696049145		500.27335582980845
377.1767168234306		634.3806659522619
536.9412012367816		414.9928912971118
407.70377676595047		839.6781669700911
694.3301384189915		831.7230658057636
832.4582428702329		926.6528764853697
368.3967928560064		400.7643392559155
56.12739500987925		15.230969709748479
134.30731695520916		518.9413953321587
1364.2537326046092		826.0668934822036
290.0246281948371		616.5074733313991
904.5738659152526		204.89946233290414
819.2649748537374		331.1539182753537
354.30795828189207		437.830510590888
459.1168164606868		149.29587789951262
368.7637134087603		106.05158427809215
666.732510873851		498.8889693078367
695.993896996042		277.44008762108206
233.1428504490695		807.0030762167769
220.14515510157713		520.920692651739
287.7923590833252		466.68741171628625
475.62328177100363		526.7817088167782
772.3743132278521		607.0119873752344
745.013858543163		952.1536471149066
312.21380842637495		428.89025455827084
90.47144099877016		720.363351892366
82.37067229812698		53.91305500850649
509.6993535118907		472.98223132883845
87.84664102160986		460.3879936692693
500.8816031637753		501.61364740412506
525.8636463354771		952.9082232982184
456.6840901421862		839.6606662788756
805.205447277194		482.8495959098825
679.8662610027257		308.9368896376518
137.3668685166906		759.0711035466848
417.4669130747984		822.0896603816396
575.3601566758849		381.2511174786502
526.6674741778886		675.5464497005103
708.1980315247256		397.197962057765
1271.032566227731		558.0321657885031
993.3055533114442		527.6429644004423
754.8218790413898		731.5495843116611
681.5407441345558		308.89088514952175
584.072599312725		121.70551037659834
1484.2646474245648		723.658119896146
1524.651075366896		594.3159254966083
570.6167850734519		386.7834497595312
331.09880025259224		733.4101705436627
503.77526622183046		525.2918790129969
383.2506744520048		49.779256976043314
553.3792366001699		524.3432697866756
926.0250421427252		164.47289502542736
721.8711358714229		309.2709131682552
140.84630219796037		864.8837306435004
735.5501332524541		486.88533200618565
804.045321656155		215.98027347638754
991.4468328287346		150.98039437393402
477.1749916652907		471.56975529422294
612.1561851244824		71.56670825046916
555.9058858553307		714.0164524397724
497.94287604284153		323.7963931501379
315.1446747729079		376.89045246624994
683.8389439676964		329.6812799926292
908.2913011157193		747.5798978186231
866.3641973027255		569.8232086334082
741.2356012339403		109.46464150079368
280.7870038407272		772.5020313052723
864.4128540879317		535.8039925678067
477.28490042810347		938.0713998804312
460.66748962966403		916.4358441500879
146.8035398684068		842.393021550977
100.00273257752508		225.64927099558236
279.6635669154008		48.40481557773762
320.9058104051043		273.403291647714
762.3510869299614		838.8042831299674
524.4715481664243		569.3499635707054
602.23788356403		412.72044112418956
296.01434594398415		699.7849791836132
74.63681335302414		526.4406814898384
730.7947458938803		123.75031772795802
54.187226109641756		429.17527942456906
216.10944233370907		89.37564997531979
382.6980996770973		41.71253969948401
722.3344719126941		52.859252299539946
382.38704860306484		63.95809404078307
317.2363939386449		848.0118694025261
501.07727067237937		417.89401758768025
451.3306939088571		180.1409530710539
741.4569420972263		604.9595769524833
472.9131178379364		709.4700451816047
153.14002148413823		187.76567067286737
350.1941932032181		589.6313624122615
896.654643222882		663.5376013454328
422.8466317501935		427.5426578290955
374.67745460079715		319.51358773998055
666.6672783728043		275.3503939884441
108.34058599465737		55.75992701153581
1025.025382012797		568.0618271377795
392.5315326100772		517.8340579042844
510.81328133580195		115.81662779110331
780.5186472190431		212.18105297766886
25.28199651559811		709.1631828055606
217.1918702809059		849.85108429823
375.95087525492386		348.07304112461725
1489.0950775066399		730.5233801807192
374.47885161057843		504.0413388510291
283.78536842649885		509.4877254355366
783.3510010769794		126.476663099875
414.4310622690839		612.8905840803714
1020.3280641542084		554.1203200833905
453.43447620590814		238.5581523599294
803.6853880136708		565.0538272434344
281.4950624019583		900.6505332630094
571.6855581029807		384.80699655078945
477.1146036680357		189.55235646356022
1535.481531158512		33.63073044984344
409.3742898639343		6.41682631056409
823.4294750133557		405.82145515066014
492.12577751526123		162.25682543276935
595.7641335474756		394.8130093907339
494.920921556076		663.4125973119742
691.6161028400325		483.7940432194686
1141.9848194348128		853.5959239403271
1415.9317937388096		746.7806349634263
71.24908969058907		613.3546885092677
408.971499520863		222.67053636338943
620.17015344274		37.211798675378134
896.5718512033293		865.0355560228727
618.3488896985817		292.1529250235145
791.6823828163551		348.636295107405
660.1625942475458		585.16219788622
356.68561500762826		537.587985412758
1412.8935905916092		966.5190761860935
631.4085899284935		401.358776642312
670.6266457653428		33.56275228070598
598.4983153228898		203.86228676683618
246.17390894150077		673.2853164902969
1107.8081844593698		778.4507343807006
666.7400308857841		724.556834774618
626.18676084903		406.31923024250665
