391.9058307722666		761.2094016376989
120.92727364056958		318.22505046826245
433.3951779994929		260.05772507280665
838.0489483396209		391.71980379896524
328.21349228984565		510.2029566405145
859.2423592538681		701.1250137750045
643.5831703338786		668.4640437396845
1073.645131615182		580.7322454090863
696.3958395319031		945.2191135750186
783.6375785256639		474.550812289666
435.52589652595833		977.7139732857848
646.8629294638877		465.6537199992936
329.7682659039717		203.5180139845442
464.72528394503604		632.506018484809
533.2374276458131		12.316318681707173
589.4698434325809		858.7959397212855
566.6891199531774		648.2241087583486
576.7383220634892		548.206047373163
803.8048857125275		61.93813773505832
439.4715441042617		219.47652736235926
399.1234845235129		58.58353015439104
480.8090363879582		805.0364306186422
322.17953255712405		994.4026385192635
1599.132509187038		660.9890058264596
948.602154406418		742.3798224546096
468.12835697484127		461.15365207141764
539.6000783531529		215.43496055804792
501.44224910862545		313.11860150159714
355.0236122448223		511.37917776878686
44.964945742548764		681.326767835503
1120.4910012707116		682.5368080635546
726.3319654209681		712.0798455779416
710.7580266400323		113.30921554436759
211.81233854232602		676.4650841427231
330.76272860379015		249.32759684265005
172.9855207757588		578.413915435876
284.74344098346154		463.59526340108255
1076.459927723247		700.577119659856
171.579361361062		642.4083872953031
397.4539415593652		539.4394880628397
569.6416943726899		346.466328531535
606.3998931499996		133.6256409056482
633.4588723386634		837.6878343293805
336.8932471261495		237.6118325431516
287.28982921133877		472.39712659540714
71.58332375355087		832.1667123030276
629.2959085568342		949.4208517421831
30.154696286589058		306.950643148027
1143.0506010352979		558.7964732474043
689.2432041361893		970.5223873249752
704.6749907304642		421.1512551130349
202.3587536188914		665.2925484071645
747.2840334770735		49.08914793416699
700.115920882707		276.5892056489132
727.2037450248332		520.0851894528196
339.39983598107267		829.0150528639208
264.014044462455		654.2075764117411
810.6790520702621		431.3521043092897
456.5180311931528		591.6100101284919
910.4605379958621		345.0093458993373
263.02038278311016		164.57468807234596
845.9142827534017		808.3024272374118
503.74211177079206		149.69826354292843
663.7291666056786		157.5514737708492
152.8677453755949		749.5188611263275
822.9500431959707		281.7973857014427
256.759303806454		422.6550985267021
803.1438685286414		126.73070078120276
244.34716547722564		47.588139546908735
415.2370853578135		350.6072027526957
954.1328222240413		856.7136603553067
455.8028857521733		477.6688345637815
247.65628028933352		300.57248769760315
44.14007470617736		889.8895983807756
356.1427173253171		375.2152048127293
300.72314349305105		815.4612879535232
665.1361217383451		621.0198130773052
692.0574537535409		503.65339000148805
375.8559505383589		363.9281330674198
9.452404401387753		360.0018947742568
830.0337426409317		514.4949192365415
424.0340502904746		556.2326782435096
189.92128948756266		990.1457098799553
968.2273876239826		561.9203017576026
1120.3244893866568		465.8252790928557
343.93181598910246		515.5290728867824
596.9462459421753		856.2419369544201
360.9892935834362		650.2119932805579
738.5878744550589		342.3432146886848
1302.3736483668931		203.019421613276
215.67447624000948		790.95534518587
569.3982325201797		524.7890453479979
759.9645924407375		310.17594650415487
588.1923291605631		191.09320327063114
555.7070316654127		673.2875542405426
663.1331930679494		959.661463108529
204.17255034210723		432.5388579787053
326.2738204192631		35.337301138819214
295.78032517108187		568.3400306542375
1588.9790814735863		468.42220150166696
52.04867914064181		875.6872359771862
572.2252518821729		315.12047400491144
868.4326766599091		786.9815286925457
583.57989949754		766.3424604238713
1485.2226737981305		493.4965898462359
345.62704958757365		246.41816727197238
901.6732733235878		906.290798705648
223.75571574561275		806.5100041430824
429.7457429842804		507.4058802106106
721.7452948561338		567.9370574711487
496.92892180953777		477.40054688215906
758.6964008311459		150.916063845471
372.7500399139067		430.5222256212061
851.6202027236299		570.7706501904913
673.7853070219805		832.0828563075718
786.6680916407494		176.40804736836282
314.86644276205976		432.71182399138314
289.7506692487555		356.2573174096793
775.7372091966006		303.7380796037345
724.6317057328774		777.5433161083132
302.424877749823		575.5809669880481
196.270742208534		376.50301589384344
719.1872952678169		753.5246376521238
728.6286578116215		301.89661058771605
1174.0108639010757		394.1552013255932
845.8706072734985		192.79502808981408
535.0516342633825		929.6117498148066
179.2063973739863		438.0755288066999
13.416282046757487		422.09522179482354
555.9675867339848		689.214663503409
570.0943082789846		629.2400087591208
311.20078342344897		3.4718376652296
350.5190420166799		665.780136230969
648.6055663218328		415.120593893765
353.08094951697694		169.19977839980902
616.7163244837719		162.57546117061145
471.8612810748572		556.886886012444
628.278462319899		695.5451372782669
389.2443272770197		406.5240510907869
702.247810044154		721.3078106291262
878.4578685929911		403.7943359943485
129.67591420826852		607.1768341985377
758.9519469912996		638.639718836502
221.44105349041513		105.39863668194744
671.6805205173739		574.0968925875559
565.8029867886877		253.9151916579963
378.11089270965465		449.5813668813224
841.4994497562495		595.8927868426978
722.0720555175118		350.91045242531334
257.928444844067		789.5080852813455
689.4264838243648		743.8764209365468
438.7987279259589		545.4295510365816
863.7556834217709		623.7622288596359
127.46345582123695		520.811767291244
1537.0695133431627		630.1482691106025
1123.4509958071212		665.4220752924792
1502.223007455424		41.91597065273487
740.3387879455144		502.5134254282732
1005.1243117856914		64.58863703556386
297.65933407170337		504.2699121085133
836.6084938176336		81.57528159697227
594.3442865186602		396.40549538668654
705.343632474256		324.58341602159635
1095.1411292879397		29.340311589853854
407.33319158009107		663.9900422034868
667.0557251034701		535.1691550170577
595.0394718377623		203.6531316711297
542.8882318197101		191.36660000285121
244.73403614525088		59.40139121864274
724.9899832190621		628.0313343313471
1569.5758776410612		622.5059735578594
218.31685688263383		559.1618826660167
973.1498180779035		506.1249360853415
446.6063953461522		484.57234104732805
431.01881670426746		766.3670676488957
375.3238322101457		328.4435557482714
167.0634693610043		335.5144207229919
437.56142595125647		154.1744670884686
400.10821837121756		786.2954658979985
421.1207584835463		0.00460380271692884
424.4173321930191		598.3065587874707
526.2105334542229		422.6320832682658
950.88578252304		342.24917900054936
494.3240747983739		130.44032444451636
727.6017807446256		507.54255955628884
732.5878960110556		472.75068089357137
673.8835214502272		985.556292218517
423.17112458276364		505.35631976095823
689.5069226190114		928.7417970394727
286.29485275709624		657.7461570121061
440.36121557381836		29.742341910138066
945.2848163482056		319.77562691486764
499.17032491743345		612.3393582303124
239.46026410964652		637.942782711001
243.7631196496696		730.6672906282383
473.6717726351963		895.2640399169936
403.9018423984951		379.3288234708839
533.6972218211184		923.8567920512824
809.0065175408429		462.8138351658287
202.12005132366897		610.5177252570405
614.781335627663		483.95346533609523
94.71919092506624		373.54093801303026
494.23291634525094		469.0992333387325
430.99965764029815		583.8661779955819
204.34690563746165		379.03484762256676
512.0119120033412		977.4611955556561
1259.4797752238683		718.2582149524136
666.7579749928166		114.06031229709629
141.651715403063		617.6950169486228
598.6910028509435		190.61954847975557
732.6556780848847		654.3814442089832
367.61637222008665		902.0148698101805
725.0732474970629		284.0814018497085
316.5068468601122		632.5520108040652
184.963529785621		654.3687829638798
695.5819730517651		445.64965572014245
604.5586814513887		501.21224545587756
197.77178528035313		662.6980722090819
455.4530020507402		119.70627409381325
267.1470335904186		362.5778762389998
251.0303040785335		215.92259317027805
657.0871797217907		344.40289117742736
800.8217903655959		23.53642514084669
353.1955560961276		706.4831012586956
900.1415310905393		841.447687773834
193.4892918139056		496.03308933493395
1503.1187332768695		558.5939398896663
851.3843814709253		191.86251688564352
223.71554679065093		164.1762130179901
663.206876050551		989.8014316039514
969.1695912839286		898.4908019513773
618.102124537711		385.41989562582035
824.5291016806055		628.2722542871572
99.78662267689134		649.7050714571147
1518.7344816138223		978.1976534533903
251.32228642037796		267.10820710660096
853.4558921254418		434.7734917492372
547.1877483034125		71.18642421769653
363.5960380232161		598.9564103361282
377.1314218739023		432.2655933093771
708.3199355484365		412.0129963065089
542.2049381369483		848.706967888666
228.3227407679007		958.8016866626283
891.4937844648388		561.6638139035651
511.8981484445641		923.0497984610981
336.55020158922207		265.1602422015687
508.56665242372236		411.7499979384687
740.9489042924324		634.4056347593071
922.2754634309998		716.3201850016404
883.7445151799955		578.3883716368947
1177.1033214616696		609.3869611402625
695.5900518910339		926.7851036289815
659.99077440402		469.3121062578714
1024.7154848486512		454.33656604741236
1583.2632643769348		572.2216503416869
316.491265504636		558.8515464820846
410.1888036300438		591.7367002093256
746.3900790492297		798.2127840657841
1538.1678299307039		657.4127978262643
375.63153129250617		456.54029171236465
610.85435093098		348.65003138346805
192.49108365275333		545.549199652181
849.3553832223563		477.48694803475513
1430.379210596091		636.7041615388099
269.9605956262361		904.1982911213624
231.66519379881424		62.199425558739904
984.9101545812682		865.9505445358833
419.1588882633643		566.7826053053124
676.5373297684652		689.528154054525
502.64451046733836		792.710470034775
901.6258427385716		771.5150958643035
444.8809776494703		661.243275705308
403.27409716444697		17.23285419230797
1284.3502820645708		325.4216927940656
1030.804784161812		284.659555903675
577.5631897872153		414.98650884020805
106.25035272433115		629.5564830899968
418.031847516323		970.7870576251669
410.4398062440904		140.92319858845207
441.2851079437803		640.903316011729
123.02136673065934		392.6504995481597
463.91014132439204		31.20105543392617
534.9021583622041		151.2855823321508
210.0217869789911		281.8760045195744
617.4052866335726		11.365102468501448
431.8883519562679		96.6710498908381
316.6087046700085		710.2894855830241
31.448385335469766		733.8019364678948
357.57606212155144		119.90824064777064
285.2259243602205		84.76158178149609
227.9628117024419		554.5823955100078
1376.6016138839436		205.38900256959835
1350.7431845587591		347.81788655583136
398.8740043382155		387.7045328460082
696.846901857362		380.34546949964
298.30469654570084		300.6682592262859
518.2000007949812		668.561935657268
832.0214182330903		379.92049011435546
784.7338913283389		878.3695733361968
417.5502072562335		488.32616688029026
800.8177471991116		898.5873042928533
569.7901281733037		627.9747816398454
972.2852313227195		351.6360487364577
398.36940661973864		916.6128498175672
266.20936545909757		440.7255834606389
416.53217586678795		512.1711881309192
1049.6797530419183		496.539331306933
679.7136148672645		479.38817520722165
513.5474811972153		289.4897452683262
605.3753720479897		511.7074577135608
80.47739313444731		487.3701838170795
1174.3744913654637		348.87323932680914
632.9678581277321		772.0476478577947
380.61598174573794		257.2532169188863
478.3708325939184		412.5321977865427
1517.8722600817937		113.23790091997108
434.57227653243183		206.86362121022592
117.21227700261807		938.2780301213055
612.5146115455829		980.3299067384962
849.9216891358649		672.6572352677116
116.79493706775224		641.0570104823425
720.0734464068416		764.5908255567883
530.8716781868505		0.5825458130691459
260.563445084432		568.3735281653628
865.5489153431582		408.10316195077337
158.12506326660747		723.474130643199
480.1401265544745		867.685094468253
373.3567193350022		215.78055898729008
831.152844514229		531.3180173807327
452.4743044615838		996.6407690221715
488.82570504380607		685.9950865100176
177.62817659071442		43.630772929845136
103.80431234331365		293.15426086994114
199.11546201409294		223.8489058678956
360.2462327184452		892.2992493834383
178.14504689225208		434.47063562265396
230.39472931592297		423.7094213707313
377.1837637377182		260.38262007415784
1171.9703025080526		608.4188644398303
837.7905035205777		225.83493436411356
852.909217575704		551.1444258780307
736.5688209752304		117.31631161763664
282.5255146417604		252.86443508847998
211.08403983934147		622.1764608470178
1392.835727294023		412.3156039046113
81.02319235880992		533.7341231343071
583.1002414683268		556.1462019837282
621.7793993859323		458.05965868051646
719.2708861843939		522.4932956850979
739.1877537389774		0.7627930648721986
269.6067886275334		249.85252027661392
364.3212457282458		937.7349549732019
191.64761232532766		894.076526850529
749.3343858479805		420.8614896025847
585.391760470698		550.4866322277993
646.5383707016331		466.487054486676
421.32655621225695		819.7370075449962
499.55454138095746		571.8996054050281
482.5843729728573		550.6084441095829
149.8297961147149		709.7465295476358
271.90656704154145		386.70803977343667
141.08031228765742		390.9636110085421
199.04381032440415		908.2184041299695
914.161460509511		860.1043893861506
450.3151716758722		513.1650258277475
1418.435389985944		985.831504723274
244.57688525226163		555.8702580680244
730.8320387366912		24.206608516406618
838.494098469284		203.97319858738683
184.21198623523588		546.7660863788025
890.6491121381018		356.7202702771532
852.5843151954202		474.3557442998178
1052.6725106298222		270.77934859497657
434.99290180666424		394.708280134142
375.29986975708863		813.5847543146442
459.23769101197627		70.798195406378
694.9651074829713		819.3825342600567
539.0558867204178		830.066705719423
307.80056387393176		503.90764767405614
134.0903543405566		141.94597950036336
528.7918482348379		379.837285127092
342.93077929513464		57.580451653682246
439.5945325667278		349.48067147108895
651.824424405017		758.2685590599755
518.7121438064017		645.0658227258841
460.32674505115637		864.5038090403505
613.1818596614056		695.1360503177702
128.96038236158324		489.8554914920824
868.063007370554		573.870054745739
120.48238357965397		603.7128600757244
1489.006345589307		346.5606381380485
200.34395045010814		699.1275322375179
681.6060546316525		979.7018472392597
587.4436999191846		758.7674216367384
504.28994119005193		91.57877488509138
378.2042186977984		359.38899999903697
460.12828474582176		838.5641403887685
1176.0155567370398		620.8169725947132
959.9036137417341		814.8121983554896
657.8650298284758		526.0622223634674
673.0001929032619		447.386670065716
493.5122320648091		911.7503481324122
254.029019569426		473.49490313215705
165.03561591283773		489.86562517902496
312.73179362716854		812.2944947361399
207.5081451496319		391.2477964242618
842.777670488233		650.6152414349378
231.1074956745398		478.40461332370893
218.23124475921804		636.1420355829131
545.7577448804095		641.1478821327906
170.19606127818582		990.2381796394397
405.0856199103663		583.2993344092806
299.65120484154744		96.44827769732751
536.923096308292		704.7103101136727
419.38512578487575		710.6992826021697
291.8316207672674		373.85894976938783
427.8866450914693		493.82644352774895
414.9822004993853		743.623147846718
318.98109656833395		603.7573917476908
173.87971111987383		371.2932820159689
556.9250396383875		138.0330004184027
615.8850385731544		770.2589236005248
895.5336023774414		484.27183443667207
720.9350946316706		153.96233331823908
315.1005614642155		335.0086637712366
747.3653787018022		554.6515814449474
34.98991398956048		350.65772448512143
140.34574649396723		854.4584650605314
976.8335967237808		455.99743578404133
407.15412350300886		415.0505452834069
913.037089544823		940.6538638189197
232.88305396557075		684.090256612314
329.399578905086		640.9720408618409
318.1630156689995		354.4557305460519
597.436592968878		361.0438814076591
762.8627169490466		179.10195432627154
11.06282735210607		624.1765344780468
1462.2028694795868		554.8055509146419
376.164384202475		653.6738458189218
877.8463649706425		175.28153313431295
157.98937139308225		972.9954033775606
1595.440846951015		335.6916195814577
179.61845348292178		662.1851751907141
309.7488837094029		601.0579517099331
284.05195285225994		424.6821518759418
444.01582077287213		651.7013278621826
490.5464977982234		812.7702302879339
10.047544763986423		20.8961319694817
1151.220074288648		550.9325685640163
670.4686782788892		603.251715577129
702.521643797025		192.90379776675832
883.6875761690401		567.5199412138222
218.392132480543		887.5140014192048
726.2315472954159		388.429698324552
315.21113944699016		264.4516650309357
591.5460458906138		82.18860429331244
861.7883960106271		868.9488252690442
798.095224617656		213.93411570669696
1054.7989190915669		892.2252393968337
1526.0815889693135		606.1592319656959
232.8163290355547		173.2090626403551
88.1583076149243		843.9786389519891
252.55163282538615		493.4203213116188
440.0539838549934		281.86037144395493
370.6603795763232		698.650082891668
324.2097603862226		860.7976884544248
607.0450091252937		625.9260046452985
364.12373418723854		78.22465168831332
743.5331779682282		521.115594379085
480.6325748824591		125.31082676933909
498.05886749364475		230.13001830232406
321.9006781126167		206.76063124145332
582.8857564721844		655.4709066829289
352.2540839824703		596.2061097289538
314.31147527887106		473.9058539457771
106.1337516679863		928.3265031649102
532.7282745292729		556.7408638700655
551.32587351499		978.8119086062918
520.1778852710187		52.18742455050443
493.649979391718		364.32412240569397
513.8769759655731		379.43465014374146
931.3590278156673		631.3281683051694
1551.5278228237544		685.2840379299571
384.6791517043624		149.77204257823422
666.1535325657547		10.962637726527305
754.0492082910371		683.1656889492926
173.11055440301192		534.8617876318857
824.0844043323592		599.3051658792016
677.7077114809626		178.48995036918353
166.34561078237664		679.734783724308
465.9066112707133		572.4475450480172
620.6775830374042		283.25009817536596
829.6476873093346		318.82777153045674
1451.2247110754722		575.6106694537325
186.1119483248059		557.7160961461866
1501.8343264767786		998.1969899504204
746.4940832335349		690.7645776503654
211.52777921956357		653.2032232543737
645.2747306947739		67.05769535160113
959.5713088354798		794.1502827621459
1192.2782394478327		415.9692917811624
640.7308894152798		566.6007285389522
587.0098729243806		418.0008493960087
523.3465747546037		550.3544441472559
309.96792819538246		174.30356257327963
696.7657679277909		603.1780289222472
835.8542905463396		334.49819079106624
894.5727220465336		50.39208066625952
203.275019442805		199.056133535056
711.869681023743		514.2883955764264
1295.8612027817367		492.5803764351243
1540.3782679246476		105.73500482995041
1040.5857451645015		999.2652914283723
571.1960393849067		828.9263470266562
1033.1930682013217		947.2885652643641
770.958866149001		604.5723532771552
92.58743779071648		998.4839203162699
534.8805686148928		347.3074311424374
681.5826126947311		200.9960124056634
361.01445952010624		953.0426591050051
366.4576408479162		567.4929977361601
161.20778382082727		738.3409656410831
351.179876937067		600.5579355084271
1501.1149130275833		424.35676834212717
407.7108616043026		584.6041643602169
617.4015080776943		968.1758295230441
373.63228922014866		425.12048903872767
592.778663598045		834.2125598031815
288.8298998780799		97.20571896005868
496.23442207181887		304.9921601480929
591.0690961570366		767.391647622031
533.0617464536692		405.43180225813114
105.90066359095391		531.8768405319779
1015.5038454501718		622.7713777232226
506.49672802284084		699.1645199857687
899.7611379924563		418.6523016569267
917.31850685449		576.2537409220967
908.5900557150044		168.6867094461728
870.5402910668965		689.896368729615
449.20229353064667		278.4973166077537
532.0885788344899		422.93670070488145
187.35736232653142		315.640022581651
699.975614239019		280.12021934502377
324.37187904905363		225.5440811339007
756.4029398700611		287.88800105898036
717.4547270214916		799.4343760078284
656.9697664632652		290.991486165815
216.3519014910397		440.2806053711022
895.3323439930377		190.07470182730594
279.9780103276247		284.9591274012513
566.4730432380275		513.489441994552
668.0440327035346		587.4053496207332
749.9958495861118		681.8861835724751
494.39371277183534		522.6788280929893
423.70664617849945		19.86954154613568
1190.4886338156352		456.2970110773437
694.2126099715072		544.8092619848062
243.06013680935672		366.09647921498674
842.7469489369093		297.64131454641745
1562.7870354044894		466.07083764519234
509.76922536120657		129.55301596522372
464.7156138422096		424.48798185768015
294.20822209100817		273.4562724633848
48.994611376994214		176.9857432318936
674.2433174540521		387.9329477333183
563.1704302312768		12.784890321642933
831.8703903632176		489.87218494631503
238.59961511200208		183.5736754796888
429.91087310339185		670.5273052616844
366.052300669848		159.09084081902404
1460.7518054050488		423.51649883738696
371.8244398018778		710.1249928279497
1170.380259702892		720.5997417832108
467.73950046041233		229.70468968334546
629.4981803649723		103.79741978353985
654.9190739786379		908.9166178721688
133.9234089328578		710.3050304577622
626.9396347124983		445.43272120566695
342.1778364732013		731.2836252380048
155.98751552790844		973.9443091381727
841.3530511268468		460.7574966052529
798.8575089201479		691.3730206203195
792.9159035277813		399.9998537183299
813.7679516034166		516.1169906978902
852.4683697339442		329.8299661568494
613.427935178602		617.6044499327976
635.2846694924939		436.8693278349688
613.458565972479		472.19667943116497
556.8384362456227		167.35259697883356
1043.5490846833536		570.6149376328427
433.7057849280051		941.776244520815
600.5265427047607		379.48451586539113
409.71625959525454		212.7617631406588
905.7860241470519		660.8060924800315
699.0888706339946		765.5871971836177
479.2089665635092		211.59913196787642
685.695182892054		374.4363037431118
151.5889112482044		756.4016488866056
715.8403865522718		567.3947568221889
563.5153837728354		49.889971428257525
96.9974061366101		335.92951405137546
86.40224449420407		576.398762577013
1267.8962813778653		618.2602790819725
399.5700885312139		73.87241900936988
1057.82102315041		648.670528722183
388.2255095779107		779.8162495677395
417.7078766661356		556.4951745180684
1507.8204940344876		528.3807347589025
673.395555755235		377.63904060754624
724.9768016956938		244.3545636718357
473.42967796679125		188.9544482999222
441.8884931926873		479.08675387602983
353.79649974331187		809.3270670299829
21.225723641682862		13.62401472127533
597.8780182721885		718.3727534154777
1542.7378506526206		361.2898777545824
413.51177207812964		709.8471538881804
538.9031839635331		393.80418651351897
212.3057484240232		118.5072110470569
698.4751333554797		411.00000258648265
53.72761599030821		554.9054261931223
1548.3752636257084		514.4042802867065
414.8099872614915		24.963490342298428
472.2295462364216		55.2935535876058
847.8662625442008		270.0560396432305
927.8868572681089		678.1785058902566
770.2731251973732		435.470376351278
233.3181045531337		744.5858338864144
307.02784132319175		473.0866573755715
1054.3371486817691		693.4542135843533
632.052443599366		142.895065613878
1205.9767688571915		537.914598574888
717.1930210518707		357.21493265599605
531.0472555143537		512.1838911308838
843.551522905708		417.70643558840624
697.2486060893386		902.5708562089899
379.7869183326403		832.513333109735
271.687549490958		394.6204129787689
1020.4450679483602		765.6991431529957
306.3621070493979		872.7630884177854
761.3385990699776		689.26347710618
486.31488102806065		538.1040057142825
459.56683422370713		486.2242025215331
684.7761017045656		40.62029838630468
674.0832058572305		448.01225853077926
163.22617294842348		706.9225679294273
362.87376245005436		642.1998603603971
351.0991403173814		934.9187839183612
730.1907383703664		915.1320511806119
1522.7027008141717		661.774695512217
441.1559722033135		265.1545574853457
127.92973614843078		805.8707387168356
674.8483704017808		13.775595408542245
789.9051145485139		186.65498208724227
571.019851096725		174.30981900388167
612.6903858429208		760.864448383375
1411.3888325233042		444.9699892651198
519.1811061832931		959.1756510476386
1475.4064941404235		555.2999012216319
439.03459792402634		960.7552364350597
611.7107992186957		469.95434228106797
1004.204156013157		80.46281313618147
965.8947046904177		973.2465048652116
1489.9736117299947		259.87641128705627
698.3363786108725		266.0529358188907
1108.2598389967857		24.01043645340428
642.458743062707		132.7385125285229
1157.6368631264656		749.1480953843195
478.6075977277481		599.4896882988656
1257.36206619406		569.3319670907425
260.37802302508464		429.98978147141236
992.6608682447652		843.3882961900589
173.0122973071285		772.0310634112383
711.8336240375534		892.8608808064246
849.5752616542916		308.89585808161155
557.7653870566453		750.5135942322496
790.7633923640803		318.8396568204424
376.0265411726762		723.9755266225088
240.9892691691502		557.4709165719502
547.9050827845664		638.2981343661639
438.6888711806509		665.8726818615532
938.442405499335		404.02990386698
415.02922882529674		864.7013227754364
414.514921199027		510.02392416133904
731.7502793243384		849.7848031441623
305.6692980731918		822.0890718861485
885.3900838442255		512.7942047791851
875.2853960735886		724.1261392834558
819.3260376008707		768.2627751162186
538.5957800784672		531.7911152609213
320.8807071598153		473.878420385059
1394.3546711071758		324.9587851988076
608.3613408244241		668.3310397306229
188.9099106669799		290.0142793122085
195.62286839399786		280.0060540284858
674.612823718145		723.9322041554054
404.1098270349809		917.7112276209443
504.2709886245605		328.39742806921873
504.85088997117396		89.91406208608038
419.14310078341526		660.5830837375554
662.5579668062705		397.3915578871945
309.38781712604714		303.29150067347297
789.3721070203915		343.60787660472727
431.7116891673866		446.09838347454934
852.4244440776731		214.6693276862971
807.5322387843598		970.394746615016
98.28122623570914		73.7797198589206
771.0542232835351		175.36058324711843
341.65169606991503		264.8823437163716
755.7083663393535		316.39768821133254
815.8991865471696		205.24750011792838
108.89985800362592		197.63834836038473
637.3480594377727		444.35164256798595
723.0366992915001		597.9298189295051
590.6124565150615		753.8908492960024
755.700423283552		516.3238717465147
21.06051502676621		306.8286141500943
1045.0229163191266		172.12190482755636
657.0942892900591		758.894508439656
401.06556047689344		925.5601504218369
1481.5791381500221		648.4555732922117
465.6624708436616		517.5136842752263
651.1180120840761		30.875713250265562
484.31209688382836		286.8593793483514
607.7267636627265		469.2184202858145
57.69701451479045		624.3715941993406
630.2540470469545		741.3771170933912
982.2809336542		851.2182459460006
180.98605267915116		730.1422638248641
775.9620715359144		598.003831224341
67.38802787313756		767.2761411386998
234.2397951420421		584.8370181759406
793.1091716385884		179.82641145835663
805.3185485069471		879.690201208793
1153.5762042227725		509.20299694390087
299.6573023770395		719.9365014069349
527.1023492741787		697.3438824933052
499.6720137614434		476.4415097871337
494.4295257951543		415.50555978825787
194.44928249298567		473.56554446234486
814.6569980059674		320.856325550143
449.78141056065147		390.09965893018756
1175.4748514091311		465.2850402389263
316.8468950835422		672.7286741744414
273.86837020162574		695.7203211852083
424.59601893905153		799.1168430982543
893.3003382224747		521.9429320500363
743.5496616235193		740.370634563749
547.9330688747816		467.3488931935727
683.8108766470816		609.0755805081586
386.8176448431859		201.9901388534102
612.8154873969067		0.20670527018273788
505.73235649293593		751.4041226361201
1441.9387426264802		979.7427996508438
544.3885096932729		540.387953036769
1371.07621893037		499.67542442215887
469.3431569217605		212.41798777802722
415.1116785627676		413.3928088926381
514.271240258121		263.22880201092926
656.784381842439		101.04936607285106
777.9909945727177		5.976334737949173
853.1369267842915		741.6456309803561
479.6984995951724		469.12133675853966
733.4846359372835		454.0653352873866
1595.8876948840525		481.62773772871344
500.8082013494599		414.6600508651948
887.2134054436589		667.0514971400376
893.3096130953936		279.34665320174423
582.3077694454074		247.35876479545286
259.5386939405764		604.2665446119079
511.0680869323033		858.6382122626868
823.4142503517567		498.56478597977787
381.1868178732868		852.929521536767
707.7411397681167		424.61668815823276
645.3368389017035		107.74337495692947
442.80235110486365		687.3388340046699
387.9577869746926		729.3329825190091
298.388117220052		299.0280534803806
619.4986105163908		512.6075321303969
412.66467642031057		663.3140339835722
718.5224908729492		566.5364233404948
634.8280477730991		605.8851692519852
121.62980432942351		870.7142645888912
233.9825408129684		366.37646780325747
1423.599888845649		443.79795234381515
553.7728301007484		615.7248969790521
204.20256276543756		584.6875046286999
270.3305946204347		820.4665939678246
882.1344424631923		408.7416827601912
529.8298531293245		453.64309313700136
758.9018443723953		315.9612978291076
811.7772899921333		758.1269255365221
1039.1823058128798		253.54404360008357
643.6612375605395		845.04571487926
634.1341753960181		778.1605644245623
515.4189410491697		278.78348842392927
99.78086028358604		190.8756747092363
88.39867174777504		220.09036451677167
291.46268937058977		574.6290703663515
437.4845302314435		401.4074021608569
101.49085597534156		530.8699505404095
50.55265141003065		173.37451063196346
537.9054666517734		157.1021329388127
991.1741778643363		543.5905744617434
789.5664408447608		727.5069555246918
771.6069861151582		626.5323570537777
647.245480545359		675.5852640981665
475.7724332610177		29.264068891717898
593.0289688808667		32.25835446317933
630.856393343211		716.3234659500678
136.78976583563656		410.4223729533587
1452.0193580766606		95.89854786723123
984.1855335295213		279.0541970965819
866.7624789378086		831.634062928029
991.1514337939981		425.6857255461449
1492.8842948658526		19.404615460488458
402.2504553840822		483.7580717929784
337.51498804710695		937.080406864847
191.92662422050188		616.7876178676288
311.3412740578067		731.5381741513344
509.27818413633906		994.8287880174857
210.84156419734643		387.13753271877147
760.2078091263138		334.65076910646803
1027.4918559078617		646.0822916648757
917.883309530102		801.079557620525
437.9444117244066		251.51955890225372
510.02459714066305		327.0283970552556
1574.5728959579628		254.95081760204724
611.527125202331		799.9919880139664
526.8502233539649		695.1458009409889
164.0644288802941		955.557685069258
77.50911480237471		539.4355194339139
1411.4683090022718		300.1308038940735
1410.7441455349554		136.49717950905938
679.2539631676465		611.2735373472237
1231.5435038527576		205.8268145160082
749.7576519851817		492.2945082598912
632.1505584783006		383.57856350080965
346.96935037920446		459.8698033096486
712.3310446999576		968.4449877027226
157.50919475023875		820.8269773494759
834.3122139688021		601.1766137085713
669.1992566764994		139.7961175144069
704.2208716326079		477.3111410484475
1402.5293240952076		674.9733304233278
423.137543795424		757.0589269636966
502.8980049766403		409.90760252308564
1080.2366304148054		290.04719260718605
598.5916949467079		841.5798649106634
1378.2164115146563		351.1524844305567
96.61053815386703		846.119386114395
750.9132850486312		372.0328779607762
89.31424078694312		721.1748397952429
629.4096702216528		128.96483663252093
172.5213289233737		949.3901652477209
1053.1306616524344		177.57121640689377
997.7877593106655		672.5422272778441
745.6831827966039		273.3661194817299
859.2319711413584		729.541364722695
773.6444409268624		426.19983747043386
804.4819479559117		76.573685519567
1040.7670626894032		988.8523413796905
721.3986854860822		327.891930067169
609.8006861819438		130.7173600794913
557.2546072669206		715.927502843986
882.6446731062306		423.73782192331413
160.83370960255712		484.1506195390217
342.4462727046767		230.53222260149033
175.4438698098714		816.5620125618793
149.98620505106055		799.6638955558003
550.4844715642771		211.13292730950388
354.9094892717533		458.0026201148944
202.1992164020225		395.82988524872053
1219.483521081299		415.49875501305314
878.2484398332708		794.6809272462401
752.9792241102024		305.4128347588422
1503.3363026219247		472.777814451024
494.6802989766598		3.4647785478086917
431.82713159995393		376.77049121186747
1385.6803543358455		28.08963802898205
419.13745877589935		751.4235983478602
108.79783585543038		517.3534933804883
784.7743275019873		958.5063997865018
953.0188773185632		233.32559037152384
21.59558860638589		106.20584336523217
1505.9916466380905		37.917483212929255
363.28818684256663		161.91093273158242
485.6980735938713		528.1089512725431
595.9246855478737		54.25507552142017
311.1286484096478		95.280763293365
1571.814624883495		671.5570715209806
141.1813493630121		569.084641447875
532.9600154166156		458.5560985702234
516.1437322175145		704.2657818441114
603.0856557896445		365.23736069999177
261.423626011303		924.1209258271181
134.77066934968025		438.56064303987716
77.65793466653224		519.1758950517042
451.5116886149604		28.18556855066896
339.4581205370948		536.2242981499114
728.0562397448518		837.1752963623544
593.2692680056748		603.9556239921765
297.9061220699833		213.30617031333213
123.8400882813392		381.3416715487324
784.8258656464005		285.1013176228836
674.603126375461		641.5415329254702
185.73953127793885		503.84142353829867
582.9110420202934		458.78338109281884
754.8033989972364		656.2788107500376
579.6925524592318		911.9866274300616
503.7827197403682		657.5387215510477
296.90434068270423		173.93565833658624
604.6042449042097		728.0581442950134
374.5111681823154		940.7128537204809
869.14422817618		395.55554247467995
769.8868901621777		592.095110832122
732.573808521933		506.9431625185315
156.75168548220313		661.4128712041675
883.4756991362372		395.28690201476024
275.47104825201313		512.0996828316858
1550.232759512242		92.02260066028339
1153.9839673463857		290.63443457346284
353.5042632812459		337.5408831578092
209.74774238606147		690.4473587178596
578.0455580292048		194.04769429230026
945.9376401663161		78.3419164628666
1507.9529740478433		45.54255212122962
517.9551681860207		217.72990030985056
613.9437727532415		476.1661520327959
613.3757409939395		561.080016596219
581.6341929474737		698.2048382623036
407.92012269115475		409.17049759489373
564.874123063906		781.2954890658007
493.79510118276283		745.4385768182444
310.6048360326289		663.9066527086202
639.710887848358		380.8806451152181
4.585962899354172		14.589372546262211
298.1304812659977		432.9571654730337
76.99750602156558		334.04441616710136
429.0149954539525		237.68026982545769
157.55911944983944		188.93517887627462
268.248480253374		720.1257480332322
555.4255706514659		515.5595930160484
558.3102766943059		869.9894353133183
468.7194789031483		208.80442647382495
319.30986826389164		678.0971476301432
851.8327400117325		289.7942207095922
649.4389777504191		29.997650025262942
411.3398195853136		870.6316492229106
355.6381652375885		288.0459949171908
195.49705302755444		619.150841813584
172.30483661558856		732.2525562429629
73.93996510767408		480.5035634272307
543.639221444155		429.6796143172902
893.9288074349324		630.6692265046704
28.31862628952615		439.76770704685265
856.9404765295237		643.1602815857887
109.78744096618283		435.94202591458804
1572.0132386753103		431.6587329617165
826.1765421755063		425.5050997315598
726.8018968923279		823.8727484821475
670.7850827374946		585.686688282659
463.5707923972169		584.1120765247053
1264.0771724544716		61.66172627637337
174.65171461316078		643.8829067644843
178.03867134699573		840.4257999038709
490.62229664459545		673.0996029116274
328.27533950962925		544.5890972696031
485.86469297577713		607.7503529000669
223.5914945992812		730.2875146822421
599.3091005583299		573.4384763324423
1394.7544400880538		611.4356588705265
645.9610291471969		105.86771375816147
737.8584315197074		598.8871852566973
543.8738756723416		389.53852974829135
632.244302654835		207.31302035868634
591.2083929064621		542.5347828323621
456.4409936590422		538.563345623251
539.9003136431488		622.7866431919207
548.3660404313318		533.6801909714275
757.70741913657		278.3446218228221
336.74402333155683		367.88681860795464
554.1205048259119		281.31320289441396
454.7840300272837		804.4352073011656
1092.691390443456		669.3402718083745
183.76560476410953		765.7480729326489
410.03041186529583		792.5780123184625
176.6528705539872		401.8486361566339
422.4946974964205		464.6908744274219
445.6772371834107		685.1855831870404
160.51710433054268		954.4786672784751
282.17080695971225		468.9413723104732
410.0507206723373		282.77778467095743
449.34886559646367		180.1479895547738
231.09908800792186		311.778079088358
1392.8010701953292		545.9257691099456
908.4555169899413		821.9280673415719
691.0759677092236		342.826759827445
49.70895483777025		253.74270621487085
406.03544660610464		60.00870182958346
571.0130180835388		566.3141285136367
259.4701138252489		518.0280129393192
552.5034028927718		585.1637835003022
558.0414494462109		323.19037833854316
746.1128132575383		224.22079755543268
518.9420280950146		400.0066563930667
572.2065456213903		745.8428597429775
1534.601206140388		581.1315261126767
705.5616375672156		621.4225341895032
599.0849787939694		710.6896079030221
517.6593907503134		564.2301281431497
334.33618990282116		202.86144415617161
758.166768518754		522.7998903742089
80.82999546397002		453.5864943670325
582.0295847650698		25.4476177578141
262.21937618629534		246.62373728827197
554.8273412452903		321.59798489242786
73.21079824954637		480.7412137748559
314.54148440475046		157.77996444397036
767.5124851832732		567.2632473754743
608.6870135264166		594.4895814145502
136.9654186136476		463.5036127561286
344.7554493630941		716.1583613714582
313.43604697191034		859.3893968899262
427.67132390420704		706.1791470334462
58.67633401306193		535.1889697869652
971.1863143558239		594.3253384474829
293.06304454916074		580.8562999043673
791.6563130513375		761.3756454694771
54.00837571952411		355.7348022308311
577.3672092753127		674.0753386782643
291.3291980724681		792.4324915927473
425.16490529014277		828.0885533447345
661.296294174299		846.949232156976
282.2490765671331		170.79472740930726
463.0731169539413		748.0334963437484
1013.2252199977405		548.5816037611037
647.393020343824		778.4720888501106
1572.6460720850678		323.72216568172735
565.4907961303628		285.89499456626436
132.60626632411834		178.21529934379913
392.5860108985186		329.63245434034883
144.5479117350036		404.4046672162894
627.8793071715944		481.71169347130973
1386.030164594642		623.1849372356776
773.7617102348393		653.4840303085441
357.9747706346174		230.92030601948022
553.4795482951829		238.73833317671796
210.0854199682804		56.51744656207461
608.7159110482334		148.21243079438466
237.49455947837077		489.9651995601388
988.294242382764		593.7219912469868
391.5176780705299		673.7001364376767
331.18631461715654		561.3655396503333
325.4527448219936		175.92915931559043
359.5492896616562		876.6854168607756
1599.4045362683134		433.1059057058862
695.8502899931018		65.0240131899127
482.2933040972814		932.0365423659582
1199.620700121662		634.675123588494
335.92317440279214		538.0733673020246
172.05858729028654		536.756213661291
475.7662441160048		373.75579370432416
367.30662412858754		590.4369859992755
271.85361417859815		738.8634505186022
545.3366298905618		297.484853218995
981.3551033325341		759.4304075352878
629.7387690820804		517.9004615350062
19.317256089956686		342.95620040320733
403.120325581439		40.82910589963399
568.6772846811688		537.6731304791041
494.46322074882977		300.65625606744976
10.662789422225217		866.7864873161525
538.444079112622		903.4639471314199
714.4095173834734		719.9054565118954
809.1865949510592		361.13044390636526
496.89875757540807		941.6149191642314
544.6797848276932		388.7237964988287
975.926487414827		352.14383584387656
547.4226942306052		695.7016096675302
314.28278926217166		635.0362136413
557.6666704386629		132.5152790678074
481.8043149466406		692.3224496438856
901.4962541907238		568.1366668785396
275.39108640429674		420.33217326244943
248.01977303148848		542.4005606391037
614.3157085446376		287.8331907940164
853.6807174540434		171.3105983209606
1542.1143937805641		65.98592317182232
397.8038446917304		855.7076501173658
597.453404008623		11.375716236936455
286.4871128655243		590.3053618260618
323.54514228188725		21.777391033292247
351.1479349296968		428.3886237941232
327.6611119106628		272.43011166492624
794.1901105354609		666.1726235842909
688.4225693207655		226.18216951502455
627.6734738653859		964.4496012532501
166.87774221386132		829.9319609329559
757.3223654510543		631.514363738316
139.4372050583495		672.8530453135716
339.1635945150403		701.185244392979
948.132593163182		767.3514128605134
476.4358677762964		486.9532404108059
825.1524483563707		629.7066726223148
154.67208785093965		557.8685678333252
1057.8114368688375		494.4123149493197
216.34597050815483		646.8367326284987
339.19392170054977		369.09519394470055
268.5929522431921		155.1393509005581
472.2970007107264		430.43631878122517
786.011661618305		274.10509900239845
83.93293714571422		418.15278823164533
666.8146023385908		575.2752245472948
416.5404025004803		442.0886979426509
1166.8243187519302		929.5452388931433
576.5451998249375		532.499759653974
683.7642860527934		191.62997694750237
617.3707567380993		896.0738512299383
1058.9722371235127		265.1377418212502
1536.02529412464		636.6088246910414
697.8877646793998		192.25142821535638
343.92359383889374		489.1872748332219
784.0287659611502		519.830008214756
537.579333100789		241.3565004509544
37.049988202474026		492.03705240141596
302.2324917017885		946.7839743585057
310.66403354648264		10.047697304422968
657.950331770761		64.55151036026245
272.659923545708		398.2521264739696
285.2159016558028		646.434749445946
241.44661427127318		148.49695534428105
659.9731941078918		847.7428087060111
220.81281011561197		99.83225188731109
215.81548119417744		281.8287926917477
457.11360048332847		407.72945100323795
764.2002043373068		885.9754099988947
142.77877171875133		128.9407038187403
689.0408953514992		542.6845737132046
442.1812824742713		119.57446583247867
694.2501193188682		978.0099511557894
711.4038558370926		179.0548872427138
1592.2525882075768		53.50946168680531
462.08176432129505		158.58719940811022
517.3788878317828		914.9011312705085
1451.6126504062602		951.3653246475493
290.07767226718266		865.798287929628
106.37001626760946		367.1245222505973
1094.4367973320227		675.7528350213984
454.7298108678557		299.77526477577953
943.4206714484864		218.48570497329172
470.862443802294		27.042069719872188
516.0106654439109		747.7224034300975
315.00767057387384		432.1903705969911
204.02486051436858		100.71476140749354
1599.4321694126927		212.62109424852792
712.124952618545		277.21678356217524
619.0213687647117		238.51927806734318
780.538365881514		204.5390603862927
803.1199484012884		402.85877915475834
809.0507803162002		315.79535696509436
614.9065975795866		356.39352043787846
391.9218735420361		277.4401395177599
171.8781768272321		148.95599361832183
148.77673231208774		227.6212018126355
862.0950718062215		871.6128484965044
919.4835423780416		99.95097614808776
453.97178243942244		780.5932881133712
329.69915468081535		74.76241403583816
1568.0528508061257		968.9305078603237
1581.185617231171		964.9614988407834
723.9792357910136		859.4721009335792
150.35274515266195		517.986279986682
799.1216183034497		514.030577483204
527.555469667371		338.14502234494483
258.226657060232		932.6643961340267
550.7301647467661		965.0065371881087
751.3225274733135		297.9168649786284
319.788517679185		568.1457345242943
142.56598892233234		629.3812620525051
127.24556822136162		126.38699127310787
479.49816247474166		94.93881051027972
798.4752091362534		620.3319809807331
1515.3798221407214		811.0563986550435
171.0449083489343		516.9443239086462
221.86694049539307		322.733687479182
81.29509939241649		185.43901612146328
866.41251081271		769.7597524955881
746.185600723023		365.923343294589
447.0019879633747		525.9286056334931
45.88591570069377		114.04912732728093
534.544486845924		361.4381383540528
538.3399364849089		271.99331560096084
460.4733105097114		250.2800617361089
676.80135392295		756.4492639451287
616.9543308303612		475.01774364737764
771.5496444208463		761.8467100889742
597.6955578530833		437.002207802077
604.1656160325709		131.52776369454648
325.75611518081814		171.73702835292892
781.4340357477413		687.5766547322103
476.3608874212942		372.50769819915087
392.23601686283337		565.286149350361
423.5166383195242		299.8616976408879
446.1910246821193		317.84330104643084
410.28818949806833		423.33774972090816
462.12800389062204		622.527112726356
655.2669577104004		39.395739878351094
666.6110741006952		470.8631554597192
772.6148044096524		372.18220431665395
1375.4842951591		316.5803227708003
82.12156313787227		895.8984416500397
957.2627016564711		312.68551051260863
701.5380116746575		963.794837246309
527.3006963120326		491.258267976196
584.2200219127552		708.8410442737636
162.27676998899176		274.6849247311648
299.4819719442272		2.1860517419329426
605.2769615280893		254.00100779739432
757.9050525084426		487.4347094106822
259.2573673479702		2.1961867930644985
408.2649593776921		594.5126303944985
758.2666211160982		685.2712749070944
165.0265940874354		619.532665028632
589.1991609858303		418.30075194383085
767.6383519816793		541.1360048162055
1030.4218977989933		784.477045632497
312.93276070400975		94.12726682306283
842.7951639721559		745.241338564746
459.40783631715976		474.6488226173543
704.1873465890314		661.55830403202
473.35945451271783		304.39982020086484
125.78784486065774		417.3552428927049
604.7451145350143		312.08174820080035
445.3648314385346		345.3284228696675
227.80782010440424		416.38467679542833
847.1913401670402		311.99648388708886
228.24374349113265		338.927607293663
513.1621740313594		801.690249069225
458.98435796544027		752.4460931889248
395.61833447741117		304.655370290945
430.7858825195798		564.7003498999446
743.989366986967		705.8020786761506
481.2558870221313		266.37314591207496
384.6923855841893		628.8922777309451
1209.379023721312		979.1299316895443
1293.4781089427543		142.13244058867008
741.2480982178754		301.88565018216764
243.09646925055466		630.3503068821582
243.31615676699846		987.9558939231374
351.4382382206454		483.2919982602149
790.8989949504205		609.4921246240394
354.2567027877037		52.42691754182306
566.8490996023689		919.0747510390371
518.3479771115394		323.63395552106863
888.5941666134445		559.3320844185067
918.168012491865		405.6880969089328
373.8790346303112		128.53224450754078
478.36160968230644		261.37289848396927
611.0931026681842		524.1079225826522
427.13051864949443		435.90867810556824
183.75605571201714		269.5467439438007
217.22191869099134		898.8501198599987
643.5557268016304		429.3571157702142
348.88721838993274		372.19144175275477
219.35192354350283		5.7362019164093
1375.2698018442713		466.709581789163
194.48802370311859		187.7451906023541
461.1063457033007		742.2381131410581
980.6494855465767		796.8438158777276
534.6909528644209		640.3239338343202
641.653949657834		543.5315045063601
730.9785143169026		538.539708393085
577.5397353209357		458.7118729047995
269.2760894093815		979.676918779665
723.2147717537775		57.54939521207103
345.1584315882558		815.0733898180606
1231.40375153763		873.5634736137793
766.3939710336763		614.0813228550752
328.4829515163194		336.78467415246996
379.0286993222779		98.86182242560875
1077.2351623291527		532.2256635529897
690.0772190668943		803.1879594363413
296.6997552134803		519.8774045947745
303.36376248269795		487.9334486567763
101.18553717287881		171.08961494802742
532.4992272170088		430.04896782494944
639.5253563300896		164.14507286972093
853.9835001988388		491.98513433635094
542.9298933310628		228.356278333099
593.9726484372329		271.6855939274785
677.438123657822		483.94762613438405
516.9260878222825		939.4155377338466
982.9302960805444		675.245367450731
252.5477268983238		191.91915582131952
159.64944639764565		103.98377093598634
256.5550744247978		398.20785751851656
200.72664611486175		929.5108678925083
1574.9483447136429		956.0758625256128
477.9091439495336		927.9206163870352
615.512282584732		866.2286484554361
192.84496128127518		508.59139489162635
145.42768502866477		521.4024394973704
897.5691587521658		728.502934839956
780.0997522335078		350.4919707605858
235.83615025000114		760.5491433332196
119.1876359107726		536.1575552355337
285.1871422134343		883.7169398625249
463.468764803372		457.8289148228364
1004.8946159179807		20.59203685477644
337.8636359068654		368.7494315561818
450.75954334935483		115.73337685513559
786.8737698703457		169.8625604404985
540.2805915623347		200.35532734432678
331.1576656903141		421.5244260672439
800.2740505046547		452.6034682773366
840.2727826700528		418.8779167208889
454.8341554500313		829.5385994947333
813.9824504018234		853.7200692964998
952.9121764352855		463.0998854069855
804.8211380725247		924.232681758025
577.6785798726257		477.64224300603
692.2773053876334		323.52480102984606
773.0881006490781		335.0014073983265
429.1975315999567		175.81258833657512
153.59772149625036		106.40245742323941
779.3607622208542		763.6124891992712
649.4874814547402		253.69112465416686
347.9311987063656		537.5268727925296
663.106855930976		527.0181084780361
57.524215358810125		148.25979641823017
877.2692031470696		747.9969545460701
179.5959535728726		636.540107598023
1074.0294436903398		603.9590031474612
256.2145789765841		359.89471722765165
748.6828920898782		495.12978907392045
290.84245597539655		298.0229901044047
181.0666313223304		789.8608715901546
1590.6243927795122		404.45763029091853
18.691769059255193		827.5232709407992
301.1364975154694		7.3319539773413
1473.08426712554		807.5248641807881
300.29929866485656		598.1535590606624
293.48942234542034		662.2404547396284
311.00827313557596		620.6913220095099
610.0056695216886		752.307122386354
961.9974356975279		765.6862163740129
673.2571479865956		727.0886654644976
216.05013687554174		282.1388839141673
711.8831712959643		472.04636401524266
914.7057071764195		681.6059041855237
307.13055561020894		591.879255681407
162.9661446392779		199.9511846111576
273.34918658722074		316.70596527496275
412.60826662353344		601.2884445347286
911.1441063893515		977.977719613318
1486.572640876278		783.5627734770135
868.0828646396865		507.22465309032054
600.7708114094283		385.04245956849275
548.628424454804		198.88052919617974
341.6967198607954		439.69605777679357
386.76872479247766		203.3835966591327
876.9768310962161		684.1467017324669
732.0022065966174		738.3249901575691
53.97875643435009		294.830300613335
579.2593224452285		771.4314432068794
269.51918543820784		617.1685413495417
203.40029838318492		347.10386492655016
250.24664242856568		683.4433152749734
672.3066343092565		267.1551555721794
752.7640885753328		422.08915548543473
384.3431511011254		473.44441043420073
181.59875751971242		457.9210587512088
665.0240114447492		683.8032917680973
1167.4108592126104		175.35889757298833
586.3047568038239		223.4991830545049
396.4189638728285		307.99077204296105
1575.8170684879838		446.0514271160063
638.6059495748224		47.03539230086085
330.14904376740355		604.1300832646585
590.3059746745158		688.9129980724485
279.9064091563983		448.23174032260454
561.9393293051739		669.6444765137107
1061.75528515642		934.0152140447065
794.9399395600328		343.0475673685211
215.18032238836264		359.29352016654207
714.6268583212728		551.4918626030394
866.2636678313742		53.71502473307197
282.0001439451029		447.3499924431443
219.56876732362508		736.5559055595402
226.7926597478973		263.20398580461506
276.690494838277		626.7733054243898
409.7738738960542		362.2877370119632
288.7798701266357		446.35797011788173
278.9528659403817		253.38579191623614
1501.453502106328		239.38548880037848
531.4293896054628		901.1990452378451
603.5254643093442		356.53478617980534
335.98075376883503		513.3726027270479
85.68595669061017		268.6253798264481
976.6999769707899		407.44901886163416
842.0536225359833		959.7272082675975
764.7338704851865		561.0775154069781
413.4951409572826		229.92085025563892
276.12399285809727		193.5157349703896
482.51364659754125		171.2506660753274
599.692486954515		239.85219122999933
59.64830988327441		615.5774275220645
545.911317348036		460.81102931772404
889.3702636896692		218.49605245081995
184.87373811241014		370.9674345836671
595.9929317729566		554.8392717952613
410.31993424925565		279.3760008371112
869.3428776763621		614.1138956144006
223.68719122366764		282.9564370459808
963.3750764675785		220.24542004282404
923.3133508389809		643.3329959954549
469.6300295479485		302.5971540010867
625.818179108545		381.2797815887493
707.0335828985578		603.9503273882871
124.10456262270111		654.2248382658986
526.5582120763602		715.994070119579
206.91029223326416		519.2992635745481
480.40542439151653		6.868012965534035
534.0496563960752		243.7178563754826
702.4442005917264		211.17972411628926
1490.718424803862		583.738432993117
222.4447379831388		274.2159774829189
605.3602188750732		656.8723531806902
628.1668960710953		198.24088151636192
190.60127147950232		895.7492275914619
657.2970189417009		548.8457876213284
148.0492832423338		96.52975371295724
126.37135042891117		576.412021832117
1169.7457337894875		771.2830877510478
190.45011802608303		799.5028425285244
815.9971061190024		991.4627936219704
653.3714545513845		878.661628077539
473.83227342650423		683.1710913323001
735.7888627814514		444.4026071848728
401.6807052610061		419.56301372289516
723.647607296396		540.4558319023813
399.881035305871		368.0963052571233
875.808138739633		114.63809745917354
430.626460272399		766.0837231229063
514.515851306727		762.2124957518006
305.33349379474816		450.79111767401923
658.8631079570106		498.89763919258485
588.4715338033293		332.0576981342273
1563.1603999330644		806.0376781703246
111.61591608338114		833.827955686581
747.2229936067881		705.3322726311557
816.283732281098		102.20855415329311
809.6007904470966		200.33652495607367
329.93793508187434		586.9732764720404
717.0189293112655		979.6011314928894
1519.58181617637		551.5438661227236
227.89252076939152		536.0869747030221
432.1956054757838		624.6948453615803
736.3338500723631		577.9340591392822
409.4413111551895		456.4249498337143
445.9223185290484		101.51545491938134
370.58556438986034		827.5091515597979
1564.0065392303827		558.8135951170264
309.29063528543634		241.19322537662936
564.4122628461394		725.4089632919167
872.0923147958467		764.8188493253178
848.0645187623878		231.7380306664084
68.64739111956936		448.30645865046387
185.9405099434614		954.2337540304038
810.3334879202714		951.2389841830221
724.0985130699221		559.7586494831179
514.6240988219644		627.3461097103877
786.519942197817		640.1432590837475
100.30176177127481		263.706934206488
659.9344313826217		734.9023905601703
289.9609975351374		32.6516666831854
103.6627063805571		594.9730550967324
108.27115494790223		304.39440339437414
480.9461068131871		423.43730791956574
85.2178875429301		330.51493721045193
437.8237618774521		40.88014746865662
1014.7055551863355		570.4534605215218
804.9096165985982		26.832156400904296
246.62089813550796		442.5734216301058
239.2186134291008		799.8422546485842
918.2783834865904		174.83904768173966
374.59926956093125		894.5757606091855
455.15150345165165		708.2359557781074
430.33500492986724		777.3094691152685
555.053700990362		815.127404308228
697.5332236044114		166.96956581187493
480.472691688731		779.8760649028881
291.50882750966286		642.3870218053715
580.9739614818889		803.3486089270349
260.96868341357936		369.389532998916
401.6272428974985		784.039529762387
856.7372311769261		337.9679458485627
400.3571062944874		902.0845293883973
904.3737009910353		174.78945579303854
