594.2865651853826		869.1767125464048
33.25556344723827		358.59074674309727
646.7185434666076		25.55161371896361
566.8533714075194		390.88749047018086
410.5563499880286		368.0559251963623
827.2858275198903		719.2250492911203
1395.1611684107206		869.0535258934892
505.6660277895429		892.8048022564789
727.8287659448856		214.25226105754933
584.3530617884085		125.09841051260014
805.687043486025		469.27285877697267
640.7017323944046		158.02473622141815
509.2137246984466		434.2550163127034
590.6263145788428		457.53389881285733
640.2704773090768		314.43591198529793
777.3569453078748		334.82811561225003
369.6778923873901		7.752569799142975
522.5023126079839		744.3487151465305
222.42928321438967		670.1331381440827
483.67527858385927		329.7521561397093
567.977735604591		129.8818833170651
455.23599010866354		489.6035735564639
186.93157273464493		617.2979024934313
719.1767428327438		275.28853144766725
1591.5726053053836		542.243956731369
693.7754177357035		330.0807317125309
321.574791559478		437.6362181961037
805.6395588929513		402.4841562253564
137.0915808873537		421.39763702715993
401.0140860225721		335.3897645897258
112.90062454385611		673.813973380366
216.18878509118372		691.4086303765955
608.6814258592715		417.39372041064155
698.9608441958383		286.59342144744494
254.8629353356659		746.4869450281809
1436.2260095957704		524.423168419402
277.21307647945264		822.4986404217798
584.6950847959612		455.0993567974657
141.04417570860994		589.4051838340574
173.84694223125024		702.9832319185896
405.35725677623185		284.46320252957423
385.7183858076926		321.88923943578743
168.66324178122517		111.63732104526923
478.30255372952615		493.4041510280747
676.4584849781953		734.1314018422933
55.84725147960626		722.6543507128321
671.2332716798934		901.5729573809325
909.4572441816509		952.6948976273931
782.365331957822		503.3978912706187
90.75474954735682		661.8659583756482
481.2951310823413		403.283927529289
686.9188136943524		389.6713476281839
1528.0545622325765		470.90427680555985
753.1992751287628		604.2979619645361
390.14619370471047		286.7117470985394
766.5287545796044		766.505234857584
384.89945305640805		143.99075061155548
588.2814197177307		557.3668837603744
582.3677510428217		206.35622073977942
468.9898238833336		527.0351827717252
479.3926433191663		283.09934663543356
994.2689427496059		501.5788205819396
737.2458846848313		539.887442107339
700.6911857265018		253.51488834724648
867.5204746385865		139.44660144781938
770.8166686010559		931.6517871969398
772.4968282045979		44.28139888169346
741.6845902770516		161.67413792676666
446.6729014226524		331.0752832237413
609.7835470971712		783.8179343314049
428.98200069616894		461.3947560488797
1329.9028386006871		304.5921396755525
14.827633575835591		923.2979100712083
1140.9132566092194		268.61153369510214
727.3249661882054		853.9968770814413
577.8847052546566		78.53637325285041
825.9983926274583		851.8164083223899
234.0232133652326		402.1775809070298
1045.6097993871256		357.2359205650545
35.10940037139312		128.0485191642747
551.3423203827233		805.1474529462635
720.8013432881793		816.9485308269501
267.37664503982097		537.9496231098595
310.0361139204557		357.45864845295665
226.57149207838933		408.21530719958355
511.3362882191563		27.989854215015498
425.33320919188526		161.75950946920904
100.08342595528302		832.6382235644269
667.8125550377137		403.5208049050173
443.41623424716687		776.0110012336118
968.9057098935966		318.2559369212347
146.2628275742032		526.2854420230556
481.2609138052078		934.2088241693397
736.1934961211318		729.2458942579817
428.46084039930236		192.97856385074368
135.73021367647306		689.6248802004557
712.4199988434016		773.9605737132723
564.0266690462511		358.9613705677524
488.52814248240634		119.24327354693742
654.7065102900801		51.2299907183251
696.0466375303765		102.48915836193555
530.2507816218659		151.56879293176422
860.2370328020418		165.33443284928757
783.3254497115606		517.7631178258063
427.8099543123978		706.2819171455299
571.5444459227947		551.4405338962742
636.3924616836659		684.4925253657557
799.5840908055483		207.82608422252105
382.47647783177837		726.6647545931638
1383.3973430198778		401.21232594693066
161.75057594539686		213.28858850629922
937.1157382371255		142.50441408799327
693.1668173806637		819.6408609318622
791.1877161650154		668.1177041100716
128.54160666678484		16.28327468852467
345.6480510989662		702.0964775397165
604.9951469905432		500.7619717576306
963.8793519494403		980.3949499011159
51.919088312188876		684.9369790366948
735.284241741578		59.77502078331685
762.9938415509176		493.84149312857113
671.6744438856242		106.94912957339989
727.7401452641176		526.9911364462773
508.77408006691525		36.06278335245179
49.803179919523984		862.9318169308985
276.9486668328831		547.8414503717376
889.5614095618131		263.31708253832824
1403.7624092954998		5.837240162932858
475.61566312421485		984.0745080308336
196.09852791112564		499.95332439304747
817.0697287541332		498.36636085742805
790.5382756026008		496.3554819831687
1269.6562843327129		206.94697859123573
525.7349392981656		289.4920051370434
897.0864727217426		959.3097490663465
918.5005966293763		217.38094964995344
616.2224111935567		522.1029431156514
881.3696318500804		64.73371677186515
638.6982320090648		601.0977615878705
611.7968603775605		912.5423200569516
1192.7371426157533		616.3837706318487
777.2574739368715		275.00703938466467
685.5372231530488		432.6986250017957
474.58742311072973		972.5065489826459
260.5151144738866		984.6270114092795
635.9069414633457		157.04142897056295
1396.1169455507727		308.0448119632305
845.6381898424702		35.73081107420012
883.3678672936346		606.823131657486
518.6720876217705		441.6448315133026
790.8553999196064		142.07478571044396
368.2341698683979		854.0335033835684
171.021266916321		741.4156569735286
571.3887081572466		989.0160162233561
696.4222616181435		851.556989331386
767.7242146548272		389.5658219252268
205.254562090862		443.90229816574964
7.1997630114223625		363.20668269427887
409.0077281677965		47.17115671915343
1052.3073651960667		460.3708662234253
613.8929153901714		696.058125628229
817.52185812037		19.53490577060984
225.82792964203128		140.74412576568756
472.1705253673871		287.86854784587695
366.8946071187005		112.67135477128716
846.3609362052596		932.9259410985261
1062.8083408257157		872.4120210900896
510.84396854368504		801.4652547985384
409.6080314373238		138.46131149443318
297.38748595877234		659.4426117434334
1449.8656504188402		841.8207497196437
246.31137777196147		738.8588294817176
667.7358782389409		266.25888670031367
485.0778550933994		206.70637907324908
970.3089319761932		422.5629771266621
572.1005949954708		327.0907603575232
722.8841112548572		463.5515437117167
737.1332572595325		481.26594352295166
287.4916174062271		481.2197956010268
1097.3631669522758		284.45965619985225
141.87763006009544		735.7386152925376
813.4526895436061		800.851106284847
846.4403827383168		237.48383024929296
682.1503116319881		364.6783693988555
698.7558069456334		74.72351314481841
743.8779477862859		640.1500813088932
231.70202491184472		116.0396009377908
841.5432291278239		582.7775576592836
196.8930043941105		980.8824072340916
1315.5266245568037		518.5719585784576
29.779788770982464		168.833547588155
836.6572400489772		451.62030166271865
704.4563155029667		319.10342994193564
252.42454060714317		626.1449589306061
103.91290454537807		127.9150414765391
484.76759799599085		496.18508841007525
284.056265058951		629.8036868609198
406.9401680242181		590.0822337677969
349.6614573909714		626.106931583004
578.0747787581491		79.10172321902235
992.9925225847728		215.14436739339368
701.6097660855067		423.7110173734429
49.20931281396889		681.3638928711946
377.6240943310812		511.8844015293295
273.86902571500207		544.9594003143612
518.8884341146139		725.5380643433376
145.17829144755945		617.3363906834052
302.5247936221215		519.0547724269063
677.559045505658		990.2331690102136
593.7306361850062		395.3409464105082
318.06866732913755		399.76127297771893
895.8139720189029		518.569355483029
182.52074484160352		496.16214693645236
828.5923057844125		524.0382657602959
295.7147555321834		562.0747792138422
331.00077746190755		786.0803583889399
402.83891495647885		518.5160609693852
973.7333311996508		195.00887565804163
251.38071224882643		205.05837559168543
733.4759603013111		305.7204365769089
1036.4272137312341		250.23504918480572
374.10258733371165		236.25803580203274
618.7928875705655		277.4619194354
352.8938326992919		6.069615030560044
115.08395005955958		759.1072039304395
504.79842241282444		611.9640398750267
353.50771367827303		878.9300046512624
224.84102678315259		743.2686298769097
895.6199609438537		191.9823575284238
366.2638849526329		370.59163922886773
343.9241528945089		886.909290589092
572.522802053727		161.46663497174416
706.5975424244036		522.3657844563759
211.81145618906936		866.7575786737053
489.98169388941005		720.9755383607037
218.61315625737615		195.10525406237775
683.8946308360377		560.9348998478567
679.0156387651093		678.1054881032676
360.4178580797493		820.6058801507277
871.1867965669846		595.924140425711
301.19696825114164		392.8080241021223
1343.295592009065		72.20479855508665
604.5653859603054		353.97274524584384
376.6239686908445		180.6302390269359
48.39061408770698		453.5103212289612
560.5188048482676		419.35917574476787
656.2555339368362		878.296988346725
1015.8176395173457		839.5213516253708
201.72623553973244		998.380024980662
529.5467788300866		298.96282020808866
573.1861670609615		345.33423098022183
353.3782200086504		997.6517289987291
745.6627941660347		407.0528214333806
1240.648950248656		763.2916889094867
609.2044618634925		518.9758773336334
181.844791811035		595.166692239333
622.717099972526		734.5840725288135
540.0359707419273		420.3555245104391
132.7518966704896		565.596600737538
335.1928974804325		579.9679023131013
24.130269249880826		683.1866887627992
292.48935939628797		834.574304292355
410.02746675041345		539.4016744894112
114.53542581799337		778.8528609700832
334.8474218054721		312.8487408556768
547.3239108442699		476.84244994435863
346.3621312808413		773.6524259745771
388.01427942392354		433.2801361929963
294.69973581922807		337.8550347200745
447.8530203782908		957.1500569504049
318.6809469323605		607.3795264097945
514.0588635449568		488.26212545124775
1144.823470604872		684.6947125203538
246.78767084958923		469.54824789922776
874.1510227880588		18.45788479150218
881.0437737230798		772.752812907553
575.8234401662681		819.516092185718
1320.3035823433368		414.918112283616
560.8113916743433		229.0402634485278
659.7221918806988		626.4477116208955
332.55971330432794		257.5730805469709
810.720752599802		829.7948806718133
1453.1290879370213		855.7340558687097
714.1049230093621		133.36350235222608
839.4631947768994		312.2381526713001
40.69951597488256		180.69831949089155
625.3862317530297		930.0743769041442
614.9475979483698		220.40265221464546
471.0595362085859		494.52471228390107
385.9792668467656		687.8359091742566
338.66214335466657		738.6110850898632
603.8223566629574		68.22500996175017
854.6671896156745		672.9259506776802
509.5684746473433		710.2791090074384
529.4279901367216		23.140751884040014
771.6931085495385		230.98594071755872
559.8952066187239		403.5755881447006
808.3309658640001		598.4346330244722
587.9883888184027		425.9841346659253
611.3797611980083		636.2298415649594
1509.187306155038		177.45922055040677
1059.6635254645446		315.7147737881661
796.5035740869685		216.60130577767956
664.3381109905818		328.9632246011889
374.456956262779		885.0662649517787
657.1721113279943		640.3742747657672
687.8854617730298		449.12215495442393
685.6954155422046		404.7051814133104
440.4328998572716		559.9247714074893
471.5282015689952		61.094602632584724
99.02971006272753		549.3101063350697
1599.15418345141		456.89777031293795
335.73300704556254		939.0388053599097
1578.6674126523067		495.83975468919965
581.813524151935		518.5912522682269
569.2519778640878		460.7746825400109
179.72304844207815		5.127013185810597
375.452995340674		288.4588566695776
567.1437870783323		192.51074520591874
459.20797325535545		430.64384523937156
610.1479053750103		751.9611576497932
531.5182993982098		701.831839573948
453.7072852280888		385.1096327555101
900.458322672505		504.1953844233284
206.34212017788468		633.0738975487147
1332.2234798739103		475.7275933645901
305.03434817707205		752.106722124822
1103.6657577750173		107.45599150812916
596.6394234123813		349.4895451396636
990.2044157486953		52.28855875789259
710.7274556700881		506.9865742824254
1131.65443633628		297.0262435705131
463.7855755153888		600.3259116519753
356.1302006292482		650.3705582274725
576.0065119239167		804.9085056691335
518.3409030709265		480.38233578593145
578.9228510119466		283.62725498203065
761.5633226667514		615.9663103307348
612.9459398752952		741.835866294274
517.5617974306663		115.55384320232827
721.8202906092899		479.6465269555649
465.5134285075549		292.10769566287934
1008.0233960256014		794.0186278608845
578.2767101654257		455.9784098306169
874.7776479508746		866.6587101877494
242.4943807090013		961.1430022345837
718.1059767324382		31.273271276065657
690.0141161909733		400.4312458916944
246.82553245790743		949.391360161218
634.7622172791376		462.2957830619255
512.6063601239265		86.89870551437934
832.6772992144785		766.464611568573
642.7437773136725		545.9035660808086
579.1429117298367		592.0225037681231
291.1109890782353		607.0301049236014
587.2950201277162		34.76719559587548
337.55727292088045		240.72805301406197
1399.3367459359556		229.14319909553018
459.68120447056754		394.40717102719
436.41123255325994		952.0665908812953
439.1143449585984		66.84397515111647
105.04217056942116		683.8174374275611
504.14838973625285		432.12431852679174
824.9292709855388		436.7407831819851
504.1803502931396		749.9984458203803
590.6641969394707		579.5294895413717
183.58841010322817		623.8602902422491
614.9186865430893		333.3630097071634
609.6766847728502		746.665426633233
899.8584853214281		532.7460475744053
234.16368443125748		24.084491306053906
345.179157883304		622.5512590908193
600.5769227675811		640.7688695428138
442.41336909050483		517.6125294726199
789.4925131136044		346.5205359609199
558.9200578960458		625.174098596256
317.8742712252239		443.7032449323854
228.21313182419607		593.9488489165209
47.28845172622033		674.9451413049504
840.8441791684639		606.1515054427274
1142.1460727030083		793.7066658773833
778.5370492406762		737.1118125542135
641.1509183246469		386.6160668216299
52.09126758522791		489.23013001665714
19.801174478336577		147.80583865262003
706.1790202101795		140.5790632350721
164.83479656910504		827.3499996253536
1225.8297288535239		673.5593006203867
153.82401856870717		505.75341293666435
831.6208410987444		485.64224950069485
781.1897971622973		51.16699368662967
368.9539081986675		812.6267104243586
667.8461071840852		695.586352721524
829.7659897256422		472.8742923569815
1576.64991413108		741.6885942083235
70.28492403093622		986.0575058716988
592.4132929341682		254.02886382314367
714.6368704096926		772.1424784851599
553.2447216629652		996.0647393221032
626.4893400400545		584.0229230583509
868.7315473065612		791.0077524534631
539.3713660451443		620.3180309844832
1497.2881482144655		949.9906845356536
1527.083138322724		605.6758428800182
693.8534883259194		564.6374634026063
131.4666421909912		543.4616730719963
226.50612154292105		642.0224657648128
116.94041178994377		145.17675921776936
626.673338617827		418.6940490550042
228.86528285054925		835.57554069191
663.8168416340108		153.17410626999333
213.90148529527073		646.9432922155016
1573.2235399804645		834.3379216308388
541.136328529315		723.5410311819754
501.34781586711875		265.2321547968205
636.2945913975545		502.02410750654093
1499.722598184225		959.418907466141
518.9479594615731		602.9950254108242
317.47367846900454		674.7473937061668
452.2103440194956		297.77171755376435
6.855082522850864		409.87745898608654
534.2172349802595		335.51389623253635
315.8002383881172		862.5387405163237
266.75831509416105		789.6497847769313
6.559388839495853		550.4280576305146
1575.738660241495		33.10614998746695
188.28185791715208		751.6395021694352
487.35244466201567		341.30986396674314
282.7430346302282		329.67552148289644
1552.8363273601053		362.53373840867425
777.0214967354177		882.1151102157672
139.69782129630295		471.7711693044978
537.5275047353413		721.1989312544571
261.5816169024626		445.48463071546377
1217.058116064511		602.529371696445
771.7163634876938		985.9929823637218
655.3895049458126		618.0651212513249
420.4219850267813		662.8075740787955
310.45840971972973		507.4512295707267
434.6985023754653		610.8813202840296
182.18281570281556		4.017250112369311
326.4673609796595		13.98620476402209
527.6899424099125		317.6915360432347
621.3793277041759		591.9399960559256
625.6401969528288		593.8079022379237
1404.7136015041579		684.0156707634798
968.216965134392		233.30558356297342
90.52860603304669		66.42984325188172
42.53833448632116		551.7427153299743
330.9617468172722		649.3247290522894
586.7335145014569		607.5762271521979
27.25378524793615		991.0077313890898
382.66806198595873		638.7246975070498
731.6564444871672		310.10627674631934
691.6258247192058		518.8080374671804
624.2209116953909		929.1130729212958
947.2710690464031		132.96881010643233
357.7979824204681		429.6530570840399
300.47388326701287		166.03045778162675
1457.9426134638654		165.4342644875154
534.8737331903602		431.3388006769768
175.21400005431536		620.959545389656
459.8536951815204		693.8077834220583
239.16453973032066		273.9291562291916
662.4704919666085		716.7340923809152
613.2199043516499		946.3936400701895
857.48695025666		315.0685771121304
325.7635578117695		353.15251960917504
988.4878008809678		165.7262051733735
291.719597122844		323.5276688695692
329.82575968982917		440.15171574015824
636.2286127107243		307.91018894539275
274.62436864389974		334.58902853025825
741.5210731081049		827.3939538228763
550.5259047334481		303.21633493205877
798.8501608482218		732.2990994638299
544.867100499542		493.9907913292711
397.7212358482206		720.0364345103611
405.90405038078455		444.143590969421
626.2172135075112		731.9285483924612
303.6297862528786		384.97853955822103
890.6653638964315		786.3015534105698
833.309296158963		872.5664902837027
259.1037318277181		470.7353972495261
804.4754640294766		580.0899737153377
104.04161414802422		550.8700292170824
585.4141682420984		410.7246607111847
757.6263213474731		295.881783387849
744.3215519294525		709.2445040581026
493.5917048859943		579.1369481326672
293.2117590695832		471.1758190318641
302.4365300067891		866.7009856295032
683.4920034023546		413.0343906752287
690.8279601355098		224.05766125135523
1145.8350710525372		860.1686388813902
338.05718140141744		156.2823639579413
727.5451835274193		689.6954264011969
519.8090616562149		860.5503149044481
1583.9397478691008		614.5573693498391
793.6365347277921		585.4849435690106
586.8995497752902		963.3475150135314
784.9651123248932		49.19328394620442
866.3692158226688		292.88389186447995
1336.5968338020325		456.3504899499605
486.57192109789094		221.5072169042628
563.6217393466985		478.5081898057934
583.5374906589493		477.27864563730043
382.1585104469633		236.44796003504604
199.96407388929833		449.85106127521016
337.87674139384944		243.1595245810621
341.5519478027364		774.873473522114
688.2737338306608		753.6024684587537
540.7576612585541		817.5648269903604
248.9880691223388		792.4580485844617
260.22124099299054		99.31693681793877
1394.9044598235946		384.92021465698764
566.7729930320481		170.5044814939107
341.24647244767294		916.095036150866
275.0432895508976		764.6052650051487
404.4282083899528		338.09438900243015
504.1496240098366		43.83855633517635
256.391044463185		498.5477047040443
836.7228875821752		882.287233353436
488.7643985057375		674.9440541375103
942.1980341037686		455.42363323097425
1582.025273918308		664.9270475139042
568.3059282131502		731.0361197254455
623.8855497731034		396.72572028357496
594.1998549349199		778.2567183670906
644.0692846402443		771.0404439022236
742.5291128321398		362.0394169629484
730.3586693265873		9.295972247500686
662.3282911304065		869.3863448962904
893.206485766623		574.4174138490338
1135.1816482136728		498.706005081702
781.6240232341928		710.7660902377418
591.2695235413958		511.37595943344314
731.1322136738602		17.63701446360062
339.93003948258365		317.9793437110165
344.0618665150856		684.2836945972314
631.2180402417173		895.4114218706748
1358.5163143126188		735.7978434603693
391.2496972173173		399.0190462359223
560.8066005494587		390.64894275116103
32.859902209908114		311.2312743987634
573.2664082646683		403.2383111770769
612.6812052212853		613.3795111571071
1559.22992354527		524.7420096973777
376.7937957475923		976.8198205510619
245.880819609843		817.6910586375329
337.26282423612884		284.790371002083
482.38055375725634		992.1889814999948
225.41687433130932		278.45077328911003
1133.136818961037		371.18251518295045
473.50881495362927		937.4433375715025
223.56772193352163		342.10308389943543
1549.8771668418365		624.5365395212631
322.58280447917616		870.8054978391851
385.7748640739869		417.0497764549399
419.4047085727485		494.33148817533043
360.6669749618999		711.1231578868302
287.28822663476785		675.1650294926736
865.8813377411907		652.2477497033026
865.6223516331341		164.52297793821913
387.0696142934408		319.93184105620765
558.730838600149		499.8391480119091
655.5455985738189		270.4025721210949
679.608970712271		669.0010946627706
252.85229791724146		789.5866273676236
824.1575267862759		345.088636142293
1539.0752913362003		57.08343820372397
252.88041486795612		10.919943604907758
638.3968289632252		685.3231975899929
372.1072183021699		342.0473051287797
648.0010610779966		241.43950464232057
645.3631003203488		191.27382901595155
834.1962336793242		128.90081660566625
475.44339532389574		459.10631464909295
605.0969269121857		184.4987361559388
356.36967040603406		250.06577140130963
1215.9004539229218		608.9246387448007
452.9239390041355		540.5407781641479
448.2995225465692		579.2389885387013
202.29184500075036		280.337801043582
1207.2515298607318		753.1183084242982
385.39388006471955		668.2008067929023
365.64658702243014		960.291797039021
1060.7908300638223		559.608064908642
727.370801606761		775.9293976597396
324.81858967591927		420.525962398599
334.8645558638456		182.51736650478438
574.1442250477093		700.4761082499074
803.87970545367		556.5814560854882
167.12961749859312		865.5159633166215
849.5481473327553		452.189140294987
21.641195829085063		746.85182935536
646.1732581173055		732.1049102129953
707.0696404116445		212.55947420566594
736.2075626286031		562.7684717346721
763.6464662788471		434.71642387384
513.0796002373901		634.3220254784792
135.95601668869335		856.799274859194
324.16129995173765		631.7149892791622
405.0269273841934		91.6659815574859
1459.299548563962		98.93934054504143
59.67473075728162		743.4857441246858
931.9768108257954		595.1304865901366
426.4097747663399		535.2155026752396
627.0845718397185		325.59751258374285
584.0610915503809		51.04115096781925
623.3197540857454		691.2885056171617
460.7088430856216		638.3433358521664
228.4911476758602		23.145984457733903
174.0436652738539		514.107344553861
624.9638000047261		610.6702728549949
306.57804646872376		926.8952787298485
152.07839385690596		486.6021304948998
703.8448531529705		997.0268285662054
321.52469598803236		739.6864396551655
637.0269042086466		583.9269815966039
1322.7912854120666		594.7329094604122
282.629323600377		662.7591033760094
1062.3457708546973		875.4094917272905
416.3902977760515		589.7083745776232
320.7983971586609		521.5300630434773
538.1193418751111		695.1685440764238
963.255680012537		177.73798495078825
13.134270974365677		345.6048912846514
758.6601276380786		336.955979337262
309.3020264710572		723.7021478433043
1068.310489824355		419.1203814932619
797.3917595021202		253.67842151519255
447.2221641525945		407.8083523922629
365.09669563631894		327.33101194208655
925.0162060780013		246.8808995517639
231.34016647279884		200.16069787042574
894.5287725485163		593.2777198456016
955.489109224156		463.92342718032546
349.45300354491314		437.1161143148491
95.51321785452564		351.3650583511802
384.17620489118553		162.05523139916016
445.7595395159477		500.0460944569885
579.6248385142834		953.8293709928759
1077.990593403693		466.14076043034936
706.5693483519726		293.33986779300426
217.27825305884858		125.16071674648174
870.0779222244196		629.4132896764431
336.067085893307		794.3324447681497
104.02720582405237		112.05740850768234
667.6421280192468		377.50110626104345
659.6549653557182		922.2711851886236
591.4112485650442		738.9903538079813
606.7167100908857		832.0870337894412
611.4804363024977		664.3319584598222
395.48569678461223		291.28280911794053
554.3655234682462		212.00506211733847
956.7959873961333		569.6525302400651
685.7869607364371		940.2579922794123
985.5499368813847		737.3302107691794
771.0417016290082		577.935692040634
410.84819511335917		629.9835190873143
8.067006078734323		712.1547387123533
515.3770295481589		261.0492103992156
417.2486023463982		391.72252255695145
885.1604529463642		420.9369660491989
798.8976261181865		481.1700202116765
1132.0606373536234		842.5436839973024
309.66426659079644		725.6003871612457
12.18266359530702		973.0120441551493
669.148920276433		375.04953632392557
709.688655634794		711.8695672249872
748.8036526234075		728.7557691370972
156.96493627120321		37.34916044925785
265.10742764377426		888.5788675811402
81.60604850277281		479.3644178055554
75.26931261388393		30.30647204763909
594.7803436180427		511.8670376645795
661.443385075374		729.5360852288323
460.99771254475525		556.5908928576164
817.4191772840428		434.0868361425806
1529.4374769334613		527.3489266213439
935.7870759214109		321.38631142322777
583.8962083483441		626.1684384035011
232.0165691208323		720.5851044589346
479.0218871422943		895.27261930161
394.4151730580246		464.42111487673725
421.6332139576515		26.308169893443335
775.3678928508718		371.95086503237496
614.8181319172197		522.7667141943041
472.45191915802275		696.5679744817846
150.4582575156881		526.8376127938819
234.65237804240553		449.7548080799413
292.9984315184319		88.25809409054727
116.13147705425393		175.22936930407815
570.7862019505618		870.5422025831024
69.99108569969536		780.9335626441444
850.6270348904806		653.086672582455
891.4664175539575		396.8043974030841
243.58264079691622		819.6372067421502
642.7884058267603		58.46557171914628
582.5961852255847		344.0338665016396
549.8340263455447		806.3615771814505
771.8535364407863		457.7408283093238
418.1504798494563		193.8731703356247
756.2339390416462		567.0449428795187
346.6850120399747		786.0755195509857
733.3179303774714		248.42642258483863
531.6587442362691		999.7394773103954
701.051035133372		981.123717989843
340.8067341083146		680.0600734995423
646.1735144430276		909.9121920563366
640.5326847465769		939.7006238878205
1043.3268371367685		801.1462607982792
901.2674669176344		321.2386072701658
434.8611313614999		399.51209114207114
572.8613709790521		438.32206206690347
120.3864131937612		25.84865018239651
697.7785580928567		226.01768751905183
624.3787158920661		448.70539220131
690.5628632096841		545.6970598722462
478.70419043116544		783.9097462984153
185.43261392705654		987.6969378948526
642.1597700748354		583.8484535997143
329.11017693702837		673.2439625268601
444.86488743066917		252.76281462921472
409.03966071952755		869.6052684832199
712.0848363450907		163.3638142179741
73.08420537329232		601.7699631493917
421.60942590090775		669.5357320245594
604.0305880045422		531.3038075481626
264.18776264719065		687.7099019325819
599.838296283472		316.06087770344743
431.6323508518767		427.93368842648505
793.992176190372		149.91182287503182
1019.4548232215203		992.512901641315
593.420682361081		700.8678559573435
1200.1271946658053		651.7248884432765
946.7105370020524		385.51304999605054
457.96992260224164		395.05203944304935
804.4181642410842		897.5633887222128
556.1051675794172		68.52734301245613
156.63244802123722		725.230360062922
312.94090729811865		452.8879650059389
894.9741949938598		572.6569889489033
464.76689079811166		631.846809171099
654.2343620531392		321.3185398602667
434.6356364534872		433.6135898041708
404.555194717196		743.1577372605259
726.5643256985711		510.39397510893895
72.91850150302577		344.72689582348806
480.1715046856322		802.757282836292
406.1641911993005		95.61485159295034
1040.190583951779		903.4253541554552
223.24991052646357		941.8022247833001
1573.0942955914434		9.18841001812109
895.924880230318		630.6900720031222
625.9992811256299		438.4734417884889
508.9670002830433		395.7117935783242
453.3216338027578		553.0959077987592
235.94157630244393		490.5721822087426
430.5411782979546		805.2289881458032
368.29028682471875		333.90420095385684
744.99239153076		552.869091892902
528.6906667976634		310.2750923929688
441.0329398252682		499.5960931021493
135.85879895612152		487.7454631781636
547.8562554432228		817.0260263833259
533.9836974486848		733.4390548971371
70.80081548991745		891.989120839312
886.9394253141729		669.8606695493957
887.6847078813311		762.3834448267601
966.7991359389436		148.6470983303849
487.5613970902645		309.8451229061499
1441.0987124744522		927.3470993230392
480.8127127550829		559.0088417427589
498.71850849904826		260.98717011881615
300.93237405514367		971.6662949341168
542.553019842673		367.418843855307
6.759508979632415		97.70458743247423
163.5372929860804		140.35597063678466
599.0108104156061		29.507132141857085
636.6248434198978		792.0810660692304
357.5100588702977		232.88742556254965
824.218824770413		188.94478986688767
705.8142314265334		489.92012588580417
1322.0888797403695		612.2720708810165
661.2294925388701		545.1764265571246
1082.6339406216896		218.2784942247261
287.4927738669244		760.2856636648467
1427.6859163911263		507.02006086173515
677.0639979658674		590.6250594189455
685.9503799964142		391.64538369069277
432.8118823983912		520.2080913325498
476.54857754916077		598.7397943811839
407.6923534264354		982.6767070191922
516.7377505912807		567.8642954758088
431.45091686143024		945.4592270440351
163.4152783539435		460.78870254363426
155.66343679294187		168.34463995557962
250.35115731451634		633.6529988025759
265.06271481970066		280.92187085378083
280.24562456231706		823.6331992089299
1149.1159969072924		335.11456292351113
22.295646761266653		214.72108021956
440.9956045740442		391.8147387195306
875.8330565993258		508.81742113273685
271.09841815319595		280.52920294757143
798.8407195010193		424.731857312939
484.2602943573599		324.35032754453584
748.09965484875		529.5322780777294
357.09527008772733		297.7051287395104
260.1730078426105		702.990903230944
456.4799180879669		560.0832355791576
550.0041189884271		636.1347890905748
822.5437786862867		761.525985790789
1089.8128500677221		762.8684621350158
929.2667029492185		320.0683946164703
141.1722206777966		635.4519019440154
146.44245580013734		761.9270987783377
566.8491234855654		249.3225682848388
751.411982088938		793.4355164698924
378.33503845499337		691.2305066219188
684.9508678532613		514.8257921657496
595.5750678931888		755.170063103637
1021.4589461031427		526.9523009335865
270.4846962356776		769.941832032096
785.0037140397486		634.8695328198095
240.48954164676218		196.9312006034442
473.80172182499143		346.2153277810703
663.5748300751244		577.9948786050049
839.8544074620784		754.3967486465624
492.92040195946737		442.06835941563725
836.4018606396737		529.7332798828497
897.8287781701679		417.5478566680284
745.6814159686303		114.32540899004539
923.1527743715124		425.0082078649834
32.03504125693047		865.7223416615733
334.69266844517995		515.431503219674
629.0121976431333		307.1042985679285
1599.2497360594675		667.2395786149269
375.0500731633136		836.1536568319682
585.884960615793		595.3854725248596
351.36468139735996		551.7727224396851
704.7115755681375		280.9292629264165
646.9291107154706		449.84328840441333
630.2850079936501		588.8595378981996
816.8447671161675		583.1390295515203
710.1526541294853		324.38212360283
446.26440930014064		405.252299435707
778.3332090985807		242.56745431049967
477.72323944862995		628.802272892185
443.6227210404827		73.95394426112352
992.4801132440259		303.5763707793243
873.8453272687433		594.5101614012614
244.13371163234078		274.7151498330069
146.46567151049442		795.9332985275446
459.6404052381017		209.4667863354445
487.95833555206207		388.3385967077879
648.2023214032793		601.1296945052718
431.25110019829157		983.145131382453
863.7918382241419		456.4196898837859
543.9860448234989		509.6805366040513
694.4476648142522		817.3238517242712
489.4854180006926		483.38342742583706
332.35780141937016		410.2085250331842
58.83513326591071		668.0983255867532
649.074063056201		427.003164759632
889.9807908752819		84.96232515088337
328.7330996764881		419.5627973778012
725.5577453655271		347.27152027992565
402.0829794638689		706.987860428128
182.350513811793		293.923343555742
459.84583632174673		700.7327226073105
693.3353862830606		477.22132502000784
632.8710013908349		278.9084903056333
655.2530746899888		983.8619191403736
508.1423184160482		876.110241177721
621.7430029062584		88.17761082418662
531.5643099978887		761.5011440035182
291.9108600689532		277.47135245028414
393.40279442982944		308.1665546452135
120.2913230820078		653.9557038656158
187.97533882511607		610.4008468513815
1041.7196309738983		685.3576027458065
584.9329269696605		941.9863173017035
1587.30395404307		598.6828613973736
416.0799308797583		96.58551292163571
430.5122993817044		988.0685596744602
835.2750005660806		524.4034721160397
259.6078580144373		350.9159233945101
345.5394609023906		716.0455592080076
502.0388291107363		215.77064875004066
782.592736492011		306.2145742893277
509.4136693656772		269.1613943459573
101.34089559278937		909.8923060672643
750.2919191925852		207.46419671131122
275.81095124084425		418.9071061959948
701.052892624383		484.773599953981
977.791338446263		799.422256184549
487.0343331759318		394.08241980194947
630.7848013644063		271.306521658261
450.0083114884089		268.09831422357274
538.279060946573		279.928129131923
591.3536958253501		556.0986827511164
177.9784624344412		455.89449087922577
1374.3407082034362		563.1375962849233
253.5019400760191		178.1084909730734
366.17592489407554		510.83875111457826
554.9948577243974		340.78675161330654
320.89570762282847		475.79546577449753
682.0638069636251		322.0052163666866
500.1294621262274		7.436219791132544
1595.7845450692867		366.1240380324872
276.63122015656757		650.9794558099271
1060.8483143661156		649.1170715408966
828.0476920454172		586.8408496106744
480.64181700530025		567.1470509524519
249.49944334662834		956.801853325717
285.97515813266625		658.4465662242188
102.97034760996337		289.4451342204534
99.4549632172749		778.4336132298223
448.9086195394502		504.0179834741642
574.6381280935179		960.5541216233408
515.5244495661989		905.0010242308116
1373.9944752258425		743.28977215339
509.0788079791539		704.1565111731521
777.633140064711		955.2476958131988
403.3862415739103		535.2658880916874
609.8473185765666		527.3381596747439
399.6924206841196		369.0598023186058
948.7141838447866		275.09216467363456
1017.8819749869066		792.0129332751258
320.5612789410284		598.1175122811404
534.8019734666386		411.4019643715731
260.1307986488168		673.9501858480864
149.81031587698192		754.8820580336395
181.45173088588496		131.39889620863937
481.52530948020114		686.4171105069772
704.4906165352393		685.2528568251531
774.8369755819474		492.9815613720382
591.6306054980113		511.74199913560335
767.5241492444632		477.3447634355759
993.7913667404484		789.3166855709494
437.85203838755393		121.08089647852665
454.3749875838715		370.7385162766719
723.5463550545139		133.57839876870975
82.26342157833318		42.95115387896885
922.1978292217268		550.810456733943
411.9645208634796		103.32221068545186
801.5572418896912		946.4631290645976
685.6374548654716		886.1021993784586
670.3456180504678		486.6742946261167
161.3638030598832		463.30928315191386
700.9594991026929		241.65586906183853
537.2592107540181		383.0195596703695
390.1651013827414		13.217742335200285
779.7382429081933		395.8881080816502
788.5664438474925		555.0922599225673
226.01939969403037		678.8667543361946
426.8278265320221		951.3396053592285
296.3039723435804		225.61490535370234
1583.5569378614305		664.8678518236355
362.43497188683216		695.547077122249
24.506171563001715		972.5543443385764
383.174868814011		358.77497456931945
935.6564358725309		991.0726992204638
372.20853424616564		747.3245890141095
249.35457452442432		165.07901211059288
390.67836317938236		223.3988573042696
146.34335428713428		412.7627661513
114.3477673200461		274.3788778405341
451.7826909882802		744.2595958287985
958.2809744863328		683.2198908918923
78.08773263590348		145.74619691519797
207.267802859779		264.4415236494374
298.911299836844		751.0276975611432
1487.8913863218152		512.6629691900731
840.4026305525545		490.7717685455836
600.2053595927532		531.2909533279164
414.81753389116597		695.0984876611536
705.4692582139273		307.8379284555371
573.6737767112431		333.16439032294494
436.5013977835108		604.4379589169388
151.8191303488647		302.4353173182849
1016.6039458877254		912.9689341894015
360.60719167685625		819.9088486653739
677.0087293951052		853.6637939568593
1599.8936903397973		350.66364699923906
868.0347170460966		323.1464695981858
383.8221312380503		922.5839319445083
676.4719727055497		684.4081915621922
1108.662571207536		915.2148140514923
1092.389403865472		655.7480459797277
440.5364230281363		268.8654439406178
501.3085675809782		442.3008004140195
475.13562946360463		779.9438195488206
633.288341800636		17.531185084726246
542.9464410904804		923.30406736185
108.2398259558505		533.0650085328607
1239.158435075188		315.580875158244
381.33460091091536		984.2442819422321
594.6378878690759		915.3645651228287
447.2441229602781		883.2876602936548
647.4884357636805		685.5080757544537
343.84934543748585		798.0175308002913
615.3942424042855		625.6665977287416
313.65661141484543		689.8792401367102
121.85911842791774		545.3319826859442
828.9646518729861		977.4543411171553
273.04908096939994		705.4414157761018
242.32665911681158		755.1715362770773
260.34246852409126		356.1071713551453
754.311912912585		414.229785211581
714.1766490038973		495.29090128954255
661.8384816371661		315.1414935587796
633.196703430719		334.4398406520901
490.62075368342073		225.04989335857152
639.3378402883153		158.32743280500023
248.82334280600784		163.80173281992626
305.4061399448095		133.41478251500723
1408.9336993318798		283.0568094579878
1543.3636396774825		907.1568744742792
37.77737767868393		278.8510022466489
94.13454265613103		163.28780152804296
283.5172515629062		116.51336725455769
591.051947567426		356.21598291637946
1591.2373152294779		407.93145456438344
791.4213896223378		493.4874510152232
268.5342484776735		447.17175655702806
699.7812690853793		564.6900445447314
601.484660801139		180.95039945133504
437.60210805942063		878.8268041447865
298.094142415734		539.1356834366468
620.3114179087403		496.3243615718486
677.964041151295		427.1437982039401
544.9990390286232		544.7347881392847
372.77542470852694		733.6079227811397
1580.7972536471273		696.0337577987814
324.5567698470626		160.7244956974481
229.05798281603472		868.2875082424525
244.20964689424926		576.8480316585515
939.1539738075818		982.716975790459
519.6250332960627		477.79026709161644
16.464329511153153		293.51003037365683
653.5036321081595		682.1486048441934
390.7177575813519		697.1096504724568
337.43569510734903		81.40643947402214
527.8704996906513		391.461543973616
504.4989238340047		763.6648332188176
794.6732149676988		350.1639083836202
48.79616744435833		832.542181501704
565.1930536143029		772.3434902096205
362.16577613173115		359.44420655574993
458.85166054480544		981.7867195166873
244.939360511252		450.31330392268757
230.2306648258898		780.891019418613
218.89720367435666		912.7233583102965
672.2692867991016		300.7613561971242
111.91751478023951		234.56178538515923
282.91506084693395		616.3920223666064
686.9570804249272		863.838542123177
69.13169109761344		717.2290723510176
733.3805118840936		127.44140249239013
395.0987841037761		239.453368562764
782.2263349947348		416.85602516325145
822.0358523834437		588.3497594754357
585.8421277106634		520.6178817279861
237.3800641734553		886.3385445841251
549.5593396089819		543.4173394916088
610.9841728751921		539.7093047234476
602.9343006413318		600.926147864641
868.7354202625631		768.5812200242833
416.82149498053445		907.8746877939432
405.9468583536716		742.639517544757
688.0602262260371		218.55854349389256
454.8315166564071		376.6435135616264
231.7458406901809		444.3401718532159
815.352785775769		837.173208619676
1499.0275507058268		463.17381077951626
202.0705668326023		201.02665559016225
261.08342727655315		620.5516892822625
482.71064186421205		43.34285601722104
559.6588772353587		645.7963707665755
780.8984421211202		362.00698089707396
1479.027904158187		439.13735724575434
1551.9646782465516		473.26303611964573
733.9257819185118		306.8180769433076
632.4849484421453		519.5774859082068
1538.6443282718658		731.41872241731
438.256775309227		554.1936499134415
832.8612210453471		428.18464637305556
624.4497063731802		380.9128995033839
305.18616240133133		744.5182189270178
1565.95108671848		100.86207885194864
906.0753163566819		95.29459653004835
182.81437813569477		846.5901169915746
515.6710967270174		881.3179852680846
1573.6200454834889		649.439995440095
522.1583759268582		465.9166422141252
640.4174885152472		855.6292858206125
319.48403556083906		730.4013946585133
749.7857483868186		836.1142218427315
235.77120209779548		327.258476331564
864.8454513726642		116.61058071963856
735.5824736258736		484.592031982006
805.5977118362537		98.64104390914201
37.705861063116686		66.02836382929445
583.1347439675461		659.2303131594741
440.68825053667166		903.9290610860464
499.5839320886416		636.0941814582226
258.30599436397904		253.2951600351924
281.65940287364094		784.1118615722938
1126.292658664101		224.01583608221267
684.5726674129204		332.0927861808225
406.565320935343		776.2762121541077
548.8900868290683		172.3771190789903
270.43731912131966		49.933415289708705
271.8230788745391		23.01647575259767
427.86451551309085		171.99913966777814
810.0851238081984		59.90349425762378
11.680563284026562		486.4780716248556
805.6546837844882		805.913476851529
643.8590636426397		564.6899902755026
753.579922713991		361.6856383870627
386.9683370832012		179.23481070874868
22.860848644056773		525.3693460349721
447.0005426459446		335.06352518812173
620.9760549836851		740.698021713069
117.26420715557185		962.5140444549064
429.13574253523984		513.8076080577996
139.1551034983562		436.2028297855919
1018.0320139557327		432.8510739643922
355.57160366642586		308.2926574885796
819.5084233792825		148.84384596726045
606.6835642491778		927.1635256430932
204.08785572706336		444.73809106814485
61.4535665679054		314.28726792914586
239.395563374831		145.37818345544997
1306.4497840031663		522.9214009412855
510.1563075508723		898.2270175516373
257.25104118262436		99.66631853885428
469.99836963836594		741.9330520171548
311.5988820154357		638.7545078914688
908.5638594578489		356.4782645723701
545.1214090574216		588.9247639789726
1346.21779101418		408.3374496848518
664.7532510752183		726.3591917502816
658.9272007879841		537.6172591080299
467.37893573757617		694.9198300740451
608.6079821444094		608.5346907682542
189.7089823664765		898.699364727142
644.0999426810587		938.4531357254507
606.4479496784357		908.7540377671689
623.6739879888837		139.84948384433847
1114.5457846948225		822.8838736301975
175.25124301924274		913.2085170661933
448.7279127957524		494.1161234785866
951.6708992080445		447.47300705269333
465.8411859210239		466.4204499491202
666.3737474392525		363.0771822386939
668.6919487485039		678.3394663140258
1052.978473285125		656.2927333107095
224.47146102354355		552.4168811454263
474.4221084252328		601.0209836801774
1425.3562066458162		940.0409222519943
627.8118255170563		828.0435506491034
722.892872920999		669.0100447913721
355.13803487543515		855.5334255280915
652.9735891558146		43.80573380470423
464.85622947068816		562.6851783427327
669.9597335030692		165.91740263358759
903.1266180618286		604.356995012693
1347.6799637974905		776.8328212423888
638.5921873370919		440.25610018088025
719.4638332924576		195.72205817449156
423.3974662890615		765.8547261189856
547.0546665158502		152.57866699916985
551.9687740700073		405.421968717063
376.0213525813587		610.5935226764423
631.8341044031511		780.3810970180239
268.7310178234871		75.45881019235958
281.38124221369367		384.5244365013749
176.5483315709002		78.04498692659286
233.2958354363568		456.3432422412632
801.9963587358163		369.3905158386872
1011.6295679342165		426.7431113810574
578.8101534489658		466.71338411710434
1282.630363323584		489.64635594969144
385.8821295438044		244.0255244815002
372.3842080960281		411.3257129424819
1490.660188236684		608.0006560792983
732.8300228217984		700.460623165236
748.3971711533436		677.3576518387333
543.1518841638865		72.65460790583234
116.12980509237889		384.915844345081
585.3500553609152		59.64968814633539
458.70621954365873		591.0085167069883
567.8448863993864		135.0940863820827
366.080287767078		760.6729768602374
392.80044975068034		794.2289541398602
211.25809316427632		546.8888946280679
278.9374592205063		48.26209698026133
149.0516188694554		772.6742587651706
138.48926954898292		71.57623640885959
426.559547183514		996.6587595956014
398.73981510731835		290.2359120875716
772.1609481972635		486.2227164188837
58.65072553948585		590.0403314762134
142.06793902747143		280.99153194260896
280.35941664535346		634.4025440981972
1351.781925887935		681.9718983541395
898.9273435601174		92.77174277918834
365.74023847886633		529.0695270092027
777.3353347431922		434.36152941861656
633.4671684885664		323.54581591050345
569.9403172367685		838.2098648699891
501.08318470334757		615.0372167192047
736.0357056283423		771.3492628011368
524.117581703804		418.6907371817719
474.60753893286244		873.2821661122614
986.1649262016847		0.006293281170883347
115.71978015497052		195.27287289854917
732.5351582623842		126.59284906598248
502.17235456332855		100.17806937447244
711.9081150050611		529.0237026215067
784.0391474229215		675.8561830446151
691.285883669726		86.13177037315359
700.6787522423123		627.520971010422
758.9877045558967		818.385766962323
1078.060531384593		718.3758946957548
760.0241998019742		641.9095028742086
1434.980986658718		401.78696659285157
352.8963667119591		98.94348946291439
261.4010189453021		831.909929596352
509.14895557517667		765.7506320656182
332.67143784024324		560.7219110937698
160.10883286923774		861.5887077320873
423.70611054485073		790.4673079569038
194.38077457644488		449.3938174611593
490.10636550756925		606.0539246586388
49.5302454998245		332.50443855953745
605.7219374656815		594.3893218779577
845.8773067706758		694.770843616881
1007.8568506222018		294.46325589339324
391.80986218018546		336.3743347035635
494.3163966841796		495.7897721880401
1541.48476338426		916.4946516123998
74.49165420950726		873.27950042079
809.8016888447216		36.08253417061701
641.6443012843188		766.8214981816284
208.90639574006673		445.1835779204441
930.0823722881249		555.6035590476112
187.6655669677736		195.97871430633353
661.3170055983255		345.86041821051094
194.95920402508932		233.87443385589353
542.960672888074		927.561142998944
1190.675247567181		601.2067764283446
773.2507700458725		493.6635793561519
403.4717085563159		607.6156701013354
315.1499487603528		580.5527185121396
417.49828622510387		731.74670912365
733.7134846516396		381.2454172044346
236.0623618657582		687.0164844838143
545.2315884748837		84.65335696673031
434.80012664993535		620.8162211454973
375.3628078828077		768.511505591053
765.629711124612		389.3169875610443
576.5486455973323		91.72516441366537
74.38438553808106		547.4008398470136
599.5716385209266		422.83591467950885
597.8019023205505		468.1710103577532
304.2531369604883		531.8302849989217
189.3843295264286		776.2257855075528
159.90108751477203		453.7244053260199
1012.7780889321378		510.0075981174491
908.4492801571394		733.8257441068657
558.5177464384595		966.435070909568
373.12409192161965		606.2195615646091
402.1618963873616		190.77027768964507
722.0306269209832		956.5865258563085
1270.1970952969855		690.9954343129766
795.7878206487242		711.5331785210573
387.09763632383107		437.9168605494707
382.69696317830653		566.1834208065768
6.963917028298056		878.5271747328543
526.0443433824062		294.4162194163321
360.17461818582257		538.1892633433191
170.8744894984559		414.0108955074853
111.60963896186291		23.540322436228507
869.9554721282112		161.1464849411439
434.64548856773445		512.4024360372408
348.05260706636807		842.5758362470935
659.6394303412062		881.9783006678155
196.93346971881647		98.45941013548997
363.1349678526182		339.313807217613
125.32400573491867		268.3367968920948
370.67660088684727		913.0659885219586
1056.9216585411527		705.3563886899651
808.2384307225473		204.95387767555587
705.6580412097585		889.8692817969701
546.4459823562905		80.47657323631393
827.5409158180601		649.8933186830947
576.0704671120855		405.4680544472852
929.7407224250237		785.442282928385
333.1320046322921		562.3881027212361
357.56155814195074		673.3403566358763
54.722227192896526		575.2184558839302
738.127772998156		558.6995650219912
645.9203408969591		410.7088529633636
677.4896817027953		509.64657808164964
359.3386848578008		952.7193502981148
763.8374606583908		842.2251272807002
949.2050971896164		234.75372326670157
675.9846786694663		937.7669386803983
825.1101509639019		508.25765318464397
1389.4873689496878		409.93509764939137
610.0708907924314		596.6619938394596
118.78332838793966		23.197294781457003
798.7562891085405		323.38610317769997
265.4280391987068		187.64349938404268
255.22748996580137		923.8517213401801
635.0540358173209		92.398581985372
226.18622721350266		497.7111958777569
611.9710332258278		404.5313005830514
311.60578014070705		396.83818349174487
775.098287938855		677.2081801462954
316.07337477375916		424.66968871826765
665.7071133087791		455.4935381947671
590.439094742799		948.6940391299138
474.61174791023444		389.9910225127923
382.2650591035378		507.1346140141872
417.47308760443457		367.57440949945567
306.78677888843106		644.529396798797
1547.1131581650325		812.277979250258
523.3371202821007		312.16784814736263
868.2888562592386		127.12582827392953
453.3698071003703		407.32572357786046
863.5371303766597		578.99717794021
367.32848327547106		563.2180364920844
1062.0441653509079		478.5137495039434
700.4004946212913		437.9559382114019
183.56379106923902		847.862368957231
514.835976128459		373.07671586511714
942.9195539101943		497.5283660176078
251.61629199266812		371.3387057135827
817.8913018316365		143.05358710969858
709.2133433270999		371.2281334720666
429.8882906541404		694.7377348554055
818.5709295630988		440.8211785083222
297.9289964829504		948.2173620482494
630.664051855466		849.9192324499805
619.8848214069394		352.8693046142735
873.1651734934642		371.86564545324467
788.3054485628854		756.758937880524
401.303243979366		867.4334571784916
1163.8342726267165		262.918699585954
948.1585315373452		928.3559739219818
756.1191541754561		971.9330867953009
551.325227324726		332.89052782323193
414.1539073432331		960.379394732805
281.003393273334		553.7451868511048
1275.5931753920854		303.93972474165196
1576.5160334888928		584.2493814644246
452.5824357039976		578.8091440641841
304.90931296357974		318.4460980708693
1442.0986970881627		863.611296094864
439.9096799424186		475.8889097148868
565.5761331634815		203.79439684241902
767.7025005668222		700.2015131539588
204.1025520682361		993.8703088118797
433.32539668526624		481.4870394628445
951.8520246357182		571.3202926887423
361.5742716584482		41.462019508755304
190.1146147453975		529.7007041771601
359.9567000983458		262.7729854348507
136.38581728762864		431.76948011574274
453.33089907229925		752.8735135986242
114.80974854877115		310.0030977697156
197.86808732525037		874.0158527032258
817.2918187873519		287.2884272495189
725.4844754133484		782.5043391586178
309.76152860995523		934.0146511388083
998.7616362776462		975.31027913558
387.8577503624317		23.251951974739654
336.83516627356437		519.4627700919333
457.6696079844823		127.33757283359529
248.24043200148947		160.13217441163755
855.5803055253523		922.4248690394609
525.9729701985278		575.7237503212828
145.68481693561728		264.7997419595885
821.726773806346		831.213766301717
843.976696854956		638.2374718580588
421.41164434923587		274.665042672611
766.9316944102195		586.1035478598681
498.02433634857096		839.2682575821477
693.4036951585634		360.43689651687845
511.2934802967921		894.9326504637136
626.6069434571542		433.31459492324524
1424.7237396462756		178.99565403385486
615.3286333116038		627.3429892725314
626.698606694384		808.3418067915493
13.017720846305565		259.7740765893864
592.2568679175392		391.8994715153557
237.03415129154888		321.4328381793292
730.0122645465982		299.2283895122223
469.29890225906246		449.4071189186518
783.2681286758509		439.1571077168504
666.1925810810218		331.2694654552171
180.51808449282288		851.2137706822847
267.636699684668		961.4236767933575
804.3484360208186		660.957986285608
136.33932303592667		488.89151370222027
272.23330695061526		735.5753684301028
355.1887153464646		378.0654292659033
428.55148646850444		147.30142667632276
588.9238499963435		913.4719161696112
819.5237060217373		284.53689492760054
313.5053397265265		44.29760732033037
374.6430500201245		965.3369480911542
367.2515506471184		548.6864774056384
234.10644704079613		304.11921476944235
545.5862755498346		200.15231721335812
321.1161538114035		563.8553678145465
269.6157203590261		471.99007735238587
903.6437234787877		73.01482435898401
476.5109625141615		654.461057920194
122.93710631554944		512.393760048042
1063.4351185911069		902.7237688994711
432.728501765407		305.23571188939553
921.5342715147636		62.186369685102704
725.5246327548385		682.4563848676526
559.5678813190934		104.28177368594669
256.60238192565805		188.99731644412458
771.9956071040768		558.7018059338952
1543.610184511991		974.3637663862391
703.6843944229338		232.95003319969288
80.398798940071		109.04329710754627
662.9039575913312		422.36913541234026
721.5314519078171		183.08878958542624
972.6477814623852		165.22210357986108
996.6047723238137		617.3285140338666
417.4706121222705		762.8551106768984
481.4090886754522		877.0394185461803
925.8417768915185		385.0133404388725
398.32696795458617		775.5020761466137
572.8019568925342		787.354709808681
746.4289722008906		719.0036201526417
683.5948336798942		724.0106927417359
946.5465593448589		649.4719217679933
531.1538575697838		229.537504927805
827.5168869810104		467.45783314768624
397.19404650161937		415.8051797191467
642.351312138063		652.4961099564842
667.026027382809		832.7670822804533
640.2250868982798		292.23736802627525
478.7914972508334		441.6102120220925
50.335387548347626		923.1335238061698
636.5418107329871		381.32366310374493
1477.16112221193		585.5041714020992
521.8721074162603		517.4538002114801
612.8028856488783		993.4234882896101
833.0620593648564		341.0778462296996
426.9480600577915		440.2795203797426
1089.639382691324		887.5192781948274
69.64296203045359		540.571003363795
826.3796134006623		390.0877172399916
428.74961321352936		774.6094955535993
273.31089132512943		961.5483889109163
370.56575080867265		367.35392364367783
487.6015392990057		379.8562329539676
384.08765172535664		273.3672707372476
1002.7522550547917		846.0576816741009
468.4074381331395		105.66414922514957
1156.4330963260493		554.9317793695644
19.90164609247836		23.607222011168062
385.7468050752817		832.6886592121309
136.12195489073991		820.6576088385601
552.9622919020577		236.79243478858956
879.6244431698942		126.81855487950673
788.8456532630505		503.63310695207446
390.17761028104525		881.8362029109846
614.8791424538218		76.95858780939159
467.8489897046388		119.71901153333783
751.3108598677511		335.28946734372903
241.5008047463724		364.2657033185777
570.8049916074898		4.8992361800773665
122.49002852711493		453.0966258467543
1050.3995321552002		521.7331069191838
512.4484260813941		624.2087852839114
473.1152094047511		326.419997332779
375.67976593694664		293.1146053148936
246.32171530949032		186.37382806963853
603.663253642354		633.619106571392
1559.8370070176634		817.17223146044
314.51866508455106		204.73191626509896
483.5269612096196		656.0774398048386
549.678804510279		706.9581059973283
646.1556041811821		783.3025259985441
953.2011216878999		888.5328187888375
540.6931439231123		269.80047335975945
