528.7881743140053		905.7244796550145
1577.3355651665006		626.686997745067
802.0183091571257		805.7429800031032
547.6808309777344		319.86472402654533
843.0356678301631		290.1016470806169
386.0129879950333		476.5794392897529
388.42399921669164		894.7271907301864
327.7386145538321		300.07338912446477
861.6789466599661		452.0514130292429
579.608416293267		613.6952145850025
257.9029105237344		268.21897910746134
562.2057332413511		489.24387828975654
564.0960220627219		739.1852133063735
265.30545039434475		955.0780993569448
640.9235506624165		589.47362402689
834.5692913007001		292.6670312137662
176.2777930418743		400.6170306402964
608.5522762995096		440.29639987784105
268.23782867092314		148.4944395940787
194.15860656408728		728.3443121444571
390.50313260751227		630.7790745302497
458.52688073193536		784.5364071613162
287.4052136015506		523.2498523418552
145.75749252030363		182.20873686680739
301.9272164292566		408.8286628951655
733.9639354683179		65.98660100903271
311.86786087041475		264.1695011938613
151.75799797479488		535.1686120361228
343.35399241569877		501.2075949244156
281.68142235221444		519.351806303901
132.6196856385427		98.45477400720142
660.535278116613		451.26519961302586
526.3095900026079		384.82569769460713
217.47934391729342		691.3352127913223
780.2554890317858		533.5909163578474
587.6808887205235		520.3918535028554
494.1256150843681		593.967597130595
509.7844606461434		189.02739604798512
139.13238520630392		520.3222665425126
461.24373259861056		764.6985031606957
427.1741243701787		108.95841742136145
481.24736727567205		243.84305903488246
527.5981562168729		341.9957120234516
444.227325534875		782.2609846154731
210.71041018692966		478.64386360638036
557.5091299650641		111.13302888697075
620.5853508971378		327.2312679179755
809.4439857246923		759.4021659945706
366.6560639808761		536.3534673889343
343.8880771277659		597.5525760486427
511.60047622332485		402.25279895546015
141.60154155144994		214.00308090211263
747.1904126671302		919.3539153287692
522.0439487452508		721.1657587551488
350.4791664835222		183.76908001404928
639.3113605809042		94.55348480605107
897.9705706856296		674.9719443443032
346.9637550508336		221.8812396116947
463.7935006078173		493.94173412388767
365.3791966356266		961.7710793817112
755.8325502822074		945.3572978040538
163.26936870239655		243.35947781617415
85.89935888017249		508.16098937750724
447.7178473182787		544.4078493797815
378.87736933711415		375.7865470491356
671.0689384053833		357.0956661349611
993.8730346989441		644.5159063510537
519.4619492796752		531.2236013889213
534.6993074787094		752.4020435258524
1481.600354608529		893.3182040523368
232.38111566816644		310.81940157962583
470.07976665740273		28.844060540303587
228.91152311972036		315.32036635851404
234.90363936256375		211.14950409881953
389.75006332331975		533.9064836467978
682.8021668010185		23.158564782683072
576.2393078645046		908.2335388356964
445.04781627901497		260.9569183434421
1323.4310176367308		979.7030073409428
1175.3929414752124		433.67300689865465
498.73898408776836		811.5550196099687
858.7798384887628		270.1406703656477
458.38782290153677		447.39970925679097
609.7904842388751		581.3135524957826
969.8581249205283		550.9108509330831
1038.121257292376		895.3029367896213
43.46080176386886		828.6698799579739
522.415247731346		340.1650452336354
1596.187806364297		474.2645456290344
521.4955369380674		759.4988343431772
1070.7607734723929		596.0919410734192
334.63172207055953		162.04939474561053
1052.867744564438		611.8868974814623
950.6694469215606		164.26836798806596
451.4417704563202		821.1303856069713
400.89629868214513		615.3703095510901
340.698422558276		641.2537536995881
643.6786028826533		419.2552785584609
514.0319258421117		325.14732357348066
621.7090311708583		676.6045531530642
850.5958040356472		687.8951478548022
648.3108253693831		437.2876803728542
140.9984982038187		568.9917389725588
542.7698688392801		316.56380962080345
704.6735789012228		478.28868366548085
1220.7203391975552		724.6852868835099
839.2948613612953		333.38537076950627
405.13110094127404		352.12539417993344
653.6072225803165		894.2216277798968
272.2789073839358		648.6983262817743
232.50482013156517		254.31399209710764
676.8882953643025		679.1307130937902
751.5081076845486		129.8718589855764
774.2916810542613		516.1050496435689
994.7719358730435		969.1944100790554
840.0347789881541		582.2446840092471
544.4241831062044		558.3999551156782
967.0112671160075		288.18098369451053
691.9295728401728		57.53268228666343
155.26207136809893		707.3373689822884
666.7351235725368		946.1863551861601
353.21287018905093		644.1260168838072
1116.5705663123904		811.2171687208335
587.9116075534498		895.1774092220426
879.8012887891939		739.1434100494233
625.0800501626389		976.209645550204
1128.3369104486878		452.4982058770613
675.4759432102646		478.46229277071785
290.91910019035856		205.74334829539725
789.9751690222695		35.37263810042168
430.25254719280946		171.2165041302344
246.84874591873756		871.8037253827791
296.82277631263537		936.1544497485465
271.1727615064572		345.73808383748644
249.2909875486461		283.673404215672
912.4191034130936		710.2291154164271
83.36305322577215		756.812644783392
614.084323773341		833.7769532467819
117.92779719517051		747.4463396592721
660.038656061368		136.92334842107363
309.17054309962896		109.06529885152327
700.3383108303656		655.8806084293526
1003.918508630946		578.7467113882453
68.49074783733585		776.1541704875631
383.4239614167257		294.3793234690256
206.81639348545713		278.1546388188291
766.9426928676971		51.63853619259794
565.9915743835031		336.6917050122996
25.9274405879126		593.6333730970354
330.10099632399147		396.37323732563345
205.76322776927594		589.61486470001
385.62961426255947		654.7665516590736
338.73228963793633		817.052124993065
796.186744575845		720.5210986507061
662.7914561699215		353.91450238448493
660.8108156141618		99.41690163462181
403.665425928755		163.94474603583149
704.2462234322815		85.49306128125909
581.4809033114802		378.2125229616108
590.3145563055051		195.0635144539366
294.6140590774453		42.54167028617593
1224.5799704944116		453.79637719532695
89.24641376235888		148.73975970153924
444.4861773746433		514.1717334072138
319.7672261535053		499.29616250308595
227.13511241222704		147.7980829861533
530.1740850844294		318.46601630109546
685.6555598541987		483.91381939546335
168.12208300234738		511.2705296991953
578.2306457462613		892.6745011158386
639.7231318154589		416.5196795417329
489.9869229329263		663.8048483188962
114.65343176391417		755.8147493854277
1368.3173310109341		514.8719244314968
480.3912567706283		707.5464621096955
736.7390368157996		672.1400049971512
450.3690245159804		142.21635210949444
475.11609907873316		559.2324025881632
702.3516499225452		734.1928347073825
452.3698028905301		494.6542468873925
737.9471698887821		437.6775250160141
585.3116912081634		372.15640039682756
534.6343646772124		20.315041335580872
425.67700844488684		508.05132207382786
1083.32349073342		507.8685375690084
503.13181926048674		463.31014632319045
358.28650829544335		494.91022928323815
1385.3275513450362		489.6717202559876
684.9466617439		325.6820024756415
517.1729396667092		527.9717353081197
899.8612093254633		70.06305283510449
414.8684371509227		515.567411884089
266.58957502930946		694.3020608059804
145.30408031990447		659.4999475453432
430.7682050458425		808.0975701533929
593.0618137941386		562.805464998541
645.5884181223608		597.3507151824629
398.7806317698461		978.4734680450704
467.71049663118015		776.9767055876804
579.1405030645144		480.74726511302487
650.2592024728677		654.1261813297015
459.5586826039247		218.13419354698476
788.4916646742863		238.1164350079938
445.4431182137859		387.4134441274016
632.686702007345		232.12753574146222
667.3661076415432		253.42296192477292
534.3192529751142		359.7182207759083
377.1193091702778		475.1563427687728
902.2800203015695		220.25396071727465
789.4267968502649		326.3485779582438
682.9828477829092		740.7098805747676
306.5351672077177		786.4319922002006
642.6044986276747		258.30078051420315
438.9947567123602		505.7152647053247
304.206262023057		413.5342607705972
796.1355917172809		154.98617104016262
723.8197485288262		618.374121289286
403.50478075675693		760.8749829969086
268.0051488195564		986.4476996005362
579.1414813918582		657.200654872882
349.46774057390223		310.4846919951435
986.0201499968969		433.9652058795248
451.6478020235468		478.36051110179864
735.3595357925903		201.4859967288358
1281.3363827314201		497.0397663611617
642.7704504506428		48.70305330283196
351.76532844636847		515.7889863447355
381.1018680913297		804.5392933377606
114.06841735545783		202.14144401121166
633.7178436703651		638.625808005829
259.8106893133735		305.15796953020737
325.17807155615725		319.3522673554747
346.3645391046447		391.08341558599113
152.82746249070118		582.2075204777259
485.41492274121356		441.74882518534844
912.069059758512		657.0585598613958
880.5775537935581		352.03849151598956
746.1417956355187		674.4352903336376
1364.2419035134367		351.01544731284656
720.9042260656433		3.398817629688324
545.7422939049051		555.790530984397
262.4943903358643		452.25815585982457
1553.6094359902527		322.9786865863207
18.638110202705718		701.8585606631718
123.07524296894456		697.0152578389864
442.1161681438952		527.4666732296812
730.2135685251199		655.2444651246099
58.02780364582327		387.65337110624387
540.1567629820304		654.9709147829562
302.5517195506277		953.1565957552033
1181.569013783269		467.28005340383186
369.0033985919006		681.7649519975151
1044.8498499570053		213.37499198099255
179.5700614619567		149.72516499872012
1408.2294078859195		65.24095038823316
253.02973583535305		601.2003646836431
173.90528266344728		601.7233020557967
1044.9096219224675		775.71857546472
158.91650433135862		145.31266420842263
772.9441385140908		844.1081930853796
364.8760118716772		386.5589596949281
563.9186561643033		369.4270050561115
836.7825639997573		84.7220580662372
128.32905599711125		504.00806931042797
400.11088708053427		734.4699909350335
385.24450359214563		652.5636540351177
305.0862613263914		365.02887772422264
624.4693159245633		173.71267059003827
283.68022874554083		663.4638929409494
557.8437064255521		511.093373973378
1556.3865965692028		746.2270182122473
1052.1833026953227		542.4290689483453
180.20184239312948		569.7170140058595
845.1622056737052		213.98900386182117
489.51341565559153		645.672306512022
1101.386652124011		453.2525120768029
755.0439081311707		804.6872921201948
324.5301714677764		490.64011523445475
424.2539511692033		911.3517125201735
232.73316126405115		711.7579182494585
329.5758165804292		961.9661963253931
566.3529020198748		117.1317872378529
1206.7673840049138		840.0798471356113
247.91680605315855		942.686387969015
909.8956324407853		722.8352883419616
583.7959270847557		468.86587815787436
887.5053900855149		473.1985448692311
1542.847756457122		728.3361132659268
759.8593094407368		460.28498793130285
478.8859156734618		333.28755383685746
578.7560818902314		346.88354064997327
401.9213179615555		406.7069093002569
704.7620405512689		697.8597884570602
586.9853599083903		307.75632133483407
714.6136786991735		46.60652153611295
535.3769924601032		995.7077762054719
581.5041172623829		448.10192020946675
183.61914175181562		780.4565198857597
488.2720419010487		585.6349331254837
592.3329170914495		740.7456585928786
254.50143692330704		559.245686390696
534.0814815387498		306.47072074154164
349.61625101749723		815.2761210343656
875.723142753923		164.39818035641417
852.5539852587847		163.43310981898696
499.0477035997229		215.4691097331393
487.09542719255177		881.4208131490448
510.12311926882296		125.34928232400256
1517.6690928498765		818.309951021823
70.64852301316841		261.71527492503606
433.7689509266257		370.3953877550472
319.8343885290232		898.0152564702042
723.3180207710627		116.40055282763143
226.60460747392983		342.77277425836274
76.61615797725585		875.2861006586484
580.4522016359176		465.6016676027093
376.96632006615414		954.4312513215197
520.8185257818761		599.4970764241776
234.37772610506943		198.59384909526108
809.0985875429509		608.1341058405656
273.51333692902324		863.0256498756328
346.75328808387815		383.81327517656666
1028.7843821557021		226.95335545593986
1050.053704245231		625.9917134370153
559.9440295653591		805.5857068472593
626.4668109160882		900.0785713720568
850.3393179753798		275.08173082818234
11.25135342649179		253.79493132670592
198.11243473640707		259.70516759158807
373.3326876872185		383.6027135289014
342.7386711103596		975.8748196978831
1397.2041736556457		68.12347936086144
144.72884035944247		542.5547713558572
233.8188605594338		913.4900535279578
360.9693596358881		208.98206658654522
1037.7765064003993		568.905752933396
189.96784535215318		631.9728837431044
717.5355527636884		638.88540514515
442.9076419357223		595.2138749675998
791.8103639252487		7.986825494353525
440.4372141009286		879.7246598892805
144.1136168031207		305.8151612247468
347.93394211744607		114.81247464542139
669.348082884103		576.806314937893
696.1864942025766		27.545928882053204
398.8799770810128		807.3858937328246
702.3408699601674		717.8339070449955
456.04292877606866		453.5647061761021
890.0359901309623		303.41929387465393
222.6721870430547		987.139169001927
1107.819001828334		797.4724438886997
728.3007688885219		697.3255915447555
314.9739236238248		376.4890349639908
1471.4863056547756		506.44794764393055
649.3840987513865		641.7430182260771
237.45072462228893		764.2618207643062
495.2273517151902		68.40004981968559
477.39755203186496		443.19839100590144
290.4333149308561		660.6079874129238
1033.2737351235467		528.6901219178069
170.63016453798213		660.1843767645121
653.5975732694772		737.7374939551523
503.50831424598323		684.8777048183248
792.254918300255		799.3261783503267
598.1445333329638		133.5507465028544
505.29208659319136		284.2673128599279
403.45694078235596		884.0725448161268
184.6193146188799		494.19710701357803
1556.5536834238683		495.6159039095177
642.3327974240503		598.4113385840989
1556.225834902148		721.392258150709
1480.7417376091882		621.6012246838976
251.75015802181366		883.6186044887359
331.7648060577808		556.4183662991953
121.8365996360373		932.7011020513503
434.7243275114225		416.3770813698851
326.8679127084515		778.9592396648195
607.3204321096176		964.1090402752114
474.92783304384625		312.799356836848
137.66721065387674		89.14358988196591
512.6580932599946		169.19921092831402
178.8046115167637		84.17056729148317
550.4911142453994		288.00864707594747
708.7126116798997		259.1373335709332
634.3068844455453		417.6792082323527
290.86302960683093		262.2967572443364
634.6057889062952		271.06728565741514
577.2583058376786		275.1184791004307
51.54822897836408		949.0120810437918
753.8600686134025		286.1597816367238
1065.249190811247		614.8250090692911
222.79489644176255		598.8725027227237
205.99196511728036		572.7934816763685
396.37625022964465		510.3556838215747
466.04815175383817		751.2075112184225
750.4939336713159		46.29748439625632
108.0741978955885		1.6385610160596116
543.015290753545		948.3362706218838
835.7912907546136		874.4234544205518
172.241574987967		371.3827186669157
1474.774339758342		498.90443982725674
713.6279904564219		155.88887456933412
876.2932708668037		130.7946706701614
150.50341216885977		691.1156257668583
648.4420402864292		452.75919650362016
451.3634755928858		104.5516647281392
1538.813312684947		513.0518183349647
390.7872503195645		369.2182713172466
662.236759192226		111.02830616786184
915.4668917526378		270.3557981107012
1445.621496206979		855.8267723042474
738.4590159434233		867.0412269666984
1577.6086674430344		595.3761308456134
185.77823439373805		78.36184331667312
105.68075101776355		384.1492036525269
923.0460112681615		185.04290928049448
886.2896841309067		299.7583991475575
602.0639790059984		574.8581495279238
870.920169498984		47.93767046101584
177.44685671967534		469.99031476128755
874.3040700883078		131.72678509294497
575.5435665335613		793.0972484262116
351.6182365857412		850.2288380521841
393.5658381364285		50.648787760014784
911.0282077543421		367.8102037713877
920.7723988655315		485.06183647285457
874.8871381411602		791.863955219733
177.41116016328698		717.4623843833085
208.46792921570062		496.8282724917997
42.32972692624503		965.0374813902092
494.71681609769564		503.9618305702193
525.2941327447786		401.15226833322595
716.4286709885273		319.7215161731543
271.33499718730275		603.5067204665082
1590.2084057914128		750.2424176890424
388.4783687163549		514.7493493831292
490.17193500417136		738.0405815692513
779.193287983768		716.9936978032565
606.5783223200106		47.81218856574651
433.7890396327725		630.7626369912148
328.8553922745869		840.4146432254187
193.5848071709525		832.3519563112764
287.68026453333323		797.7638363896865
957.5974219062106		128.98377195572482
1031.7234487660767		33.63394042908078
546.144881636927		322.29712654200955
473.88115331417816		385.484352264221
263.56315164949336		892.1758246635682
836.4937492335009		183.3105605376179
662.435507782847		388.263336988079
786.3343080962125		126.54891651206987
422.0323489492495		238.7185636504136
635.4257813894158		615.7173097386552
800.7573129618738		818.5949846607361
153.60636421610542		884.1433295766851
295.71571879384		759.5013606919697
585.9229968167006		319.2771734474851
954.8376237030635		646.8886917057603
636.9415099947644		838.5688115256431
918.4012621663777		238.17442252651108
787.0095156191703		923.019930771661
1544.9039903375115		391.797904080988
367.915218084178		761.0148534974677
433.1459400804028		818.6092181649938
652.3215456416117		853.1948849092416
433.10098036947954		0.10594153030172038
693.4168819490471		894.1014604059994
319.6168061477507		451.6237650998633
528.4059941630385		189.64474422413144
554.0603374175013		585.3549768329538
240.22673355710867		402.0400337231067
56.82707506619903		259.53679275193184
1382.1425650097656		771.7943760621017
1159.105982885186		583.5565319533687
124.72670805315715		62.19871487786247
591.2764477036269		616.101588747608
571.9934274039409		981.9078401374691
627.0981233550212		820.148386741982
705.5567052775359		338.60534497387175
298.1341626816382		126.51262412518224
820.2965628889335		75.55521517870193
489.35045248334814		944.9516703866252
195.80095106117432		478.4452826673335
577.6352582247615		44.80836133851153
403.32433923613746		308.0072904930055
643.3095578757064		239.37366825430252
239.61788048983294		897.9798645980691
369.2452122361257		431.8536074057317
149.29919938963297		464.2817656619716
683.622269948518		458.08950885471177
856.4776498292388		733.0490720763904
332.71423452657547		389.3942673184634
59.000024882715934		758.9758672818815
353.5791072178455		127.07022513395992
483.56578667139144		777.194994230716
512.6201116459287		669.6770903600702
585.8566504351327		817.5298740714463
798.5288062917859		666.7531654785329
958.0725270405106		941.150773543102
490.6808354141435		725.6404693470768
320.2459903968836		634.669591010553
714.5046673977636		708.5428197128041
688.8628491819967		785.3634767675965
177.58364587114397		968.7219079593632
35.527959891558		969.9092030798332
151.9265773961434		835.4321642757473
635.5432103067465		361.68483955254186
756.5457362294433		623.1413375979705
241.93314090234804		336.79819969283346
210.82158296620474		440.2301393378063
705.5044767858916		582.162294480678
511.05424144932255		378.0922631417835
879.3553017922554		327.83700562129127
841.8508269170547		225.44541220507108
854.9540089333963		239.4168719186781
1024.7776457146942		879.6688066392558
368.65242510108396		103.46373315558293
390.6309420575299		222.58538181130626
680.7855248385074		242.20526963920605
1186.0338020782476		778.291049813271
348.6393005868056		316.08816875652894
288.59075529511654		319.7534404867155
208.68524455497618		773.7941152193492
517.7439573011903		870.4444422844201
453.84374493831075		273.01777058875814
502.797395430318		360.9444524774111
384.7652689430232		296.4638328198702
596.4699100377508		493.9741909139716
200.76427435126237		325.8385570701412
361.88034942484984		366.0440788713179
647.4041102068109		355.38905033269305
1546.5647027934442		642.0876426620385
721.9985214802836		368.44242565014144
467.56775410542457		366.886930602632
765.7991564885781		777.5943630254105
690.5162368528527		821.865658353493
379.6572152478851		454.5374541252208
454.4825571265194		964.025152899766
432.62127449209635		562.1410016144927
173.3281866077429		517.7585652166957
1215.8861872202287		602.9028205058556
664.3766368974686		444.50153985766605
777.4648490771206		301.35503933304835
365.53236941694274		554.4685625920796
208.45619091589742		26.093727232890615
655.1924114674547		110.23704083168133
389.0888217084386		769.4976748258416
338.0202941075907		902.2160366070196
395.42537922545785		706.5304769885914
1152.109797010501		323.9226976436523
578.4423239221691		79.89962691518167
24.213715086159425		341.0430881925239
497.1205684153809		286.09409419046307
739.3843423654712		710.9492049970185
977.1936189645879		696.0023304023363
646.8544550387232		949.5174631338365
215.0861749930337		509.007962665138
558.8077433357897		356.9836794663638
746.684817104684		347.76666780985914
283.848203303969		841.0163614308358
880.1408055803347		434.90468760313087
454.1190832196364		410.4838153424103
896.388638531484		271.0980224388201
517.1381916932536		618.5820885215724
187.1574523283511		258.8574981350363
552.4581845609883		151.35163337038802
208.21283313997623		458.13564093365443
970.7427409359295		74.37757582696213
113.05013994313532		263.0386475485768
1152.7319606619112		710.0634477294155
313.65376311726686		694.4567349449384
722.5025236535091		445.8818413049824
263.68691757747627		385.42043770639526
655.8411092355642		217.83865671448257
619.386741397023		452.65595817083454
375.02664423981037		405.48225613030513
327.79498092770893		945.6329490411931
346.6349422763849		804.697098103062
724.1229479511206		651.866062806814
803.3378506693375		787.1454444436056
518.5635251053502		0.011997803016129183
427.4276662452611		626.0309342077564
1063.4833646088323		518.6419706414149
656.324633794565		482.83628299984326
572.2965826898196		937.1527654952838
645.5272153026381		414.0553709326732
502.4638980152427		102.95265373924127
627.6424228061767		601.8967768785385
799.9334254677525		855.6707200650246
1497.6578267821067		892.8135995726875
630.7919887320566		76.52341429429589
1476.3948016856152		774.9713097468916
727.7835087618761		396.42063698412943
1278.3538129882393		943.9385697888304
279.72491768289797		923.0495252940821
469.9794714843212		227.78923292257468
302.41862932866405		895.6520028105051
1542.3436554690163		662.5380824710649
693.4730624276581		826.9396937375502
212.02077791090892		747.1400320414834
35.33012744408495		219.35420626175875
1325.6093303609834		771.3150017956937
193.60155539358357		905.2337523929782
745.2567549737215		491.04892633894605
513.4875924090445		326.68254765090495
669.8073048460144		897.2349097804049
422.85159128620273		859.2399571312544
729.5491866110167		217.78751594010106
612.1004413546051		470.9019849763814
372.86521391521586		591.9711577346648
384.8167871596738		898.2296914193012
784.4719125610814		479.0870561187569
74.64090103432756		768.600873287523
398.3501285138252		763.2541762389201
579.7535779647009		129.5545878150151
631.0601172594113		538.0636687258789
371.4764347253805		832.4329239819813
922.2681503442936		717.4251161033488
278.0584830142181		759.1965018571777
591.825896603764		413.01026514533766
459.15310132561945		276.94848098675305
50.259819582524074		2.758959233350197
949.3342507108954		888.1814222581795
44.97774524334625		481.70569769080254
38.46201541955793		669.2520347793395
546.6445001550801		999.6221663564634
1059.5435737659936		950.228543439054
568.7708229085639		373.30316134832583
1196.1249410004116		524.2998953039934
723.7994350729128		364.02006909426564
112.18486781221532		898.7868712511198
670.5956531046593		736.5808458107987
422.8003422706823		401.2689520956852
1594.526129696877		443.9859714423542
822.9168415763442		199.9930933149517
29.42979121859952		643.3569932309839
454.0162952912879		968.3531857462762
10.198283626897421		237.70248319405232
175.4814040445799		919.230537569333
416.16261427276726		53.813006568798244
388.4834608639363		266.4993461190793
1513.8895699927127		118.2925150657693
1268.982845038599		669.6002599158141
481.9911716336342		694.0559662290876
619.531793882076		396.40904675189324
408.7162000519285		554.531996825118
539.8132829715688		872.3384209549137
685.1985387194825		280.6178683492714
893.0772744397373		627.9754763263776
244.10112450892285		577.782269255651
156.29836727384514		485.0832606190902
159.32720210909406		538.0727851044708
291.36371129414886		317.3573087688126
832.4532021205825		663.896630517019
583.7835732812318		683.2425232575002
590.191973939402		531.0615557301333
746.6341956750532		196.292465786894
480.89147109759944		992.029456263376
768.7159712410685		652.6848464682133
537.8207112656818		224.91822520084014
233.38534595159553		90.0363437434849
349.423389316212		141.98459971937473
81.50786574106883		840.9413624417185
251.69554314810532		404.85632913094616
711.2439688281736		727.3443902604247
864.3331928562059		414.1386686226453
335.7342741923609		21.838857807449244
166.85847969715576		434.6772904886856
561.7051286946497		145.50626957037565
110.42414401606464		527.919523927638
358.924772619146		383.9068459903462
177.5711026976411		488.8991016844841
167.61124142087147		306.87115207862564
97.96075956646882		918.2143529850057
718.6996368393634		290.0040033382894
742.0071419722702		665.8663361252758
372.08365148955266		292.2164326775277
447.0160282836176		614.468986922097
721.2034595423049		486.9731510639469
1193.7714938852027		207.9447678163885
273.8882417630082		650.67476783499
258.89727067752574		843.6932558112268
153.6422970021568		9.268703085796005
515.1241502925188		285.02884948096323
816.6500770398159		964.1327560183024
410.06178452307694		552.6735166998506
628.6962944051128		598.5577610779605
690.8588580150307		956.8708855853747
422.69002072654433		597.5587659164639
710.3489215004047		647.3432893021848
269.14973944068333		481.5898094015362
313.0415796411544		202.25731833553039
692.9648962349768		657.3207693453023
408.2426352621437		614.7444675543894
511.55190220469217		214.59585513990692
1506.7758181806894		788.38622885048
13.975991087218176		231.03955192417436
183.2992658305841		407.5320363770795
463.8597997469754		154.98813483297545
1546.3920743586232		599.7929787052246
191.75581434129833		196.3876789279438
561.7969727140014		871.6189074136594
881.9958470114761		323.9920292224754
1013.5369044832698		111.3298363510105
135.40585958055237		834.1792812674983
491.2943218168736		697.8610035277486
445.10339453962877		779.8533226749969
400.42185002974384		646.1544828160103
305.7261550052523		413.0250053966286
1050.2430439920836		508.7653555078614
18.7381272995965		518.7213637754298
632.221405017537		699.4785380123257
719.1879618514383		828.8465464687833
639.7879648170865		560.7557526690418
1253.6391906703006		470.374196782479
674.3230677931076		109.9949223975787
185.41105673650395		857.1642537428074
625.7837410877805		101.91345235303675
253.4121676648468		873.6285378670541
759.3773071384018		42.88075251987078
295.54422179198826		588.2912745914559
277.3469064264773		266.3587094860668
366.74919478368736		681.2262009914663
805.7822709722635		644.5652081485417
1552.6083648230483		846.6882963994386
787.7009049394542		583.8714546598269
288.3705252280342		608.817225099785
1135.1473687703806		312.19301543563085
499.81765474922554		228.27519800076834
61.50088529527494		335.08762666307507
1292.0985645173846		91.7003161949936
167.36155526337194		449.5510694302886
153.89396000047208		817.6423186477748
751.4405106757415		389.62585304893236
796.7844961241224		686.6977142963436
924.2523081857205		389.0139085488888
779.2820596712584		410.8676564552313
433.5780719872989		596.2066925442044
655.609476704519		610.4782302843737
365.86320320434595		484.8230040237228
471.9859401725102		351.54409370122085
397.3902930704728		61.49874170231436
495.08295848179483		223.83683414215938
1500.1776800374369		656.1405457812309
754.3209431160434		354.26717118292254
391.56241062557797		228.10650191939578
556.5993584344211		340.15797870403134
507.3385725359794		812.4822559871214
480.7652740114246		327.30816292974396
1000.3978701768383		724.4706962066101
828.3151397462836		195.98340614866044
341.70318329204224		897.8981569349802
175.06041413018437		476.1684521689856
589.5435469213161		842.8760878595017
109.5300322186527		546.8147335305196
636.0899491458283		212.8647730258641
283.6809658277877		86.26957259031042
365.98169223240086		386.5019735760769
821.7885408569939		593.2344884031057
498.58981138475184		568.8320001955041
333.57352851689393		614.599982782272
461.6539701802935		838.6192776010035
44.10049132732928		582.609648340814
663.143250424992		970.1427041790564
484.938179912017		323.18717649711647
329.1954877919698		139.47159737993337
1273.282527087551		687.0224503625296
1532.9020538410487		363.8731154396303
842.2788068257935		540.9996453942863
1048.8305201246387		685.0307908047671
1510.292624502481		881.3557664711954
288.69533040181125		151.29901030792377
430.11207756405327		336.4410539467377
542.7268789014664		447.28281281691056
635.9172960742198		389.65564815938325
439.6385935437604		889.2395388508426
703.9492566499297		673.3899662653259
502.04509657173526		420.0017213457738
162.30625190605247		572.0843354361089
969.6926993241636		558.4052175888289
633.6653471750842		462.9798228843435
415.7324702963469		383.62015090753727
216.00821001565112		116.90991814386007
244.3650464256599		140.53882807985178
1290.8417200989102		248.25461944953148
1534.0835356157886		109.79988833504638
530.2577774926457		859.1427148626618
424.45313137878117		513.0627207167022
576.8702780194947		847.7587673436781
755.1061278517564		612.8330529696419
561.0356462911906		379.4965215214968
268.850589550833		318.4200664276299
1556.5468307939273		146.05819004678665
974.2515320943714		446.8532416575947
758.9422012564398		709.9677253498807
171.83743496752197		303.5532386231332
331.05635355621524		491.1328497882124
537.2693724256746		690.383603567973
680.8333866283751		733.955844927563
105.07744716097676		232.96753918100137
184.9650005985347		247.0504766901717
580.5834508352933		345.4840888612199
107.83156026641478		529.188994429114
349.05439622160395		506.32723416608025
496.50557230748507		732.5133224359847
523.1613344153068		856.7140323107569
425.74824342516195		515.1495293547688
921.7021219777268		691.8338477523976
528.2830007606652		107.06906522671352
1563.0211356371756		166.4860442751542
557.5948147240235		178.601857242419
139.92727607097402		923.2977237096294
330.2180515265393		306.0782633580597
298.8663904282487		590.3396301511625
448.6295375559858		710.9408204648859
993.2410408412461		867.3669397397787
1534.9643329914009		809.2630048025508
124.42151408819223		845.9855249172299
597.824229763261		627.5000508317198
535.8800385913496		327.322383676755
640.8905090921762		846.6640808974294
352.15378803792237		285.5037768877929
340.36337456886724		434.06759170836057
501.6454087196781		434.2299686100881
286.30109906726886		764.7798315977669
685.7485488274101		645.4031662088345
522.122239882167		188.99369004510345
197.34141203750397		520.1489352258651
338.20338347732434		848.1905310951213
567.0861246869999		939.2254833013901
360.30924368898735		371.33694539913233
967.355525831444		526.9806597850991
995.3392711015904		825.119109112861
246.08213434465011		2.443943166422173
728.7205850322962		428.13530894711664
814.8156801840677		240.3401065912475
700.1637200602449		374.96013883994686
987.9439207536348		115.81301585512551
511.2251450734357		434.5786201693661
98.51145579630708		50.1834162334909
499.7462417588811		754.7486124130764
396.25072492074105		249.55515853096972
50.94178299067147		431.6697470689269
634.9610416170124		392.11787699053457
1021.672072373248		317.00841368803634
309.88304329439416		859.2249558368799
76.12105487215052		221.92842302390756
380.01062794377725		592.8999977707605
1506.7990499907182		477.61037988220716
457.1504194321783		442.1819708049502
950.0470635176371		6.662641755573077
929.8144764408503		675.8170953419598
148.10666305679973		338.9446829325103
513.8792338900847		537.3515651810237
190.84893236410664		790.1123643192434
205.2204828077521		416.3702316690814
633.9748299939356		434.9197223146733
437.2564148122884		268.5430791693243
84.45599067965776		460.10303929316893
735.4119896647584		652.785916872516
493.3512340073696		102.3173874842771
361.10679722346663		529.9955915670612
298.2123608926148		394.68401648039537
749.8585467081684		435.6291886600066
641.7752398090033		421.6443043653228
494.5294042079452		861.5083506029894
498.01385563260584		801.5376674305044
684.0735355706909		775.5848754953472
1225.6745335782487		931.4644746395819
668.9877556978138		822.7969953882284
1111.6153258305199		902.9911547258779
465.7320446233401		382.5965133829293
558.9451332252411		571.5440049873957
745.7520707075373		430.8547181655557
548.3218657488695		759.6410699985117
359.54803292922196		945.4313885251772
379.44342410482255		41.329199086685094
256.5663178448111		100.72022300474134
898.5826242524456		539.498964738097
637.5388962950292		663.4654928929563
1007.1840483676598		246.6871317706656
627.023464739072		830.4338531608068
462.255524170773		599.0524687075115
409.6570566122133		653.7730330984543
258.1037814763282		561.2029654769736
297.6015676269594		567.6096140823236
283.41187582325927		940.3084465320962
824.4011924686747		737.0749094726469
267.708431346903		435.7886702880998
145.00745350092797		212.78013407418842
923.9134440102521		430.02204871857845
516.6044680684672		977.4374248671977
536.1177225972717		501.7067906722945
848.7751536001323		221.27862416649765
652.5271993807571		887.7587470490755
284.1397605597697		848.3318074363779
613.6018611708005		459.5879953876848
313.37249847305225		351.4995190566276
692.6033016099271		551.0196904223614
827.5316627040564		338.95763840949496
700.2130959638355		470.6007464674746
917.9447480834125		439.321250096588
725.7022575378871		117.87601644860064
415.3931341471943		668.1667787630171
76.85684171567345		267.711912586376
753.5789213417638		930.8721376876883
400.6503779330749		300.3091438383565
734.2458736444385		324.99617537521215
502.0370001075539		942.5559508346191
905.2355218260451		399.76075123182966
449.8246354265375		698.1843864993458
503.8484433195739		967.5856897167629
632.5647937442266		700.0476218892624
436.79509732144606		800.6527689192077
909.2726174414356		928.3784991679421
112.15134580217506		500.0134090543716
459.0644684999579		408.00375737042134
45.40280872180756		663.3134422734078
464.1365195870836		461.63915348967987
268.3623027563654		156.42550240255196
840.8667058314525		559.3324264820823
242.55918066210086		7.169219158171245
478.1320310750173		174.90792625461285
522.0401420922221		21.963341839480165
515.2341412009295		445.36731002403167
589.978711987109		296.9452579619139
543.7626881285026		304.67371243121175
525.2024033509113		188.04639995902386
431.1148192724992		360.2454868086022
300.9208231689033		102.84667510715803
484.58244974159		472.65696187280696
958.0542010994429		280.9192379600654
325.8081907886169		895.875176491388
590.5764276561467		973.4056437128505
386.7076432298451		615.888651752906
321.0111405730588		865.022871910928
705.7024011980011		353.241495485863
865.3131935700156		54.9765176976955
400.3935428035893		270.0363233054941
190.93684531987793		402.62379081925934
423.18608239872856		257.82054103217604
763.1406668601937		863.404228254947
303.26538306754475		431.63388373015204
882.586033336258		457.7077243443267
520.2723748014021		698.62848738883
379.5609552367415		682.6745626443849
694.2294689535072		491.66205703909327
311.02348926899583		253.1353383295878
753.0221867867851		46.196050553358646
661.8084194132305		458.16655469419595
884.426835382876		892.2109804360882
324.88663196312405		980.9978983674944
527.6854312455306		666.0734463091444
941.3386591854028		577.6234822738348
438.6242807149326		166.63700069228616
536.4702712740088		186.87098095592194
116.27991024855277		665.7218031031273
540.2742292154685		320.2247227182562
750.4911329737521		820.8088087055937
685.3368223364614		815.686968591448
526.5576866382919		116.91985948781576
728.5129228083886		425.50884360517045
581.8215909015137		891.6591128297564
1004.5147255867465		394.9542360850304
697.242587217946		400.0515509889533
728.4051485783732		537.5758326128328
654.0016007517138		511.31416589143043
582.2602749362541		464.90884385952916
706.2097803688761		316.5137377235418
164.03765370038673		152.52213273585477
219.27838889965466		288.3784997713892
1010.475246778047		8.596442480139558
197.43444309277942		888.7761221150167
512.1861386156415		100.13898149407288
619.5138986690936		515.8885178934872
332.6816470860816		900.950900249635
443.42086976418796		637.716494881837
518.8726988889781		209.4135044445269
586.7352556797998		213.43217723960606
1094.0525409738125		167.00249677764532
78.20267323683856		442.71826202431646
302.9201523029345		439.15759036597314
356.55943531275227		614.0456275997317
455.7533810568545		572.8485564113971
474.64960874608516		703.9234986031737
1018.0619491271394		148.21745960622292
550.3141618198895		818.133581754819
811.9516537689727		121.66311283524925
214.19107969519968		447.1850074879983
1131.2071000819228		528.2302514623359
5.7470945057897325		319.1490240648016
280.61263882274295		686.9475568821529
181.29749596168944		443.49504761365006
713.8341727017986		349.6107703469399
359.99292299764056		258.0351165242499
284.21140287527965		15.106171113540597
1149.2372428315357		217.37552079814105
533.2859333248009		268.09837411700835
437.0540060913149		982.9397258552644
302.25727054977847		632.8692755236474
368.2337276511625		837.5951308343783
376.9499709378619		119.29639386548843
517.0964240800031		146.1881480420219
821.1015749921216		817.4220251992443
537.2084064429484		687.9572502308392
100.81109745808146		815.2366227335656
530.555462719155		52.55108016132175
305.22439665057095		285.94416727830406
565.04688821516		572.4870860321427
709.6372246343127		148.07427787045185
346.4838848377989		710.8397112385856
540.8700516392577		210.24922763533073
555.9192258402468		480.10912989079054
718.1543280023477		974.5914228426773
445.2209815344956		717.7217636425698
392.4229284678431		104.24761919221669
495.8942114332579		191.8093738388245
185.29559337494237		507.10792788122745
374.61300107239276		550.7771088969215
446.00737959382803		93.58074607821271
724.521624161496		729.5635781900014
1547.272590340504		295.8935525787325
129.58192112025682		745.1704024425528
587.2394105951863		914.7609374825408
674.9237134868708		736.0706752919416
99.93702687461769		868.9568908136648
661.2657225805358		3.119659295326983
1597.6781055320357		636.0279437830638
871.6162648826696		167.6284275096391
615.1631184841551		515.2968767744906
707.0877694296557		529.8705534807756
192.5190126040692		339.34912378381
394.79698256354123		292.65083776257234
476.0013670644037		489.8375322436466
1009.270778547467		745.0441668442085
732.5870022835435		301.3706914277732
726.3143243357343		67.64596715050499
184.75913537627673		543.4206295663475
581.1694198392318		742.5335641301544
679.1209257579283		781.5606787212826
732.70373157634		469.6553230032259
406.6183868445909		722.1189694354274
429.5170195596026		769.6677250180687
1217.4093752824583		575.1870780800659
168.44036447639314		373.54651396696966
656.4507092819665		651.9869288336124
190.47844750174352		744.8367069735232
135.10059017781185		764.0416562159876
774.6067352654406		822.8822674127767
701.1917792864783		28.08771535196894
264.6327241017362		825.8851314708471
627.1226151836642		752.5731653974451
583.3132284566973		695.2549650025521
577.7849998815636		823.4383640171131
267.46854761599286		496.2410019185154
508.31705240992795		451.76346625822487
465.2615745972691		825.646380068157
1006.8566380540103		599.5671793612408
302.8015499959815		21.175233924856002
444.8792531470902		252.54454288396332
180.2690720521921		66.74981284545902
779.889282069674		590.0356067766809
296.1930175417459		273.87409333706694
622.811054974526		717.7223504130794
767.3531990532142		884.7500176350136
291.4518560522056		913.5466323817334
506.3432618542373		4.25071306881955
1161.2430446692128		76.82171674351048
997.2533144231816		591.0663623901986
747.9702751465402		998.6700586863908
437.50639576757993		775.8698953520031
462.1520301699145		525.8362902230688
356.15488289309826		675.2055019964777
366.38244166700423		486.34365127461416
0.2526149291115303		619.4166805120558
376.0583706188834		432.1148847765817
673.1173940265313		170.0063701616532
551.5867458040779		812.5376231383308
737.4229193385039		496.74109261841494
1418.023735339421		2.524912259893995
319.0397196394536		599.9699561991534
26.641284701745633		648.0175843752406
803.9007274741427		496.0345544104586
383.2795187272126		309.9732557166825
481.5799473397026		287.40379378854345
984.1079496472619		970.0810557452996
214.23000356291845		888.3887612504303
943.2340719352903		560.1314835547109
762.0210860822403		801.980303736559
360.3055710962109		64.28598164315963
545.7334579895715		168.29647316951525
286.9865914928628		13.400202484674992
1532.2313231648582		453.90505139042335
493.3412364177628		641.7506169251574
869.732392895027		512.9244317518293
902.0756739020125		83.60153324940438
581.4999585038386		229.64051772204357
219.5221501949993		258.0926996334863
767.6601245922587		349.86074380861015
475.1309775966514		131.55500782583783
53.02360455352465		295.2621923249483
957.0149235501767		624.1978614022358
578.5496712229825		659.5728937744732
5.371736416617637		551.4947979134799
441.05535173636633		175.61711037770277
450.87041420167157		265.0458017488851
75.37173899198001		514.7090415585162
773.889522660277		641.724867105512
142.8000520727806		50.93013991995292
1300.7078371146658		491.9384575121113
1322.4156591985848		216.9440265063467
545.9143874545733		530.598584570747
1442.6456361329851		949.6130619739669
395.37164974949684		477.8992941753791
868.1853330767071		946.6941654082575
1017.7409414510021		896.8524449895551
173.96098261703514		772.1872459349802
301.70388005543305		433.56917850755843
564.9528363389052		772.8018905393549
952.4348757205285		293.67761230794287
897.5646071431714		334.849871368761
735.5639854800427		684.256104078864
28.797531535541566		107.80075756715962
1507.7241687040796		689.2609325975992
236.80334430596065		512.7647540516275
1485.9338407489922		284.6085391637972
759.9741534359789		566.2761806941318
390.7907207831711		73.29236608286254
515.9947429027976		633.2292356785952
1129.8764901456193		267.52921915690354
221.8852202049627		661.8709047566397
221.71914720904164		667.1973040365818
784.0716030569081		951.7673016240134
563.9952350536598		765.7189223390014
27.989343596379456		720.7139542429702
636.6889827647292		638.3270377229269
433.51621640901027		77.70748593158555
857.2503038163342		473.3609777564743
524.0264801289757		304.6752980901242
670.5598794623329		835.896098475257
502.49165918800577		994.043614345614
127.51664201337155		200.89812139023138
1089.537153804276		109.35061767332667
247.70080624310626		772.0167974589261
266.20614519034115		815.9072067928446
437.02754814334537		737.8490090323177
467.5224791052979		674.9836227168603
521.3741444591283		281.14383261362013
806.8714234753495		559.1446024315969
365.233139835952		363.04384851241986
1011.5874691886185		432.40078461416374
546.1101391191178		509.9562130969568
904.5641841161045		275.4031748131581
419.61087111062363		492.91871503821596
1556.887744413537		360.1575170599923
166.10655852496672		520.5451515480939
540.5707295246515		664.3846008485625
909.4601142357806		681.7685541364441
680.8384661036887		304.6143967936767
147.89557309189894		463.9783639333964
948.0926568800722		479.38540877506534
726.541892820091		401.95181933839086
616.1107525499554		351.73674212279496
925.7028777999758		293.7079663901919
438.93330234472194		434.8751471015613
149.40592967638634		327.8732135724416
26.60132175528554		580.2055999143905
1148.3066512220507		20.592581595419745
582.3271100085537		833.7262502867011
780.6691199215558		479.5379980912846
301.0650516417768		487.0410563592364
167.35531776621866		507.26345259877166
406.10465183791797		820.0024363750648
441.71799455915846		560.918083046576
1468.2718118349187		284.6607700636938
649.0580371213325		283.00553933075753
873.6734419083238		200.96973505122872
786.7362785616494		298.03552188084996
78.16228552231712		612.2688413172684
519.9980798348		271.58673423659246
477.634600609484		854.0095998150222
117.4222091376817		563.1780925372384
59.39939482585379		654.974906823076
133.71032299700056		593.6406164595733
962.9157084948112		67.69926066632661
1414.7792266833208		210.2983020147699
613.3382162398486		969.9243190918719
588.3433184259097		161.36093713666492
95.80313822515302		645.0664212813571
369.54202431642494		346.43840262696904
758.1686781674788		778.5150406013856
740.141287832147		485.20313772889466
362.3614559244476		310.18978741515264
847.8622587535442		340.7800740650381
612.9138843613562		75.43048757808918
1509.0005220454632		242.59848900612434
707.1369916548456		900.3480638750425
403.563079595102		482.35112178256907
87.57931410385186		825.8021785781493
646.6976458144948		995.0234004465451
809.1863074263093		214.26761457952125
400.5690863328658		108.68036083039266
402.1927825396358		381.34736607535655
23.913588465083933		927.0539546391103
432.6743481766838		646.7197047252369
1178.5974525267006		661.0846984423731
1563.7108095873525		60.91053126900124
461.8766416783242		470.37471216537085
438.3609239731287		431.20755363259144
669.2393981746206		340.1212742413493
385.64958764704215		624.2036995120683
437.8556515505013		685.333979206233
541.5901708718133		317.23151761563906
404.03955442002416		997.208983774824
647.9165328755576		642.2323401931073
513.12628465447		489.11796083212244
248.24372137875304		188.71716074244023
231.61783437232083		987.2747739111263
690.3888265718631		461.8844049779155
386.59776440704087		738.624650016309
860.868786559927		283.0599013178249
847.7111623193847		77.03080709723002
688.0369951181661		582.5354841963101
1084.7898187297567		694.8387788372763
641.9037515826435		740.160418666869
504.299351942865		683.2967450867498
86.62608677646108		395.5623913434413
73.82393417327688		511.4766907913018
67.9263535956839		687.8429588534735
241.60478081565606		495.7900114780426
807.3161992271853		648.1440444250743
546.2768532870402		41.63831425078769
1567.914498410261		225.73759573160197
625.6424550365762		401.6796629124663
624.6455380827563		686.6777628642969
1556.2917833600486		181.03939637814364
1022.3844100293788		674.0315483781441
622.7409696755209		344.9865533275308
1433.825314663727		508.97237916523306
812.4775503835724		576.6882785762474
478.0906984029359		5.382540100968754
6.916977735860883		929.14797263178
464.3253353010072		84.02109940423077
717.6629300132851		843.2703930305358
167.1711225234219		431.17323649809464
690.953540559165		706.4218340294582
614.1283626503537		773.6166956960253
472.08534119851583		549.1135134265104
372.5376617546629		154.69233150872878
515.0665589511561		37.660946318329195
480.6427069174506		868.8624545804138
1468.693381291569		886.0582140993117
366.0438415498097		887.9032586042676
579.0691901839608		752.9489952860604
169.0478475494097		148.61160900731585
649.3416675789153		633.4855232795193
581.695759245894		322.49046709120375
582.4987996514835		143.24214242989729
737.4746296394985		583.365341831146
191.53660953697488		401.94044081677094
489.61523101968254		280.66587381352485
589.7753796185914		639.4032542551278
750.9323260219332		501.38155161472883
518.5605896923425		924.9535072980514
401.18046049026077		355.0987910589514
722.1639374192891		593.2179924727964
408.6301898510958		310.91788794465555
1040.989489778617		112.27097641146264
814.7839893280367		438.48790161475335
621.6604599104286		435.76606709197677
46.9153968145294		415.6811461188486
406.5645485349246		916.5208545308172
717.3200049470893		759.5580888335035
636.6071821813201		236.48046619788147
412.6067274632594		72.11095869021784
307.37819211148934		85.82890736962833
633.2916431553481		88.07921110810616
313.17517161501075		736.0024227724579
749.2739220226534		786.8461239258446
275.56600729447337		306.16175024324684
838.3204905995951		842.9398699347214
886.47082776402		793.1869081595016
701.4900112311557		527.4560095910591
455.32393022985144		134.12537206584244
459.8433672780197		503.540140613661
489.9335349800998		114.96737501444431
496.21939178142		558.390868648094
134.25289802688928		91.74237680390956
835.3841185957046		200.65110604334046
361.5349227601532		676.1948765165137
61.76461108756348		250.07831527468335
1087.4410590486254		258.6833954651879
1550.9432240607362		572.9527833435375
469.2864338563339		982.1766471907303
538.7502293907814		732.485507891595
1043.8614738545552		146.14395754475777
594.1162035010211		873.0581122212557
413.68182935065		121.98497118112829
204.29889375585822		383.08642985355766
481.5793067168708		424.71685243330467
184.489442625293		576.743114106985
284.9180638945544		651.6896631411846
379.84186600297835		365.727683788938
561.9791460549784		528.1002671574023
154.89622827310205		717.6008037072058
376.47767025946104		514.1364917564481
47.76235836161868		278.57165036462413
191.52429338070635		512.8160416570634
411.23757807381253		984.2295750671094
712.626343257826		274.4761806708208
67.59005606750321		804.9127053711151
356.51746855283875		104.94063572674446
407.01698058523124		613.252890688492
522.9034086034542		415.36223885263075
242.5575116595271		637.500379467907
156.28204927996768		443.57896628918934
389.01149973534757		738.8130535137061
282.3579329796913		222.1068581008168
719.4796920591612		886.2231909645681
936.0377563680526		390.1396627143429
869.2582116067719		445.5595723751131
170.7692224677338		896.9119273054207
233.30100696167784		335.47464934209665
333.068419977672		760.7361497633179
356.3998295132298		629.8091411607863
436.65966044275115		772.4282099528027
1010.5634975518964		350.21227479614595
495.1395248992164		412.5220112018096
134.397607908154		963.40404708492
596.7404827105561		285.8188361312043
674.38499402389		322.4476867454316
514.8732884180299		88.96226778746927
472.0634481326131		149.0782176867483
539.5752735674406		21.551125019164033
94.10933429908164		100.3861330602499
397.10432125230534		889.530852332474
1094.293887369937		336.48018113140733
458.56492764530145		170.40649796606033
119.83153873420343		647.2969227296265
392.47892060049264		573.6702264005482
1493.0149403290181		363.47211739394953
341.16918484311094		868.2530751230711
1438.2108389970397		449.4155116742038
581.5593303502494		496.7704868133318
576.919692754092		260.6474318344144
260.0416758384003		215.16487596291063
889.0951489502208		208.87647662532822
1578.936437835655		300.02353949098887
278.52769227800906		708.6435522642182
133.20369136529638		500.61508438916246
210.5128778314015		147.4724166744984
682.0951617557489		359.66263010599255
215.02712203733347		946.3119422743307
556.9426349594281		48.141082191071064
272.0314056634703		626.9731505075026
228.5079117452173		132.7640540240193
373.5970103989263		356.97940813058824
522.4306462332689		633.9736245552036
184.3315558994126		156.430249582261
307.32601889492486		701.9821629256271
1281.254384314093		539.4951481986203
543.4312286266434		164.78632396851026
871.4017554991773		942.4384437216713
613.9223065186455		442.99425614790255
35.36572142867067		355.54280360990964
533.7324124945499		931.4392904375572
1069.513833796602		979.6219743025093
400.9831055941494		305.59897255809744
55.34843595387173		638.4708810269549
534.1328531276052		381.17266592434487
1132.2546031465088		872.8380950307901
453.36054031934424		163.0494063970197
477.1239614364265		371.0892986138109
705.2684401995241		170.08106224304817
617.0096716567821		269.6397786933617
352.52535216940237		140.92633793268521
506.118262348666		721.578635404093
831.737505820026		449.6988442536318
606.141786938546		490.669869116107
677.6197734567469		408.06297785263206
773.596082038689		270.80494083581186
618.4483984471101		474.854864945623
94.47373475790391		189.15454931129233
1168.3341276513115		626.7513228041474
479.41338571610936		880.3146490543372
709.3092817109685		308.54898215096955
476.82713215292745		628.3012472551694
175.34345070229875		269.6552742961899
585.2159811959352		991.9240344572178
423.7784300264075		136.14423409570003
566.780684030045		374.46577242125534
741.7934348319181		552.5333972709461
906.0464848587485		209.42045878203209
840.109098887672		231.4707397253278
643.4326757744086		880.2493881067221
551.7816824222666		257.52112949477214
886.7508969519929		405.39887449820185
139.83474562288		689.0501557445854
280.0424094188272		440.82352282877775
365.6795497056598		698.1522437654169
719.4664232221376		953.8542334264887
274.5047818960327		873.9098539171703
369.9115806009538		356.1320044799621
560.4055428464162		329.3015038846427
926.3355640738937		870.9853684001368
844.091982686572		951.7838019520002
397.4570606731598		863.846698320321
472.9547214357952		575.7487343052371
403.5271874864884		949.1024069093457
858.3965661280182		233.75995418420825
746.5194533955433		439.97740157160797
121.61649288110277		278.0507317733975
338.6147507631388		323.8592427408325
578.945334416939		413.74507865685064
300.4149578448063		393.1151225905318
397.1047631610082		558.8029925789342
1466.3428943029885		391.0892015543813
216.94091939646415		373.5177100199174
1025.3816503702956		703.9659161453703
199.34049238448011		911.2076064178503
375.1891148707365		972.2205851993467
636.6277039969231		354.07293245359733
1011.0636293091763		707.1525395970166
241.45687646012084		350.53112335237506
486.9790012981797		64.46136134480423
1549.404512971461		299.468169495605
1013.8078170587169		160.0673204563265
373.1431142485588		242.82461571826758
471.72207793545306		689.83096190225
388.9337417252748		59.89018296441236
514.1571807793082		546.7096984049194
540.3730360705403		424.60905378999917
590.8688092958563		197.069399045406
1002.1764754262213		348.26547465380725
700.6938254659474		356.647306224245
496.32081746777146		495.5428153227879
323.0640208386384		808.17175565276
578.3200519103442		252.76352075616998
96.26456249751624		494.9177565192556
1119.8441555459501		548.2991517855606
431.6270162045347		508.7137788822663
570.1895195059354		449.83090119724835
710.7203135854276		665.7455627887933
211.01803950875689		4.678234204498722
346.3697602161369		32.95347973784004
723.9196494914194		468.0182978100465
85.27651227859724		656.1930152213557
93.58385184201666		49.07411425244106
442.5024381484754		924.5012967076641
1145.7517333408123		110.9953622547809
431.3462915356427		820.7354471856777
405.0489208724927		586.9308899713142
410.4575366377478		326.84037189494717
1248.5938055478787		497.71452605511263
629.949507017196		844.0458111802097
248.3015700690667		643.5936761467137
27.27181777870635		459.6557783068134
161.8448567800263		251.9457908144994
250.0463215484692		614.6949536642715
708.9099065359181		15.62572933701739
585.7447176245611		317.5900982579211
883.8510103144897		264.492893437954
414.121321267477		607.7823033934693
522.5649706501274		554.1963792137533
751.1180241193151		764.3473184306463
578.9655307488099		962.7782960784594
1238.6527539201484		234.34413334535225
1212.706222057757		408.7858272637592
541.0822690867606		139.75231154407334
252.69952154852132		237.38696374576307
432.0894463057092		59.179339509197234
554.4478444949486		364.72950504659167
1117.3531531063654		646.6643539560032
103.57020709538784		952.8265065669609
483.6650192017713		651.4062804741594
135.8909693544701		434.5137520194816
1059.3312401053854		717.9117565455554
752.6770728849375		393.36134865283526
90.14496486115871		628.5022318457096
188.52158227399485		459.58263888381276
964.9053045863988		651.8001652871143
604.3849671964985		671.8074006873694
230.14058137019134		649.09452153071
488.29295200535904		284.54321985711226
537.5329085137787		351.9699057343721
602.8234936660153		716.9574772317252
598.0489388973597		317.5068957165066
715.2657908430185		485.6675394117953
1314.1570022259407		72.88956772791062
651.4272773288159		609.3553307089223
83.05211702363493		417.23182442313896
1117.7635852736498		80.29246895628302
342.36665350228833		851.397303878972
426.71755448878525		363.27972582083385
690.9099548734712		203.59193995148547
245.79618728632207		465.0025495924442
475.6455720361754		570.0609652462723
372.893360174498		337.1215430626103
662.4256414687671		451.58540760432936
251.265114356177		768.063423249287
