856.2249529885789		680.3584838678619
352.3753072475288		626.028777496073
320.3426500856362		728.4780477022197
123.36726739325252		390.7159353707921
198.80364851537996		634.1873812077868
692.5606797597895		360.9340607105916
1098.576099662203		202.687801704972
353.08979312125837		673.3088589481068
647.8619601646428		621.6440649569686
387.8687822997428		704.9921903401714
89.687724370252		484.90907195105507
558.4692567087639		540.6753333056705
522.5506717169017		337.94051556028194
535.198697122283		113.20653253248855
1561.948966739788		429.6915824532126
91.97695299585251		694.7545763366224
355.2443718048164		579.864704328867
363.2459534719827		387.1923355982856
1258.2341438223689		734.846433337306
476.7040729578963		478.1413471354691
446.2164790524284		365.32977297264483
614.3028322834544		306.63937920663136
878.4451061356272		434.03224704867506
518.7480244730001		487.0412856917382
17.560652029460414		8.601310842229111
616.6045779435321		410.42659741902816
1016.7389478277047		547.4769422124463
731.7138781429533		382.32011078633667
469.6835931976478		121.57746006050934
93.15942995648959		347.0193179019494
763.7372637267363		448.7391156610793
297.7032567434811		614.6430206905401
18.913713655032495		383.2724343942736
286.94189630298405		338.31944797054416
225.7767844288078		858.4528423891034
531.4637746028307		490.2989666624727
469.0682040715306		434.5438197138358
569.3427533246329		396.5504409523922
485.77798122587075		850.819215948363
402.0570500179539		255.9896576744605
371.51737839566454		20.945794735736342
707.1599508797406		218.2332763062497
722.8275496076546		332.31442759816713
805.1813835334367		804.0055818059705
822.8984503298675		241.14540613919303
423.17674990416646		241.79039300662248
292.55072780333046		513.3871737884406
109.1563591313377		492.90593477472237
324.37022239546064		297.88693986873307
440.70208144098797		146.84228879698952
692.5807453511868		502.07422995619186
378.52970228811125		227.92110805268595
414.1324254675882		291.1912740831984
186.55819405039074		97.24256277415134
644.1530970960719		6.607740578976518
790.8145337712408		593.1044098330065
841.4264152056833		557.6539366098351
753.0763073462825		492.6720135100475
777.5074812459502		503.1650689145174
803.0079534704864		116.0796484795116
242.89900649414034		45.52612744001681
208.49305602914723		21.962029320861916
304.3921004414234		34.93673784465409
247.84106288591718		382.54261474458406
745.8095972000679		706.0054519027832
131.1549256063459		691.5684900820497
1061.1304525931628		753.8527022075434
342.239347927651		340.07099049725144
680.0012268003584		555.8132532541644
704.3725886732338		356.0316040693201
567.7780745452699		319.0762847601992
443.5511404618576		372.60241798930974
1253.4608762424152		558.7544838130649
308.68034537906215		506.2874445266869
873.3485646738309		375.5925807167859
164.94720073670123		642.5893067002467
941.641909674932		378.23901129115006
880.2630524980245		245.16312410041442
229.74704886438133		626.0961083480164
356.84213321145546		490.94210442468864
944.6528794137339		431.50460139079695
492.42123100175024		395.41797486082476
591.0294609356871		582.9291970709677
678.089688912012		492.42531699297837
143.1224821221805		349.81713605334795
710.324018623067		454.2065757908527
95.75756799111139		442.0511755988499
586.4090728211199		633.2385722507943
184.62429013243081		829.4746807148499
435.2758626884501		730.1539279405473
411.9348893993937		619.371177209116
327.2839758017964		351.05795045748437
563.8395683590937		598.2768485588562
864.4382838345923		986.5194125392641
1075.1514302667786		289.08680684369415
1453.2734850202824		192.13491593175712
790.5386535176633		417.30612661177815
252.1297956521345		484.90470306085933
714.4095609212952		760.9891001152307
11.660784256869022		473.37241323803175
740.9377719490577		421.81702191657007
926.9377608920095		538.9430227408873
543.2927092195532		617.0290309345538
717.1010985819212		583.6889723272621
750.0290049948618		594.1987629640109
772.7860860886498		453.5904663639179
288.1133680578133		88.94032080073112
999.633022198507		806.5988369451734
658.210296671211		434.98153305991366
219.2565759222826		471.46673291357513
657.313713288679		927.1382021252261
260.1159547759944		840.832816791365
204.2187786857126		563.7611585806146
1028.4186898221983		56.234087852965786
703.1050865641711		622.3171245405798
661.3112362612984		529.3569073446823
91.68950962452249		756.5801515063666
79.57631312121333		800.9234837793574
928.6135361793756		651.3330315199308
899.4002748356043		227.7448915359384
392.9000793389845		191.31743747969028
715.5233318506384		721.5420166618428
306.0474299380578		526.9300056680291
477.69054144448774		374.83802855053955
432.2433388957992		681.8811741887554
511.277061276231		249.32055034058155
243.7313173448535		948.2785361651498
659.6955756211892		919.9963680209881
810.5278217977972		741.050134716761
339.0494609173691		570.4747143091814
474.5611725486735		208.3303046437934
393.3087028484699		168.65604194124688
525.658956470597		430.48476856811646
658.0029097646054		666.0815159010726
600.7457065397911		305.7987111675725
600.6274292228588		455.27593632776825
351.86197524544684		382.08398680657933
267.4517503258851		141.39948163989834
840.6365049488198		951.8251700814085
17.207441647667963		287.19467246190834
543.0407120706074		4.945005549149073
562.0437558025766		63.41139075699971
450.32321564765294		704.5431542461532
217.83885188281783		288.6934309747686
794.0571829775337		166.63372114731953
963.1714838347941		798.005796877792
1551.8991541005232		307.9098557786474
321.88147640899194		177.1902809868905
530.5004642924013		665.0476395829164
844.8380587055377		22.000669423172212
380.1223347906825		667.4733785226988
829.1257275838648		457.5469897012165
354.29657158947265		927.3697977298532
316.30974934742505		362.000589857686
104.53129797168049		472.8429444157649
187.31381977887884		596.7363068134828
698.6478547909684		468.5598573440951
1255.3004065901873		37.638134369119996
443.0876424481839		367.832429197041
1040.4636443312509		829.234147419927
689.2559634662715		492.979773167779
969.5343136418664		422.53332169120193
1277.5256422224452		354.9246805736892
160.38353864035378		56.84989674593095
803.785639713009		514.8214609965597
361.5290952194002		384.7474227423974
468.29153867841586		939.2766867610706
202.08175782776073		664.7845228888855
229.4739613364024		220.68772836235848
581.3570313781786		195.67191020131582
736.8453257487696		850.9421826906421
590.3096311828386		277.62738721762764
848.4271715645709		710.4142976047784
234.45751547750865		37.493406238128046
635.8251989279267		830.4901491567557
545.6204095611013		425.9152593637226
1505.2966449614632		294.53215196604776
1500.7235691219007		460.3919539514568
741.9385379245014		610.4809760644021
1421.2744717868059		441.7871990588055
1099.9357312581926		138.6539463029835
839.8795355718178		759.07613651116
612.7407573961596		639.5210544105877
770.0480133663559		128.01169580418093
723.7760911069544		353.2766517413892
710.0597508903114		915.8551258677328
585.1671974407257		177.91231963033658
202.13264808555692		21.190617594454068
1014.5226235790554		434.1568870858267
229.96764299874206		389.60239815616995
390.77929442207903		992.5385981435478
142.60083395561918		344.2989094344025
600.9473129661922		661.4044483618753
280.22412385523796		862.1151270641074
600.9857632079568		794.840102253659
444.6858239434194		524.8084566779137
401.1831188711607		463.01404656792494
92.0674244703751		49.50907695181661
309.04187372482494		446.61915136491695
487.8983008977491		457.98210635167106
316.1517979332746		862.0479163875198
278.34065973944496		144.9939699599845
601.557087739491		550.2748404989161
265.55529783086064		618.7675061914379
772.474578168594		485.5285861103726
264.0292192577842		145.27418106983941
565.1951043664988		977.5631182387733
715.5829047720732		29.447977764586142
992.7178223705126		898.8770030881415
481.79301622319565		721.4814303462863
141.0557226586538		397.713896769114
703.3302380650291		796.2801822915561
457.63272494966867		468.1011278162592
267.2045941989107		477.0155317485179
686.5177473584686		70.7367215574908
541.0041974602589		702.8681563819114
607.4128976461767		415.56260534969647
362.09517477306025		681.8055500073724
589.1584594120186		329.1158258718719
173.9180594679949		538.7137856322047
667.4227415864505		622.7293120168633
196.3122312687446		852.2478900547372
576.6022300179761		971.0203292476451
1491.9809543278598		792.7854305760459
1024.4487750122416		537.4541804449678
522.8365908231699		465.8063006586376
1528.793846319833		643.2934906742644
704.5952652567472		543.9098242898084
422.2673068855807		790.7702855293296
554.4241730466399		369.809893075637
512.1787528421895		401.8459204183188
503.0907013808023		392.90695348335595
682.8951029057627		829.1078637549066
531.6793816679012		774.6466937167959
879.0449464249705		122.36177952744083
260.8214442543758		363.96691337683933
703.3017368819355		999.4659226015401
1555.6954318659853		861.695453485379
371.2772057463694		199.6907844949872
522.0688643900269		981.3000913290848
919.6862481775645		35.92642672166539
608.5693539614134		492.78865146257806
835.6811469391797		78.2521617946893
135.21562625626376		523.335500503611
346.9634063082991		92.03763974995724
449.2380599820107		645.5954515125547
535.9310176416684		345.22997632703135
833.8720284297428		477.55609739068973
272.6549595885375		304.9988639279958
323.46896125588967		578.7858666481461
425.9796343495127		511.7017427504599
660.4214607256504		878.519925748551
958.4856210980224		429.3905899615023
229.35475460769106		442.4136869798441
917.2045835532173		3.9727297900832355
807.1979629245097		279.2287834017874
280.7479912944235		311.92627985591344
229.913215257081		611.8499751733364
732.204280441772		472.81859824605755
352.9672866998354		402.3791375233486
527.47222647827		653.7985756994827
1152.7626781983176		345.8554350838488
825.0268883872156		575.4625634923111
443.0551030101318		468.30229402656715
517.5418383496952		868.5014640179977
412.75907812480864		699.7124993197059
62.504757408627995		599.4232918637995
437.8227392013798		117.87000838018548
793.4745212804714		661.6115978540607
670.6355649738731		987.7126278653486
563.2847842024568		738.505824483361
515.1423686643393		20.393267979558345
379.7345926957233		994.8734552376608
789.1413531532784		645.626273667628
1598.0134604567736		536.795153928516
212.1194361927436		316.8091828933829
240.05102964525918		634.7169276560277
825.7209825227999		39.39806048695925
432.94288223812		516.8360019254942
238.5593324994535		639.6911522586447
1311.4310107378155		246.54881375446377
551.4452873707597		478.50020680847837
305.7616165674017		388.8615576601077
992.5509990543349		684.1076111079137
48.84133343147005		198.9352510543178
683.2499041042274		737.4532439729699
171.90544664761313		239.0484808616659
478.94218164411575		636.5851441977451
656.6980959111628		841.3234402797788
132.37752027792067		726.9696773910204
245.6816218709018		311.4508265026083
1018.5410774146623		473.14538821054913
462.44575426112004		10.129135389250848
382.29783079126395		402.686633209112
398.3636445763007		399.9288392495802
1248.8742675630824		811.2008670810227
1428.8619069821557		646.9799422679216
998.7321415737747		787.2382650011425
956.9112752761919		203.28874110432412
749.2590292136591		360.28345265646135
1415.562743709122		614.7458555411699
393.27660020553253		708.3784131113266
149.789295545549		978.6444921820694
1108.883073851776		805.0095703850823
375.6016090360077		726.390318523044
792.0953014768914		556.311788746324
503.5158766263842		994.7001777949109
660.6382950854079		15.414197520719085
433.7695497700129		515.086337934887
795.4847507864542		894.0110210186351
1219.1767364538941		834.057278889225
623.6846750123458		529.4884904635256
771.0348814564386		287.89342517056997
324.3879037974408		408.3487015763415
760.4469806438274		43.98407945604822
358.1461003027619		808.3471802171273
846.4980477262012		335.88840669336224
250.78841192846758		360.64487023601816
814.4039232038178		568.0951113575866
535.9659354249422		916.5671383920633
924.8013512462846		213.34658803982495
1595.8192452399173		303.1832408387156
827.5166488051568		587.8177920093428
125.24635444214869		980.8705543857241
517.0139788296436		263.8661868416894
808.9832386952384		431.16163515389496
365.5740027687052		506.2109032145463
893.1544933412342		466.06317130576343
555.6971677600578		702.1092692947316
520.5768368721505		78.21666274477997
809.8622746480761		560.936473473799
518.1366866416063		907.9774156705795
792.4198785919635		544.1265659331247
592.8394509058946		446.8011904475768
706.2710806117311		446.77537457907175
375.8482830589947		429.0106252297978
40.325967449824134		283.98761867517976
893.9715062869586		310.20709707931474
438.9248824168761		166.11353331650514
1448.2165831144036		817.3965655809251
347.2074087967576		585.3537163600573
330.09116065580326		621.3871516892758
766.249402596869		96.00293399538418
534.092085216621		282.0831649179718
135.13644015256773		564.6355966299113
556.4637842403171		946.1042355871732
223.7642821351061		229.17954478285571
438.1971188268329		509.38868608109556
47.22851878279806		663.319629107954
726.0349934532825		933.4093911429155
198.21738689710946		990.2576434343465
104.73400034785021		733.3551757106072
628.7329544796677		956.025964538482
734.9688073533098		668.3627842136258
435.7051669613452		75.85147422936205
576.8657304138005		896.3191705752848
689.8881991539938		714.8981055413738
783.9244699871206		13.1008277501046
316.3850415940104		660.3077084027362
361.21014711567625		405.2736898108593
586.1827025776068		641.3017399335729
828.8470619498318		741.1695945824049
675.8962838167712		554.4095531134636
109.85855272078999		369.65970149781884
1133.6312687236764		136.2111859358252
639.7803778123861		501.9451769657403
296.6018146144589		477.3115950724859
707.0551137274571		486.5621452050416
349.4255811382137		478.13853578862626
393.02124523700354		712.5596874111595
266.5059351296083		376.8954656161691
668.7124380031821		527.4485955419824
507.9719084197524		270.22672808040284
609.2863511653541		4.331815131593316
374.8932441529962		400.9184551432769
1296.9866782561876		348.93782159655757
638.131992946484		628.748694434113
380.69246346305533		434.7966956428554
847.1177221141511		605.402164775547
153.66711818861285		218.15457610516654
415.0438047581985		421.50110867993646
833.9785423496702		571.6055926415532
545.7245177822915		409.2116158871262
1027.9611858407504		896.0906483707047
444.5825032187909		95.8729816264804
50.58273152625014		871.3520233572293
583.1120425448166		485.94240742168864
581.3972533802407		81.72941831761403
172.85013059085298		401.5826396671579
435.39130400296625		964.6682419302331
38.747740549404796		159.9904798776979
483.21607492750803		683.7042449786584
213.93759184403677		951.3928561337019
234.49167773679454		378.30101085540787
673.240893352688		332.59808507159147
681.1551896133723		565.7073956701547
1110.0760318611933		241.54645788236695
468.0440623714692		314.2893329037574
565.0639383076601		328.77106178903614
406.630065410786		494.59738208085923
407.6017076045057		432.31431358746613
1116.5781978597413		82.2144970282389
289.3525895445499		722.5409797702675
718.2215727066841		474.2876336057307
899.1697654453762		599.8125414641223
828.6691083600115		909.8411078339425
476.05105921095526		664.6323351757696
438.9655363007574		698.15300274633
645.5382370741369		596.8676562340037
717.5703596636602		942.3323819344748
1313.9629875512674		216.7936658845648
614.3508077852615		566.378604522051
766.7891683217124		983.5264235205004
849.008984590266		285.65851469209633
331.28677702395		867.5110712239276
776.7029302062748		292.32879972145525
459.4432624548014		415.516211315375
455.72174890896576		795.5848777929034
370.04496145107936		371.1471799842404
1558.931491656063		871.302333692729
346.7324674690644		651.0467339068526
215.25331969482454		911.9590360011292
929.4168394621729		51.758254711017514
711.7279510567733		518.3313943774154
200.87351228055422		447.92032177751514
97.84279254103552		863.4158434366084
646.9937612670067		849.9895706626083
596.1635515439702		480.1860083556883
128.16580076955995		315.2620760026144
568.0189063812852		342.4642065990394
504.33710799098213		363.51980302464415
683.0340463981421		314.70918221541905
1119.9885954585066		126.3133939518392
174.15634091411442		630.0058691418182
303.94078184286275		192.08758085938229
457.37417826559846		452.604703965678
862.5284353693974		59.855768290055266
99.27056464870378		945.7026855675864
834.9612718356836		789.0288025207096
781.4020034778327		340.55098002692233
526.2812615936049		316.75711020675476
383.4660150150162		931.9058327020365
529.4600619804988		533.4480220381581
657.1092610356993		444.73750363881373
283.79332219397327		662.482790018212
873.9501799519038		494.18011746076417
1077.0209410951443		17.709952186165992
817.3911679402449		497.8569179150408
1269.5018312842305		19.67724224998193
319.55573635406404		406.7664358186415
1046.0899954924703		219.8040158977514
446.44369937369703		263.0342878474819
278.08988442289836		628.0089488366986
7.556276768954206		149.73606939583544
889.9518571525559		483.05030044155353
729.4752766948513		490.23936955270085
646.3932746355978		781.9409022707393
328.9607422793674		386.96765026670016
388.8841146348251		502.6792922740298
1282.7502471493785		465.9256575365883
224.7183261395224		867.5581217373746
862.9649313478624		679.96436415898
534.374265792481		131.54241191388797
287.29696085738385		210.01275393175774
1074.04299404211		392.17434328097676
604.5946647898631		439.27324270627196
1435.3143822861357		854.5405972384169
1440.6732471207781		158.27436430378924
140.2945756068848		812.7610406031706
735.4472644505877		548.8629004959732
37.28613417503567		568.9183543354728
928.9438893033307		72.68420803314683
410.7550342928284		607.3882144516675
1317.2694176717605		389.67804951705904
899.9263574010313		96.64574893900152
699.5321766055836		752.419067853828
782.0496827762915		519.6859906106723
589.3484601469152		947.7492680423213
99.54111224671146		744.1311828141153
617.0871929384969		423.9954333352572
578.3179619008716		548.729035430596
653.3870901289182		768.1632844399696
282.35360061916634		423.8417696466176
653.1983345456072		662.963342166607
603.2904768394271		37.879016245246476
503.5229322243424		111.74804084892281
436.39057823743036		992.1450032239688
9.18353962196585		510.32523684932727
1539.020031849534		906.7118832726242
416.2666337651078		426.78454293747353
404.05690738856106		583.9634973816064
887.5629067251914		407.5646093283658
84.01294057193934		653.2087797746259
300.80430719523713		269.4957941555231
387.6707986033365		783.3586156523429
778.5538772441232		23.77519953416453
797.1275503341765		512.827280437357
433.05781843302333		683.6427022353993
999.7727367590621		891.9651782853084
725.5955074495644		794.2027161538739
391.21905089812515		363.7218377542283
246.47742349604707		154.52541999901138
540.9813726188272		72.89012176916776
597.9478132243494		344.3689928993557
162.00576797989328		568.4281270810413
491.96521874087057		684.5715344013574
428.82876718922535		495.3747137160385
501.7323326163992		270.0550158640085
335.38026755747865		705.2065701118042
373.7316382986106		894.2787846838849
364.4865363610809		434.2310310497697
611.5313759179224		753.2740264833127
388.97761179793486		458.25956818063844
534.8289113557636		20.440028287634505
554.206492044513		752.6841715782693
290.0532643913881		136.01316347333523
1403.2299534018143		410.35976988771347
548.978284692299		189.19651819187493
44.996461492855246		910.0266207091613
203.21612365989716		223.30281228374326
331.2932928629524		162.2235545653058
769.8690975709821		789.5180243983389
245.99030760195566		454.84161391385084
1192.8913989338569		181.67359438697122
715.1666707277673		110.67776909206668
175.9366468838407		274.3084238176516
494.98575014777447		445.2218898465781
373.1513427980682		0.28664151985799435
89.74814590975484		389.80461849346227
774.6911939811841		436.857096356744
636.585150416633		503.4703976767972
575.0457539053464		617.79561976372
250.08589372015882		565.7773547712719
813.5071744924196		770.2606533617849
573.3236258374797		454.41759469289275
1423.738411541055		919.4009416488414
1325.6788038326251		827.0701942794163
842.4181436894971		804.8125230622694
479.9139586490517		357.6182487241032
307.56482714617505		824.3955368975282
732.6281734502227		541.876466681488
345.18771865296134		977.9072004294399
1146.275062202701		318.60289486492957
964.1373085430916		566.1826292110138
1492.7438576232041		80.72794851830031
533.734689062714		805.1777074289682
1124.9043175896722		382.57375176422875
456.95183619650004		354.27536125121355
735.5154389659981		326.43703309510363
1067.91592339829		634.595502218039
651.4460902089263		210.30270231334998
77.87760460954394		506.8583570485748
596.5918924708515		868.0754728701759
405.28684197293234		605.4940012015255
292.34957969123377		489.8400537256247
1494.280040216937		494.99409201116674
604.4497593030821		775.6498174890032
1123.4588509786877		707.5790943221541
585.7926132025235		254.8637362996849
154.08297001941258		935.9309694404684
677.8267688608612		606.3767310826918
415.7411889702278		118.74726667269135
58.181714295176505		291.1942189434982
891.2729960047009		524.0625004995585
26.640188900589862		138.99246296322383
580.0084428156629		736.0880519512805
286.63487139242875		282.34115687543544
1583.036958840687		868.9930353279019
9.7534022684506		711.7185778512137
910.5875800601015		89.10013911812035
472.06706122455864		429.1569009587271
611.9524087335172		140.08790590115518
413.5028033995668		739.9266597827218
266.5054014824858		912.1972027882507
675.8654333995677		314.12696096383434
1032.3164161320633		584.1092454152542
444.4576823541511		728.2725034915236
612.9737445656932		461.6014848869426
207.46602100684873		677.9400121385952
275.0999086447682		998.3044675071981
642.1671834684907		672.9042441918832
1006.4565959523771		782.6615076360026
1013.5751370535028		243.16428828225378
10.245168222672476		153.95565684812738
405.4891283056661		691.2963551096004
1253.2506498969674		719.18498398287
646.3672715027035		581.0718059555662
453.73129789929413		212.98912710506
73.40988015212054		381.59970697741534
262.84330941183043		161.41406952281227
273.21499877136637		279.15130355811556
339.48005787644627		188.9254799629743
897.7878687026819		413.84493221627184
422.76089887349093		714.9282647199717
581.541526236522		498.7833859647913
402.02540773502295		928.188724191167
345.1447935199626		551.9327057132472
388.81418220168405		273.7113970905217
1453.158148414053		660.284678197686
597.5183895775747		500.24220067188725
1519.4632491855737		559.8876500513916
605.0419823571946		101.0422953951055
568.2519096067653		852.0469425047877
796.7284437795595		415.731310851019
354.29412163410836		293.53446052441836
266.9314000496701		164.716099668703
186.4588744330341		231.6056091489603
590.0630936348762		45.78605343586423
888.3344145090455		614.2717594173528
589.3121621871505		769.224010710195
665.6983154575149		413.981147643151
538.371761817851		222.98288161952485
481.1102836611309		112.60664687261448
1479.7147713129625		672.1081637556106
989.7565282015878		862.5510443206043
572.9955861881909		409.93875753589157
339.18422057316707		726.7208549830974
508.377862069704		514.197236722695
992.4043935721264		972.5569298723121
5.98050126274444		814.5520326234646
1030.665299779501		201.9588513861985
777.9402270483624		310.4236618183746
725.3556532448507		62.642425555687
990.5876907474711		846.0788089208393
704.8538419400442		350.5459628741436
744.8327611648385		864.935885516358
182.78709754412637		781.3012566930292
415.914986927862		545.2321389910587
733.9140344653748		443.5816559364566
809.4637412357885		801.3802388798492
634.9451453127093		150.57919053566502
27.963181891332738		700.7415434502623
1275.9989757315452		780.8593494963438
904.0463673101226		581.5263805652842
730.4794758051773		254.9107186628642
785.2181193115903		496.1757482520396
418.8115109968846		548.5369925789212
512.9270466307263		152.43636712083668
228.90809403288927		928.0691703893799
599.0697139411011		80.49519638376051
295.95395996465436		977.6784085029303
747.8511947865823		496.95043499647574
469.5668146522783		805.1295955002322
913.3255131363856		703.6916513134089
1226.811017625126		338.5161688725964
207.52575268534815		279.62389476737974
333.69636925785346		489.1596263613175
415.41886897622084		488.1256847189707
1575.6867659937425		846.1423176505905
711.1108288226922		768.840881749657
1034.422851628874		596.1520242623843
769.0795170642026		385.9221549751795
146.6138453545376		767.1902394001775
458.7284355868302		570.4573906550922
395.28047330592574		731.7673352515045
927.7304879041726		73.83670717422115
710.7261803191939		359.01550093915523
555.5371622357403		890.0961011676762
644.1483869398096		335.9504373307868
723.9836754715192		472.2593338664217
149.2496364268726		575.6128454717929
751.9833282774616		614.840924429953
405.7226706705553		176.46209894081397
520.2781477677396		381.89754958121034
553.1454058469244		540.5971974603074
1534.2060517506156		420.7011751492097
1021.9608861074686		927.002994137543
602.8295812335051		942.004075691805
682.5881733973765		460.81982973325995
780.9160120672811		441.6272800924811
1180.2383441808054		802.0319920554869
549.0709515124919		460.6181423754075
489.08012834442656		783.0695461470732
275.1475556015122		312.8959398096014
679.7216104532835		123.18450900072003
435.9459412403128		940.0275773775802
266.57440127912844		507.3105228625107
475.183502930776		573.9625448313072
198.64977760124623		141.87358448441245
443.90873441073046		387.02196867234295
1457.435265874727		939.4157913609058
438.966390673352		511.3918393715947
334.34410739205737		250.10743530779914
363.226412754173		815.3331974420253
349.98222151961113		167.97940707635377
643.2514976371647		951.6730068434742
476.6725798221787		315.8160420465367
699.3949025042774		643.6780851229296
512.7551653732097		656.7805456703757
409.20203508075105		836.0527775648798
1563.9651745709498		929.9574460219714
872.8161611464852		430.2799684108406
419.322413412304		403.03191247626245
657.4394610598774		700.2892888579005
508.0968377211363		842.2040554182936
529.6879038510436		472.26938809294995
164.43489386916656		65.12756512724445
1054.6210843206327		316.509958752043
1300.9195899477477		935.7313177962222
570.7656915382701		521.1275582794228
401.5888384400864		607.3560759664318
542.610963047133		878.3005729193563
483.6637504314935		416.0716152941176
691.6962349340766		652.5086103420098
525.9180300175917		704.7067426646832
698.0992292939014		625.9605123418731
545.9754417154816		793.5219634610862
79.60296859663885		638.7013257932949
669.8708836939098		694.3848896994782
770.633425570303		970.1499834001479
590.2217449111683		529.0994374314324
499.7520898775204		834.3895499838176
436.40401055727506		733.1373618150772
1056.8684442561075		999.6299978004427
389.00226685685726		422.18792293190046
722.2958706296791		783.5176800145609
295.2354892964914		389.0296433916443
529.5677641426599		280.2178167100434
775.7803641151938		837.7832466403246
169.13383223698662		319.03727626134287
580.5106557639638		376.2069956959387
1469.2357772270539		679.7415133852369
334.4971406823892		262.3056919040402
381.8167233844953		23.962131430230272
778.9833869791058		694.8156396594379
986.8440245745685		884.8821078542904
502.0088899798401		902.3370964398816
545.1173781730262		760.0627177020923
816.4779799239502		239.70990282628765
941.8050863301639		470.9382482350323
747.6462324667347		259.69194844936
329.3575170341404		208.36162521497727
629.6288312095273		527.6621746714612
378.7293967079108		471.1444292130315
664.7300229419029		643.909865041791
559.3591158448303		625.6917316889969
258.32439534399737		609.5040413056263
626.8208078177965		730.9866556614445
1532.5956424470398		665.6935981502373
616.002007431621		636.9867942657513
136.31645322065987		515.8578148516943
873.2346214025825		788.2336993751219
71.11989359962621		954.6524960389057
436.89477423283506		699.0956636245232
171.0801218324737		466.66412473257503
801.5048972557975		608.7330942462611
372.52551933853715		488.1601513795203
632.2901010838913		322.30171007836645
308.87817552783497		185.06360874269876
555.0286523252047		802.323182306724
382.30237510404817		459.5947753035792
431.99175133397364		735.4442485022942
588.8906625205718		253.66727163187605
379.09634022392083		538.9780364445704
1154.576504610568		682.5214004742137
4.450210623137025		261.84505681344893
397.17197641199		328.95147111014916
260.34267736573577		27.93966358289049
722.3450992018381		49.52532481308617
216.0470126404404		742.7418075037315
611.9469817921345		632.1664477415595
653.1154523342977		414.8674367400813
505.205390799586		473.99125635302005
185.649579786014		452.2811114736165
683.30034577489		666.2840487248659
601.107842394725		804.1965231961238
447.7520348823411		966.3073193773612
414.0254595747044		128.50094686325616
311.2224165436137		582.4839439763388
481.8492665893166		644.2331532576858
479.7713853854115		362.7019598194016
217.99663809986265		521.0762566805088
601.752848561018		1.6843733649874935
941.8354695096357		373.15054589144347
431.6916575936601		905.5783522042242
652.7535320168442		273.94138491105525
299.41033879055		279.2076074132618
618.8764615266648		652.6332106309849
1464.8800619928754		537.8541545314506
434.27283513505245		460.0605094982284
882.4163475630264		842.6529316866122
1236.2672834545315		157.8965550030548
927.2780674998519		377.7288443786891
383.4588554817231		931.2291290618605
454.8248440711297		404.674029639938
404.28322024248723		108.80653340821317
867.2570291799411		269.83721152638543
877.8077236637146		159.58724310272203
560.5727873443204		543.0215301556732
538.2622838323189		695.3928513177932
669.781395305119		303.7857459872604
616.6193169150444		730.286934996134
966.0307339534793		361.9614158718606
1538.1881750668672		262.53299578389624
622.6781632281242		266.43103114421905
419.07778057639985		503.0835075066523
840.6567359780183		818.9507041609761
277.87459061005364		144.8996474406643
1045.852205216985		89.64008021801408
604.7367451451311		273.64737895970603
951.0132532946664		592.0127156551036
608.830282400066		143.0413916788557
305.4355495811075		593.5589731972389
820.9560142393686		736.2051376764775
320.4160470382136		646.2608330344605
1005.96018881988		801.764491127494
1528.437442582002		39.44494556755211
142.20867592097056		272.9713634658174
787.1079059852646		275.47661359905817
95.72563773740154		448.71805490836994
574.7632586363566		413.0481617663268
626.0759947231005		483.86727390751105
121.64138825149945		821.9993821566138
1489.6771023138813		348.96409947978225
261.1730751738726		351.410306154541
496.19197802976527		296.26149019856814
668.5599651055909		404.30793020295204
740.8923878566782		508.5457522601579
145.60020897695512		406.64670421035305
1515.7535300638742		370.87831148812575
83.16125073091143		181.8011102984192
848.9196346932547		485.23936181837985
571.8192275795814		418.2353900433132
500.0565855265953		306.142379030505
440.36981425991803		434.139363420399
421.47949569275863		667.8258120281059
368.40425406113843		696.0362058318674
1077.3900134362125		121.3000935550316
565.6272136157083		806.9757065844045
1420.6687475857575		848.6094577541527
739.4499032974944		469.0304142418747
1260.8223476303383		782.6988943728367
434.06012550505375		244.55552191062233
166.2893401736559		710.1054164776481
855.2245268402661		774.588021525213
738.0002725314857		345.65326117993425
1093.598272476353		259.75334978710725
290.91009649864304		361.1745731816783
293.4863690086225		307.86413693137854
812.9358953348035		298.61255840718286
248.77243898701613		300.46591046125366
239.19329167431857		126.38941634723466
545.3672444326548		485.5512651395768
881.3259391282572		84.29092571870319
799.9477521774713		926.2197088921655
455.5134354832344		36.67780876270763
1521.2076926534658		790.3335289194878
1520.853857782724		183.9073899026153
696.0535860536627		522.5749823903676
209.1325801456677		150.3688889981965
487.3463669608022		498.99371743411285
900.287503195909		669.9509107391868
1478.1621602742048		410.14419426578354
175.1403566527331		184.15750737743383
514.1704469498372		222.71088065690338
928.9639235307043		283.6889810101805
1501.4098592085836		126.48007467179707
937.3389777666653		524.5373618121268
1024.7000962666102		459.0292269023844
39.124832868490444		293.9913089954389
557.171241608786		736.1713947879584
614.7546873584204		266.03905149330615
354.556820963951		601.2383828732593
421.2861833663055		977.6929603136555
147.02437045220603		26.9815753116996
117.50252493396351		491.56138503207507
59.63024621910296		38.8755456569329
111.049042934358		324.7481956756343
425.6323558507941		336.4186417610557
597.8143352419982		564.8145398816969
337.23108320254954		380.5246723173366
759.787873957476		156.18989151463097
1597.0620370887868		53.215221028146516
776.62155655538		309.8117090605394
512.4753114840539		210.48872467808542
142.91528583112097		358.19037869839724
1547.621894550178		276.2503031381217
638.4618517221493		453.96226492343686
809.8123193944305		753.5662232254174
543.595536810335		658.5865456146836
313.0641103278856		961.9875413178552
272.0321248433952		401.5030985395863
985.4740992118541		348.8752763603519
482.0180956060986		788.4676275649156
225.29207460373772		244.38219361560368
466.6882203055701		861.2126483487498
1113.9205295304623		472.6830262485831
628.7889032184015		183.95485118197212
575.2721717276653		178.39854650281978
499.8923308097302		167.2184664969521
1469.839240512496		546.5548397475436
408.0241759753242		441.497659562047
1038.0662788683317		256.66026798670555
652.7467081992293		482.77675466930225
267.54804773235475		168.52296516498933
445.78501901558104		248.4054426629814
270.02394133318734		397.7491238945968
1013.9896922126263		379.5898201840962
730.3813018229936		283.93298734758105
1585.150281489694		129.59281016012346
588.6220858545364		353.13589288444825
890.5056679289154		87.69257304357387
240.02445758139237		628.19699136534
1417.658726493203		551.1860648089969
426.04007168220886		726.7772987795846
261.0985252013511		239.10951836659564
450.8150232326178		441.4217875684311
370.10784006420454		578.5328479032187
262.54752458120424		324.1398786962373
479.91271845823877		500.18990830308985
712.0486510378428		264.7535584192192
323.3571203284582		368.25578700716954
837.805386598016		806.1222235917301
344.1791987775384		214.2551694059183
619.0207805883921		154.89501926420235
550.6262781411608		726.7331371576219
480.1175954785623		224.17626940707157
98.32601255287847		14.209780644966372
1541.7645803027922		439.5471992156487
925.4263208815814		491.89442703364114
1024.6858968140737		526.4692047808644
29.784260219753605		162.2465202104671
229.66482349079928		593.8585776319846
449.42197750945223		450.6631147224833
1035.1888556123677		68.3174956024003
1485.0821501182145		497.77466846477057
484.9771584504597		909.1812959858863
1438.11773830026		859.8981241772434
473.79577932417544		699.8039528638841
613.4550212629357		712.3495866410129
503.0129876489045		492.39007887776785
361.9286842377751		411.7890751793438
208.53167974656924		589.2139528876635
982.3512303812804		745.4148025597294
267.2216608839366		537.3489554348251
390.34565395258466		361.95167035098405
1559.9454604899584		358.3047071180712
440.520407747521		364.9293415995995
546.198853015116		967.9110462116453
442.8744649439218		31.406711483688127
342.0861376022767		883.8314456194615
286.7490852232513		640.4220878440276
833.7264195006937		699.1379418199849
148.22935694616206		800.676466415003
216.58108430616767		461.87112061590824
146.5439514737118		122.64986561412019
459.48035535771555		415.3627069637599
53.81813426913709		99.81113822583166
951.7281396211288		309.0922156973845
727.2189045289115		361.3033143657156
707.2244996704122		599.9593897159916
372.3544448369321		53.53907152286223
786.759987043117		225.16316942086314
467.1635012904467		477.5528704703027
788.0412233004879		216.22081291562006
267.0084512690475		443.50562191558686
767.9816150605355		448.7317238352559
757.491013303787		697.078778867903
1330.8186295856162		349.34802585516456
10.971764749171427		459.4725586417904
577.1787269725545		341.6920628184895
430.7834983774316		456.47412005883507
991.1018327897895		650.30728657344
373.5488721620219		284.2963858207004
269.1833260397153		219.05783911027373
437.84595354233494		540.4328192730945
1037.605295365769		902.3576537699881
241.67473897096664		82.95597177999775
603.909909656458		258.9141209828077
737.2176940790997		540.3110375548694
375.43037026484245		500.92461870427934
490.07033677746693		387.57846440111797
476.78136767797054		558.4722400816687
118.52797442217383		446.55332518888497
510.2676303626175		659.5129432127619
388.12528964943306		954.3323915986574
234.08373285386403		552.3740929605203
647.574717100531		803.0634731640184
777.1375360483714		81.45966589848615
351.058469875355		374.02814808599203
278.71862748122317		999.3069774894777
53.6028599819403		733.6272755814557
762.918942943108		735.9699151059008
77.37616159727651		298.98361711488315
257.67050352002667		970.544184635843
1431.1359555708095		541.4919025510732
1261.2761444926832		137.30650544348708
888.0969452244929		446.4281597766193
578.2842853901367		678.2011079629252
831.6917677261124		360.5202197777696
439.4665390093416		496.2505794291305
778.3453084489415		531.4894195349204
996.5892635533432		731.9308724242559
595.2053693632373		529.4307714227016
303.89055026802964		341.1511627633255
677.7087666829411		499.54614957473757
587.9044055480572		712.9090258206814
491.3804253170086		501.26398499131346
687.0041623332353		706.5777301201451
462.18915300016437		334.89261266840924
1105.8984576894325		343.00122887422185
454.784808201667		289.6578946273064
186.28708731289322		331.74265225840736
335.5424858058738		464.1924066635438
418.2965308519123		731.0249809785571
363.5142573207377		60.61110215617441
536.3139516605597		438.29378155207263
537.8136113999329		467.17686107222374
245.45307761844978		570.3755364158825
348.0555849930589		682.4910440198321
271.46853122728794		773.1015125618246
255.0212390193225		558.4535482333373
581.91731380601		924.6514905523942
646.5158827588664		718.8299833338843
1503.5937570651954		23.890882952650486
879.8743850493279		641.0324236142036
245.83615935139298		947.4076913733096
78.08458561682295		418.47215126746903
916.7258085989504		87.57206983924289
782.7561360791458		259.01496915257513
472.22489212541865		344.33522168554697
537.4341262548372		662.7535500870302
788.9275163495117		859.4896686896411
811.8148119008699		256.82896332776374
453.5130269019009		879.2858417454006
809.5029945822816		799.1728273466169
1037.4416247758136		969.3990731086784
786.5476706607244		45.8248369778139
621.9523845752415		510.821528385397
40.36554685833636		920.2955897783589
785.6334235280634		466.4793836611253
491.48836544329424		538.6288706432398
483.7997703280961		259.82536916541414
431.24862074208477		480.5057803509616
490.1533746934822		798.5544382102614
636.6809692584355		776.9124103893485
390.2512297861253		557.8388098534302
616.3421470564913		805.2825932037217
328.7356473646006		750.4291517747622
19.691408762877245		659.5453074166595
659.8595340741949		280.8665782169201
571.9830803628741		468.218717457038
1021.61128903524		657.1648759921384
923.1860251454334		659.0477488429033
449.96244864862194		442.2752495860493
337.05280390295337		266.8749556457242
330.7063714697016		100.70238227116675
729.2200911894095		747.1622804827196
301.22691811693255		647.367040920564
708.9888158226847		203.32640480911715
234.24661335463662		386.54158846281786
477.1948217439963		941.5907409102329
400.51310307302094		811.6404502867911
851.2408030082038		571.1868097137307
784.2930578503265		442.06916507912064
1538.256882980053		641.7575380521791
564.6653453158912		543.0059866757399
1281.8164327804138		393.43587443664524
688.6415231623042		60.242341627593305
216.02585465602834		94.82111338974858
1050.6796600397263		189.52264878524159
353.23259284199884		288.16533921833667
498.58610654860064		793.5598322321098
904.0885740594315		9.218098354544281
1580.971514235483		581.6203110363737
603.3890772156923		583.5282574698256
513.1041913700088		330.78661938102204
1379.365249426522		412.6107128316514
362.3839715358235		975.9081971082919
621.2400192475427		455.3246532374382
562.4418592345663		439.8287499185056
122.12515539614265		226.7458991876934
1.980541220597786		900.4472133893437
535.4043994063163		80.15285119622564
808.0365293856414		489.1063484546935
487.5195062886364		697.4581342652791
901.6801225914941		519.7767779511876
188.37817775532199		567.133150291919
744.9142682833221		279.05502313888894
400.24487405096914		984.4856946998007
676.9787072277936		767.7003875490198
376.95319022977253		398.8544996074371
751.5746707106193		258.5933849385231
113.6751831849677		51.21392620923643
507.55886534694173		553.5167792887869
102.48527780099647		612.6321821483161
557.2269319344512		781.1311783853776
679.9173166389284		253.17915650195286
860.661362350558		382.3199952426771
826.3169777678847		142.42253446968306
616.0007789622116		916.1951657405268
228.7984421179268		537.541998708148
679.0792467526364		813.1230186479295
840.620444932613		772.0074367693092
256.4384996534543		247.96499662418177
710.0105771773731		329.55596542006515
665.9663662001079		454.0819621357597
2.1512653657417786		195.0314229312121
842.3417820998795		309.9634783464861
622.7916221017178		482.7654301233055
618.9933158421844		575.7483579466186
119.3825152582009		559.95429463042
338.0428130543188		357.93694401648827
559.7915591097079		433.8650368344188
420.0744939945142		490.5646389664242
971.9967643775576		871.7045903822689
270.67552895986125		211.1406803052451
318.8725834237438		971.781478038421
850.1881548170077		28.45887008859239
444.95825734021344		335.77081175293574
644.4334208173725		278.1538545468923
498.3574776729351		952.4949745426317
196.8541867822796		396.5445610447755
59.64194763268182		456.41434414617555
213.5899405457056		542.3453056816501
249.63031146841632		921.3599122291307
341.94978257236437		128.84304451652196
491.8545677146319		390.3632034162585
248.23841734757826		47.46894475387671
362.5981779032519		78.47732831763051
812.8361984980469		324.081214821993
237.49986666885172		525.720277307922
846.652709996704		541.8651814432151
275.0503611239791		530.1524352327134
1047.5194771768658		26.37446742230162
1321.645715553198		714.7516872845379
750.8295910919917		223.2754981748103
444.0829003030144		561.9308649812266
399.4233459471928		470.4233766518135
576.5185883608203		912.5919000984511
416.9827630639777		620.5717432564888
556.7806035070485		380.1744889174938
524.376803835438		757.1844704167844
806.3566798379218		351.1288717976454
668.2829645277673		713.3683909576444
1512.3660172505074		413.37617611520454
328.4161268312056		168.21783093816214
151.34217788976036		608.6013099509773
693.0168708176276		604.4427407493672
658.790323272391		433.16947624305254
402.845260967419		701.185460354672
628.3865254534423		261.40581341441265
1581.3116660691257		906.3757008339867
449.42050710910894		947.6322453183111
572.900358847271		617.2388427489751
677.5688639206394		521.671949920461
329.6189138614821		233.63236217393052
744.7912082981055		648.7365241298651
760.8997401582782		414.103909085615
771.8777531454543		732.1389587280487
686.7857501269993		721.6655827762993
1135.0403967068214		915.7092984607623
308.47129878884897		362.81029982931335
781.4169400139663		999.8218194266442
91.23217647372405		674.0908440756416
1039.4812162762705		658.4288101031852
1556.8424814493142		537.6097799663626
357.4258630734574		635.1874224052303
428.4141506262172		536.4533170000407
306.03040826925337		814.6159569646995
600.9699518655555		980.3867381740499
344.1106938735228		430.99023884950617
550.9297041912295		533.8188556173351
468.3013500070076		288.4224744723299
638.3854813741034		425.23168432830244
441.247099354191		50.50046366917718
305.2795928524904		401.0880302964867
159.08958651133088		563.5755151977162
70.07147186447168		340.0388839146825
1507.9203287419045		342.0732149318802
287.35956628638564		736.6294666574463
73.70317946503798		401.7930453403502
370.6509197892732		502.05409193634176
100.87434644698004		66.34513782125646
678.2382414083538		451.71373480200634
517.7624412686209		191.32383952112878
274.78956978480505		167.04919538524655
594.3795786472325		910.1986279500918
630.8394988630496		808.4621617381611
1591.3533381154393		405.7095102735642
632.739009137392		642.2041158245299
1594.5568426459092		660.5782906622708
514.808928696993		121.00928864446064
1205.9216608105648		672.71040361705
562.8669513275098		647.9822837343086
433.80732611014037		272.02169509658273
886.8367446544326		476.6854430517376
918.2703109141777		85.23916181280214
926.5806573894772		526.9237666868328
480.4991711045618		277.83872120424553
680.0417289826227		60.849335801317125
24.19206831005215		109.49870826814697
533.8667544580745		181.17450308890608
45.589973263941545		765.677980842944
799.9611772012058		184.3028256855083
362.1345665011753		664.5491366567198
432.7661047757021		828.9568378055046
29.813117708395396		996.9665575803798
1426.102277804118		487.3785480037195
441.0348259737211		813.6404850807774
802.2652074691875		856.4421842427043
680.5305657054595		300.22160817785135
253.47616678105894		338.2792822758962
605.5832992324376		670.585692741712
221.4444724270162		438.64688423661124
1574.343087014673		432.85093737023095
362.8915441168596		523.6304079384923
266.0781965038905		530.4620107219862
355.558440953027		662.8660192546145
203.29759554685626		208.69087708258826
392.64226224636195		427.45971675750974
581.6085002386135		933.6615594448642
558.4808007371179		374.25296481102157
863.9241619059278		192.40839333394172
349.5700959638567		467.44808974662277
131.64120504216254		584.865827869578
206.9192174073766		19.693341627439167
524.751133882494		581.7599687067872
555.4840850220294		145.29078811713214
778.4061277980735		621.1538141254088
459.9932984837542		714.8960277603543
366.8744477812203		383.5243407652106
522.6860732512893		451.6833302050898
383.0126866648379		226.8188007464089
659.8083673010816		282.0595024856866
756.386481375673		194.82643400784104
49.988382903007675		818.208953539218
1354.016857613428		674.7308670718866
206.1202583663893		527.5242700225484
624.8646644213057		875.1966248332133
1586.5911592523212		823.4845503300589
537.8807519878508		681.0923851550438
1500.3943250840257		703.4381551605641
559.493949895853		272.309289394419
372.14062657972755		665.2607209452624
486.72658165441817		44.09186295215278
720.3164968078452		402.322120043663
238.1354219576525		890.7879603639707
497.1087094453051		734.4045186233178
408.71851459015124		761.4676368377518
1579.6491057966125		506.01007142634546
306.8624063143951		110.12938065826029
241.81449884917072		329.7662950050135
604.8276034074505		647.0884672253776
691.3145641294899		469.9489719870407
1149.8670228247984		654.23201894764
516.4156325943704		119.18136854970112
514.0256886689414		540.102397448355
1056.0522178883666		489.2140901068672
353.0034822669553		705.8886592922863
694.8181696778726		161.69931947368468
930.4854466320064		781.1348558533684
698.9366634620181		620.0091045803447
290.9991288511711		447.16323268851363
926.2790806397397		362.09595480636915
905.8170884607929		143.07870331594637
483.86009500158883		746.8648035595577
1317.980615088837		347.75544953192593
921.5605587959133		885.7710951446653
685.8427035372061		407.73127107793954
262.90117625293783		189.63437692007858
662.2848821628229		489.6330568815049
243.03550908205233		597.1110601786036
561.9848410437587		462.0429547026977
720.0696952606827		339.5133225380408
699.660398641255		583.1398178365463
367.37034856675746		288.75282703491115
707.5096518200769		787.2219836676718
671.8182455980325		937.2818166077038
824.847544341609		412.9655121710133
948.6381049465516		935.1325525216739
84.0904074972047		467.8316618787337
385.4870105418778		512.8431541245559
445.38248456263665		446.6705382628139
710.7199330988778		27.195390014103168
630.6141031004767		371.0540583433359
685.1940381419548		110.6593486006301
1521.1843343673595		830.5227638175613
317.09732198555486		638.334400151998
975.9758383544715		517.1776711988553
221.97188759588857		120.30830741490513
653.8284156159826		196.09762723915514
514.9981786219483		274.7109770840866
583.3771381005665		54.656708754184365
511.2452926938419		606.6728190788706
608.2035964323877		313.7339302656788
141.06510752805377		413.28356282750195
388.45273280013066		213.73763444131936
521.9346617476838		537.1775495215492
344.34127905119044		34.15109814808329
813.9364610830845		484.4119972682478
82.71346890318421		295.75293291330024
218.83590896402103		307.5292677507664
1348.7405175920333		403.2587594404692
862.9259240536178		285.159578612724
341.1266718675545		205.0405363635155
701.8773258627645		478.9253234350216
70.3747623117273		781.1940352542149
177.15892990729333		246.60127310983253
484.9005938161685		742.0568537964829
333.1689852427645		472.66134428165265
209.26985117096774		137.38547399851205
1568.0847684131095		958.2588165785953
477.1903958938757		661.8685990796048
821.4375528113562		520.9678298667905
136.20168325821777		411.1670784787392
678.8304007025521		654.8476497365724
397.20520447039337		298.00382240367964
567.1299902589012		993.7752922418753
142.03338168900194		514.2212646187139
640.1376638347584		888.3448940993562
878.9670486759392		21.557206323672517
336.2953279943257		970.2269509888205
453.1796341913102		571.0656750384771
112.15688708656091		494.5702519411319
103.03825901241441		573.9474232566606
378.57063953703994		898.6691162036934
1411.070849784809		136.20864679440467
396.1192209771622		808.084984404745
18.814779398850305		285.68402295231556
399.7437336000693		108.2153461153672
411.3808106869323		934.1800792909157
530.3927516689816		209.4410633633015
242.24051728189806		472.49678541045154
365.82211582855723		273.5494901805065
537.2210384803003		741.5818098838732
503.64650300664215		611.9972417702448
783.4717524053556		266.9550500512646
611.1927730783061		234.7093436416357
710.2419831365498		494.7058941756447
1034.2818990471455		516.5782511212593
464.646473271233		324.0617228065147
483.4835277468953		386.347940038399
222.90967315128552		421.2663016648037
226.96505315395086		530.2207317754458
1573.620613986169		539.2630021501619
1025.253366997757		486.1386729721114
328.66638292374085		681.5668821612337
802.6183949270974		576.7900031552575
510.11796169537996		794.2114802509243
526.2429178238648		833.2577232199981
1079.1755628887013		419.8144833583205
813.6271244612791		585.9320588113616
334.5533656624105		545.7282482625508
756.4945819191141		726.4397254953229
463.3620294637835		814.575658053071
97.79334065041951		630.2082040496288
607.9469436875846		572.6186187079107
827.8059504845091		49.580795267902204
886.8957841727447		380.71916648640183
1138.8097157226841		326.08151737869366
574.2626786624933		519.2064930062869
310.697872108775		388.21397659067134
1562.2352852003519		809.6437430820253
1586.547240368866		181.87217804107598
582.4518715748061		223.3681347850054
402.56020540817735		569.6056086782233
483.35729103717017		598.8936573541758
486.41768543125653		856.450100769147
1087.331124246688		607.0482245703552
326.058258706801		225.93597866835114
911.1571318502356		485.355827669737
1308.4560592942466		25.63031026035958
184.67766566482402		952.831846338358
677.2432266015031		411.6879655030084
1116.0715969231373		101.0644339184712
292.89788801210705		542.7358776991922
653.3188045658053		669.0486466535696
754.2748965060462		934.1849841865477
398.5096246288927		498.88759307340524
671.059172353144		156.35304141643883
759.170527123802		425.84229972521473
526.9905965949044		83.38944197201403
399.66405212979345		617.7241437533755
727.5422372530363		321.0991823362225
168.36558962520473		728.360839755052
583.3156081563986		463.16890173808207
65.69531502545505		696.6574355557444
754.1647136231873		636.1747273481254
388.1788280044133		629.4443762508977
66.97330742085751		679.6139804282153
507.7426535484921		970.7702800754898
965.7723154302607		898.4962180144936
362.8527299289329		538.1593342625011
99.50198224828716		179.18391073132062
931.1033560485316		783.5843816570627
831.547043986451		650.4766834881789
489.97859160473075		98.84817418580337
29.942292557906853		71.29504625707295
491.90308800979994		602.991757083779
820.2234226943199		650.2758878572242
483.73486704864797		277.0948106496063
448.82688385228204		788.4466226877944
1054.3247991811527		64.63006968830132
360.88863152781516		254.3198982985707
59.580580179141805		973.9312227619384
123.0513852980543		559.7792893978793
456.7209317629691		472.2867758888367
630.325613417433		753.997606910676
1567.7091454441602		906.4568110834864
689.3114610167534		107.84288843496716
1584.480006359168		399.3304058601427
336.5515088368469		360.7211540994101
794.8199355424774		112.5910662778474
465.0573074494795		229.32613611660418
477.3297802301112		4.335225714538183
321.7428643207697		25.798891157587775
369.51920432320514		651.4577680381951
78.50883196125102		269.8947058797771
95.67644487734839		995.48514882095
735.1410564790962		386.14153113328956
359.24312164075604		230.16080023208212
157.4293832740205		807.531132853084
1504.5102127752984		597.4299057542149
738.2545819287816		670.6583582076364
517.467399735175		357.43028803308016
1180.4817623017047		560.0730233152573
412.24372924846693		59.77203632678305
1137.0679363716463		664.4387058580676
388.2864306927356		665.7430620209396
313.68373193799414		724.7028663721474
740.040141327225		460.5259413417692
804.3973408417944		448.80590173255086
837.1672468917695		802.3159340747707
173.54756631677765		549.9738880193981
635.9193356578191		828.3521595087549
1530.1306516864283		707.6221104759616
563.9728532543357		409.79758850109636
281.6360168541314		528.6157932077028
428.7372078336689		679.61785036376
424.61440710818175		786.6997581495693
311.7587373285413		245.36395440932398
570.5492561936168		759.1435400039556
610.8373339955212		478.7405136442069
1522.7154645385062		847.5048892199662
57.53383429741814		843.9243409958874
195.87353886970186		455.50524697148677
225.6467503253694		416.6852052429688
650.2011054616852		385.93161821253466
648.9654118498958		11.526179000484717
530.9911372784529		874.7324433710587
325.4061467875294		175.76478986152352
890.545981570524		473.01306902669245
1302.9718556586781		194.9002809248721
633.5239103993227		629.7004522252973
1574.1168177758454		474.2506688607767
1429.7653361082582		965.0252377745726
584.3508597371698		716.8862025620301
1041.6463730145363		188.00660902045047
507.3142015078845		860.5518968221138
559.7107900178544		411.980370820755
483.08806570171515		429.05816464416654
377.91037861774566		88.28243272386715
365.80102495060703		697.202658184852
664.652753525646		474.48801930793326
273.98866679923276		452.9535523923048
740.9164957331169		41.83247434564714
307.4237419731712		758.3967011132113
829.8072919853853		972.3243536344289
127.76663451548927		928.9375215494379
822.2222173114897		320.42064679655164
755.7515572594396		424.571460052935
408.5539009483976		585.5755254131097
330.17025005303896		953.2496133191785
938.2314425300214		129.0791979757601
112.26837534793685		100.05405926011201
610.4108317778152		322.81233696980837
718.9052818327184		106.52838270263567
1471.4720142402489		598.3583411140139
615.9684900684239		307.3710044065475
432.96044812770623		413.6315960852663
76.05011484078415		573.1319761531664
443.3111895526523		822.1630245854103
616.4442120281667		535.6858700956576
705.3705934079389		703.2453241401578
928.0987444167313		601.6485195773151
62.438006979594775		631.9987747308404
438.5518126005982		454.8736622986959
353.6104433965414		636.8864970580198
485.36688421302676		555.4212460609995
599.703891862464		306.6910827034085
633.90271487964		164.58346777241832
504.70190322541134		1.8554630554361324
636.5136146571125		400.5180211411218
160.7213177094713		100.28665554382269
352.30249452391047		413.59429191215054
462.98560834248343		305.29270264566173
847.0215862966157		568.6335644797613
261.929039066087		612.6689369033201
602.0298474620777		224.639152200081
436.0480626516456		38.435343861980755
386.1503826368662		283.235333994533
65.37829978298066		261.9885714834361
804.2462843617445		331.7912689451784
208.24885081617543		316.14820096286314
246.60941353041355		371.977836178919
592.9304370826692		534.5291071731733
247.917335759157		667.6973292839217
814.3297537514604		688.1768387813165
238.53850874476046		965.7662524689969
