274.257029526065		603.0610877557655
423.2588960152355		679.4963807131427
423.23056129169265		354.310589412646
559.7916810310473		345.20293626801515
462.9731614309401		375.1962847129731
80.35668677738352		96.56764791649795
629.0564634514765		91.93190195451876
930.1415846643649		944.8341770849934
881.8455213319527		800.6593189995908
256.4713614741589		118.28766975955602
487.8407841157957		341.0701821296058
763.990395676064		614.9439240213153
1461.059235785086		728.805552446322
1571.2800890948533		626.0541885857117
462.0003444001261		876.5197656016535
419.8430360763266		839.9754560139083
473.48472523265053		644.4052740193179
1092.8774385938273		346.25470158329153
652.6520391277509		671.1763284803351
733.2029905907085		724.1815559994096
1126.0476784436087		954.9429096149386
417.5866707364165		431.3205260677187
438.7214884034678		528.9744761095493
521.4733092194227		348.5073363064795
272.23006262564354		369.28886802883056
698.7882154703525		272.4507805587109
1495.6742408085129		621.3704341241709
91.26156218241124		562.66219300365
442.49319837243917		16.121367083742655
782.4109247745405		911.7263317523943
288.6112094499577		353.8660501041679
540.9485717385907		56.387953069590594
613.544810314989		918.1348177635188
865.1516001620797		930.4392615520321
820.5705677129279		973.6464135478624
404.24134052665147		507.8738053814531
404.3950124938182		543.8491244447233
563.2616801640104		538.3515242889514
468.25279179005526		85.79052724182793
201.77932411608276		478.3432404487356
1584.3342854703428		668.1987289624464
610.8643525819296		537.2283632376337
675.4161167407635		666.7508357951459
803.2065227476215		626.2356051927354
137.50108986081437		797.6611006019018
222.6780174080198		591.7550128791446
477.43268521119194		413.68785619033383
160.04161838498925		830.7727987543012
569.5547672029552		483.38948304181594
369.40337786043165		399.65252032474433
285.48171622695725		690.0203188130788
132.99279492441025		607.596515794996
612.6238223349272		738.5482557909324
678.7294270736677		596.9117611429322
412.4144088215904		950.911472323059
845.5868763787055		599.0093755545922
343.3301366569625		17.345955081141824
1567.1471637460259		27.617436460507406
690.9816436041936		272.3585774643818
911.2808745468158		448.84160237703367
610.4796730553189		543.2214257780382
406.3483801300712		542.9725867234517
292.4975053265148		605.8150988066825
213.60943310794033		110.71658573402794
388.75254277384823		251.79406801894024
362.9985941047262		796.4517256535339
534.8327896569817		365.16174600083133
719.6160688831804		480.72992827702706
449.4799384654656		989.5404576697003
629.668527585789		869.4003008556931
984.942718374386		174.15453853988123
221.872035350465		931.3191670807444
456.93588227555		788.6192806630486
593.7175764042362		313.01162621224694
242.60757234238116		768.6568878541142
810.2294929078928		743.1909312832478
947.5215964004285		971.6426285752702
208.6162585693454		324.1402861937792
907.4759474863074		924.7138853382341
310.8470868129897		785.2544883017915
183.35830032853545		426.95152914927644
605.2647647569738		759.2631367858032
232.43752508754386		149.09113810996564
299.58573728448016		343.6594133614182
714.2738934805893		285.777925637285
821.6374085552966		423.2898892409221
325.29719236357846		453.04688966444803
646.1244906367755		466.81736658377383
720.4411437581036		736.1963119147385
634.3552630813195		244.41385835078611
681.9949043668269		262.5997336617246
138.53563657144542		312.4741508331083
1526.2266032389884		159.74038368818475
598.1328649316675		617.6140694316805
270.78305370342446		880.7777833721409
448.61026184668845		328.7879416508774
22.35101688191014		491.80296615351864
822.9348717605919		578.360495492156
143.8145966581435		266.441273137225
817.6754437341815		517.5087013261355
533.860078285691		297.05904291109584
363.61410867972916		521.5370297905354
821.6610979427404		380.8452868587582
758.8384613989138		974.5354528119935
475.542409081578		564.2713969252774
612.1377401436947		797.7239996609273
1157.3457494648674		490.1716092143109
655.3086912924492		747.4009198055765
70.82278212845586		588.1039028239423
231.9231731775355		368.2377450409135
287.996337332518		99.57839856066738
635.2949297458699		967.0365869754163
157.90218627340607		566.1935270228101
1079.484760226701		503.6584576115049
1229.0013747136536		475.97857432474797
1021.8980283454373		680.995407570908
674.7657983377626		192.17607391794712
1110.2571269220928		642.7012201150427
476.8285745022595		957.0244626158628
63.95857315340544		431.28389544056
612.1214657435717		590.759233870151
7.467697720224578		858.8169522461458
829.4787379490226		535.6648072995253
491.4485011660268		921.3098483818543
407.5266309231278		601.1543049927832
1168.3227172294742		842.9650464272868
818.624801094296		804.4376481797742
417.7833408324983		923.3143132247264
1594.4440246497813		833.1394413658558
366.91409108177425		220.90701234972607
158.61572752646202		277.9604870360272
652.30659243333		28.66472480521452
567.2553388769838		507.20342974547106
801.5964209487211		529.6728146015677
957.2051647822652		548.3927142522308
694.8970519528309		342.89194493508353
285.0089165662365		752.4046687125467
48.3743006693652		667.4067727986835
420.01806490253443		361.2962368129134
966.233899611696		655.1224894794456
998.8447115922095		199.6565393296737
633.2398798434187		655.8836827464916
722.6066963857666		970.8756581815351
1087.5274039109097		357.42624013535885
550.2324699229218		663.2513477048807
175.2068399586003		657.2314856845825
466.43592693528274		599.9980982894889
377.26177905278917		600.0487998143353
624.04157990534		732.9867381386028
457.69201093632216		244.8623413502338
260.87105393784645		879.5236902079689
393.48543419093875		374.66127264764293
342.0352672061099		877.3532475876326
118.88619867662226		674.4955748644855
704.5191461596589		81.29885391462983
634.2424138689137		348.6253817534384
507.4340388138154		144.73167076892076
582.2204150502303		260.9718988293172
561.9919244666371		317.68020573007084
756.9831471068258		870.7709370574707
740.223346290069		609.3972704470383
526.7824700582423		780.480597054304
397.491070995292		579.6028994172923
967.1249236475496		173.15595447001533
1224.5277694749152		425.8467700842459
402.1118536738338		13.882825560309584
674.4446191926404		528.4139786673235
801.1436575806586		729.5059308677072
288.94621417155713		553.3402463722941
627.0877633864503		325.39688611561064
245.18662688823778		269.6794170063572
1260.190755515874		100.58520319575513
162.5155559268701		534.2338722698273
294.2381476638045		629.2718159310682
346.93785090399615		741.0187284466084
497.65507021252273		682.9082083899593
369.3023685917269		418.30284682855006
402.8994390666891		304.6642976401647
660.0245241840933		554.9466725764266
692.9198004875307		675.6170897024149
292.5445581007106		610.3327968516925
540.3273385048332		301.7320573383465
1147.778570601925		732.5257986616218
728.7351983122571		470.9404280393499
412.8082722646002		901.2857097064505
812.3242541254511		578.9700654699916
1483.797683704387		564.1863803553008
412.5986330389628		353.8863481805622
214.96306239012398		108.73996473034055
1198.7008244306842		670.1192005726969
238.72051321770118		942.4557231506483
254.67840444420878		831.836493585814
698.3979862010101		87.90982531654049
954.6627975185872		653.0639170740129
895.386178640138		364.16384972710796
563.8347529298107		413.08676448346523
466.16677024961484		353.50913376950405
301.05433730820505		387.1003471233028
1583.4839597248729		28.79450407015554
388.100100760411		574.3507145345109
584.5623566788447		488.4519928551472
896.2739332963265		542.6064651688725
610.1749271377133		598.5134049422624
972.3499728456585		468.87914512644596
461.7686495018429		373.7291967177772
916.9917073839133		477.18131135075345
540.2800831832014		818.1792646685683
392.833426711519		738.2483716616623
261.3845946872546		587.3569499922918
734.2840123833078		79.88658456751818
745.1219900092672		476.00482093553654
798.8801195616004		570.2626486251775
1033.4716150223549		706.6491475768509
466.45462661115204		7.733322465063679
108.02498872029969		48.001406472604685
300.54266962440965		986.9879002296611
637.1494082429595		530.3343325896479
309.99119310112013		663.0558583019722
825.9312028400342		616.3177973760871
661.7457787573823		50.16419297357015
364.2939661377491		897.0657635516416
52.733211931549135		941.1697602823727
673.0462847879559		362.72189516981757
244.87554694434317		794.7947413173083
674.1493320422039		276.6358430937336
1553.2139929776904		543.0494748752311
542.3211234925844		158.60139056934418
190.4576742808689		288.37414694340913
327.5068247222921		321.57343508552424
38.67494513800506		888.715756468723
633.6682586036211		615.2394010348327
412.647301481395		599.7475977806098
630.993992186844		788.2765861707637
478.0308587196548		579.6626497119312
885.6231455013735		125.30578131698604
486.7082299278393		784.054581919061
47.560378323943326		126.04775242073987
283.73618305754485		861.4262426686475
1131.812254167316		813.4045111077139
255.2610216433818		274.18053234383115
485.6000118510718		717.2931080531673
909.6834729345592		549.9490530540897
432.9583034496039		289.60280092441883
151.8827117246136		721.4461719890726
503.7211551902033		101.28497539939553
510.4793082068429		656.623618148083
470.4354749617768		601.4744664294207
1039.078143318281		443.3333160059321
381.27857999929876		503.90332968475343
634.1809579527243		926.4524148094597
158.89529624045326		231.73878386588444
925.1832124940504		762.7300952922908
1080.7968037926025		334.03550351268854
511.42858042554786		319.1574125736988
524.2091148608536		347.2213463430754
403.6360609451363		201.90898772962015
155.16481045566593		272.5292843447672
583.3689345897342		33.78240511983631
54.60976593555881		353.1647177161999
336.3367644213895		827.973740390385
206.07396119214388		691.1793467167914
932.2087122045185		590.2724874935575
235.8014378423323		451.7687427465802
762.3575878952886		189.1615179255802
216.29340515800726		231.5298907965755
209.01911850141641		381.3273206929474
303.56638552961925		761.0419182642554
451.0910610809816		976.0894650544254
556.2218678503681		959.1646441894468
929.9442164613884		586.3108527662206
999.4209051840413		977.881923627385
1325.703891529072		135.28882950611637
689.0971366012061		388.5215165591275
140.12280795579522		785.1894351875001
662.0863526958349		249.4045444775061
327.80509907726434		835.1315961227871
674.3598438803874		484.26223988652373
284.67388102455834		459.0316589499975
603.3336142435185		731.5865209504632
146.22620977284453		719.9792756479546
704.3813196689889		493.7619256326087
908.1464963011038		443.80291848426003
336.13538858481024		950.6422175928706
236.19215555349854		760.4874918503306
1567.6064298690342		349.13039283885723
842.3123450944528		103.86705059673977
548.5005325239543		199.4954325160062
636.958608243443		162.5210275582732
418.69672646524856		245.50442042487265
303.88682512007244		563.6623869161193
269.1413182625017		993.1920040062341
742.0497942653421		871.1128192372339
522.6995929182868		660.129983064383
1032.253739693912		692.541867879487
599.1190447551002		572.2086078500987
465.6630484979022		939.9547560613847
558.0796201910798		695.7644268725535
93.62991859552295		214.49716049007282
839.542689566765		194.8217561418416
375.3834856447096		922.055382233665
1416.1299740477482		847.8497733110751
926.7070675745176		482.20846895471425
594.9931006802858		261.56245977795754
841.4548773005409		724.5976076559782
317.64243624663936		798.5600851792298
429.5991596451128		947.9192665873538
389.06244538105		231.00414653552997
149.04111177612077		38.14932584323219
394.9284737753793		766.838178736944
370.3002696820207		490.51373209337453
694.8275447341839		453.0226150137427
256.5437982947948		383.4875150551394
770.4032902297379		409.40766891375995
335.5916685716049		959.1665050648392
961.272056720695		310.78636244670764
613.7126940676394		742.640680073307
6.448624435645172		928.2233918948543
188.6061649755394		517.1865529279604
385.13696256649905		429.83534969694097
539.9797600826525		989.9143218984848
797.0120248699657		342.87169344091234
637.6186766621065		649.4609043730852
720.1075172842341		287.93987305493033
975.245745153852		639.2437068712185
797.2473519942478		508.68703853693256
302.15014578000245		215.02258017558324
799.7926666370079		609.7123970634484
363.52346031852363		422.10107655680486
381.07483051368825		478.64904133654363
575.370165038916		716.360927760783
571.2212013940871		308.22599988272583
653.4862389219979		470.2253462726977
51.67509432861044		608.5761051624768
454.2827674707403		618.9215944576235
881.3585706642214		406.80122169571683
943.7718072736534		504.9025596308521
775.9450083801654		665.4300110934014
707.7251247557278		715.0661371382678
444.90440553371826		382.2717548863216
328.9847485381522		474.2483225644687
799.6157566409349		595.8945396787334
429.86470450991993		239.56416192067888
459.4448502285719		22.84356962045638
209.19998676450513		632.0684677098474
1126.605405734908		747.8807208422002
765.9721972857506		449.53652096165877
622.5488466323806		780.3677110495844
571.2114475728141		814.3201590356366
480.26154543110806		361.66956530777605
1414.2972633968454		683.5855497189034
949.8804265855999		548.1068923434684
563.7422436068579		309.87518861806797
1577.5922191957993		521.7078926676224
459.5996942891057		217.57835437197434
330.2261163004419		461.91172235207176
410.08794597515833		519.380148923134
518.1355746096672		578.3971661438725
410.53879585221046		377.89163804433264
794.9611892717506		614.243604940152
194.0387791603789		210.1138647939856
825.1207582557365		544.2500603992635
99.81441017182499		259.36969555475184
860.6001012405292		313.7877092929508
348.9100886703113		762.34295539786
705.1284712079989		720.7173171955262
730.6899352675955		181.3129611632305
418.61285129954103		887.8402861182626
232.32447033891708		313.86167437843727
191.22520496179806		402.43573673300875
455.59909227791945		858.0863486067524
772.0565077747626		285.0267622207099
272.2646236743012		456.4877534888596
478.1004010052425		781.5183813081803
801.6043610285175		745.8092082282453
957.1702167205975		232.91566796333194
130.7532070794303		772.2350890238267
615.492837609592		988.6534369732299
552.2696502802285		355.66788263327265
573.5540274950336		892.1052796978809
483.5197136573031		650.0754660191712
320.50366021976686		867.7649709609415
481.29942955071357		462.84904677604806
515.9672777360851		674.9682025616492
495.90192232382424		84.16065887628747
1047.6081248676426		545.2563990428542
858.7783197806792		379.9087578648178
557.9824349254006		256.7723744859466
540.9154996020777		482.48317715045454
376.2308977182363		911.9359620805259
581.3694978594721		699.2898084012911
571.878499745092		468.3400918438919
383.6124661070268		134.79355025604696
451.1523854725676		465.7354239506442
420.6654984364191		501.7756776518861
379.69525328076963		211.2880748924174
347.76153866292447		320.0831088654282
84.99238856823553		687.5422820999684
504.58350229210544		674.0055529808956
261.72132328224154		830.6685125866693
418.1287883501771		817.2314357169384
714.8825034224827		666.4815210711045
825.0934638754607		720.2228270685287
721.3317665931926		454.4512417807009
540.8495132574641		621.4838644530819
506.9467236403903		459.47067166660105
233.58917391562215		448.20184025320566
757.6579349701864		373.72218258370367
515.197137864328		669.7826003884863
846.7307597740778		319.9356219255952
725.8545809298097		536.5617937175788
304.65541068975574		712.5348535264487
887.3693628667066		556.3628634227197
406.4707139554389		605.1864051066337
758.6560010690696		428.1117812635946
932.3099532574789		408.85300892949874
240.70144065144802		720.4453959487498
406.4599700035934		555.355078866185
388.3869743458456		624.7132173571454
740.8116463097589		876.5732859200398
258.6351470380374		598.2365504064804
356.56103946400515		763.8831639218787
754.331375945157		401.5163240592389
564.9491687784608		656.7395321329536
260.31067442970186		658.4071375444931
646.0809961249013		849.1515849737546
397.2596600527502		535.2282914508681
48.080179895056915		354.7133385327031
508.8880583889564		704.6680459290538
971.0213528459619		703.8717250319122
121.00396049199236		501.7733614634539
90.4571495288061		825.233917164382
208.56994903153668		455.9433836749366
356.1056881596811		763.4343070283408
404.83385185241787		443.43759665456656
295.10726476491175		803.1751192387296
702.0309125049187		468.64318773965584
1073.6897740948948		360.99231879692263
914.3188062552732		575.927718448611
223.7239930765208		199.36757652215732
220.0390690182764		451.7186408532526
809.7898614675048		903.5228556967095
1217.7974758039768		946.7219120416139
283.9761190872224		592.2249768605445
396.61294093984014		141.48838829865014
1573.4556994570103		440.6916833716027
443.0455740377022		552.3415860892947
698.5618860147308		590.3523629943974
480.7792682704534		907.8665087558754
1578.7050803074717		560.206743010298
225.02546982146964		788.1828553709151
800.2591075609612		779.9389085704406
692.5338219648934		633.7811055644928
4.19468915552801		436.6866464498947
795.5499037631781		242.26465533058212
893.5878648251048		97.64347445775456
795.7297532722412		49.1160770303627
773.1971879516125		779.3804510097782
1524.537086352299		414.7897143572086
731.2001784121417		803.5824771868647
512.8427071317368		434.38889446733486
377.6305922732081		611.068857696928
1175.453263386164		772.4013741543718
1488.274054598819		369.9510422403591
740.0374046698704		517.0521571866132
755.1256238079022		35.50149750141799
1562.3947783113738		270.03041436398814
626.7426548468525		529.222105501901
481.08053149847		729.3280824324763
512.9059922598087		532.2399291480342
758.7187727691038		451.68759254502436
722.5005080308118		978.3929962022314
665.7383281648023		168.27996888074279
346.29265326205933		154.20779402583327
787.6210421604501		934.5024223615179
304.2118474676261		643.9909959200684
5.940350080098426		744.9012833924813
21.761914042533306		490.3920697912371
1434.905494252925		828.8332375571567
289.1120524575157		629.7043059392322
1075.9816022306934		79.88192536323095
77.44011447718083		945.5456518056819
630.0645863939119		420.8620480092353
621.2519108867037		324.0953703182827
316.06920307610966		766.5031596676977
777.0219639347058		774.1830682594182
767.459913476247		195.67291848170214
1507.8682987054262		57.794940911848244
616.2052591198218		883.5456888819865
57.353570132743585		960.5557172898571
254.24221852079174		75.71450839676845
396.0443937274892		514.4981039754568
573.2454911235195		677.865085404695
878.7135976613479		80.72953670280845
460.940456343664		530.2892465047751
395.36866418468844		244.18765817925933
328.78605467229426		457.06177115468716
450.130668379044		279.5391295626973
406.5508797443027		170.83560076550452
955.3233071837394		555.0577084087668
206.0415567745414		332.5794463942393
48.813813474905714		898.0013499723157
239.41788808258497		633.8448380046085
550.6608411171409		382.19602763168956
715.3514120034246		317.59286313199243
570.7606462398608		28.359733562134693
429.2012907124795		255.14287173571606
599.4779961897021		671.9668833551303
548.1258544398544		625.5871573860409
885.1454576027348		125.78162496702043
587.7899261574275		354.15822965449655
929.3987884944377		345.17515187155084
661.1080530490575		522.4621973743596
214.3986111266879		243.0594998159383
293.7000473404337		123.33892285476111
495.96409348124155		953.2811450687423
296.47148149684904		562.3732911056721
686.2892148696801		105.09393534295327
350.4713019015268		402.6679854225386
416.5015220730816		677.3383144954189
260.2726020555415		107.27916831587709
655.2507441430939		531.9631772953421
673.5599350736999		933.7023336770608
489.2692851777372		253.6843481421956
390.9978863449188		130.99182720139834
754.4245074318234		602.4808875220617
598.6094635901801		222.97738469100085
587.6766758371169		120.61923861555198
326.84792863741427		576.2755072313255
672.3419863893484		509.4321280983912
914.1730890369201		76.69153375492795
1320.3703902155555		852.1812999408683
337.2275436186921		278.7503701172569
868.9427448552485		551.9618138876111
485.53111186520846		274.1709177536394
310.98863161797476		708.6158197601846
291.6621300695689		295.3627937383068
1535.0282094279323		690.233583599945
150.05664631900737		416.08129255911746
370.39693273153506		486.1721245570658
473.474297346398		626.7614646804709
487.93586610375223		566.00801769284
245.21447358615828		116.67272799489024
101.87306560724267		200.61255917721383
1097.67550568303		708.6058827506213
699.2975669443722		420.42799959616156
707.6320358718193		258.29952927084787
1233.0752850515323		273.7433594094138
251.4528638898194		154.2164839128002
453.5644099777934		743.6889490117323
372.5520595457955		976.7228786874555
798.2094280377923		275.3460879891552
613.7459209603398		461.76558640862106
987.2534300672224		620.5009066162319
500.0363137404871		857.2651645664553
228.30557144113408		719.6214256201072
814.6669916362735		337.0704038435514
561.5304910833999		299.8168940039401
135.74873237054908		649.7736632621941
571.3402542793152		704.0745422616902
516.0445208268538		801.9373282030572
577.4320556145634		498.5733025917208
3.46289513681819		467.80707911292126
583.5559441914255		263.2813805492168
423.8029363059211		672.1935062998209
14.363422516203457		422.8345777846159
282.9178465369687		143.64680970992094
226.53680152564988		595.2495403511309
362.7436593642657		195.25552028059678
506.7134503374066		40.5322950332893
997.5891033970679		395.8888397580884
443.3017200324088		303.5875554030075
1026.57821001323		2.0799181475717887
590.0882827050632		92.3460208494592
1048.313704844709		987.8597727778808
844.637453774687		891.7348602083781
366.6612991060788		638.1225544096391
763.5545477453177		498.1496885180237
153.5084123440625		622.2740305935823
708.3082710278484		259.9334234511425
513.5585503477738		776.4810196182839
992.5260006093679		228.0263544924157
460.57886935958436		594.9830256043842
509.75376702920875		754.8817008020861
717.6739703821207		473.59329358810123
702.5621838705993		408.53310945917076
556.4176393684888		51.07844757356645
514.3717805551164		239.1941392749668
733.2313638941246		297.28033300522173
294.7734659575061		322.3425688799664
770.0027598374643		669.5291374501546
184.64279491092475		618.6753932048216
316.09931247533734		463.46802563572425
1007.2790337447423		602.6236379953442
630.6242726332893		254.09955142947703
1507.6372118791842		631.9333317781012
43.6280784402569		474.35975194068374
461.3223546431397		71.2003263325903
658.377924597877		936.7093468639483
283.8801860840774		797.8841558914173
906.557403424358		443.5221853789625
478.76291713619565		217.0655493461532
385.29824836576074		831.8774286245398
803.2620043145969		245.03734513083157
696.8281703141026		990.5515046082407
637.5123816591293		303.5981446423898
675.3912628925377		423.92938635983995
160.48901438623		537.8606408970127
606.6898552905653		43.29333939985827
448.62456965225164		999.0036762843504
305.0052466262414		138.33394481688254
743.2279005750449		494.93368822348907
1497.0585641743742		273.08986895740264
772.2088755872888		568.8833096196784
477.0041245378573		268.7822385310569
176.869474094375		176.2454516680831
376.37953085175855		487.5105519911031
348.08650399720045		532.423009960406
702.2258318915643		630.0893764989721
378.66393499572666		17.474405535401274
505.3054573038217		894.0233658995002
240.93643034717184		571.079473500157
300.2115271415558		472.9587253636672
23.676983489428665		928.0378441211085
102.68636455866482		302.4401267715921
896.8941104395382		851.0948034505445
608.8611383983938		946.0688930461868
779.3041483958732		285.20340421982394
441.73004015170187		645.0282121653396
579.8795553205192		476.4145499989911
390.9366650068696		554.6302905974792
245.15458942249452		580.9220113288195
698.5662661757042		520.7366199648078
582.3110166021565		974.9177809385216
1519.3109374773867		663.2238362368894
627.5442751378621		539.5580694810819
705.5630954878579		867.5541059411152
998.1308355096626		125.9293771436324
534.9871276553968		187.83431733844776
172.62676980778383		355.61351354321414
182.91463590101887		126.60345245414982
816.6436965035997		425.98786826629225
229.35624980873843		420.99383516971875
453.058652555921		326.0250298404099
574.0148458529518		586.9445291475271
873.1715763419236		374.016291083174
320.78635285575876		127.98354585145847
779.6694401328289		391.3645650146321
240.13713637464122		90.23474400201525
459.39515212455865		802.5675702503424
151.24533560535372		446.65540920615183
349.9989968263398		586.995679015216
794.8131546535412		456.7792637810128
648.6368140183035		416.8163327384524
410.1465497225124		938.0627698711048
89.98295226777424		598.022365829533
587.5783960695948		748.4735610702186
162.5879383043361		71.94256387356972
189.15100387164648		743.4212852258503
568.8551688535401		353.37720503534183
689.188132885137		648.5254702499474
596.9200936900686		498.4817376555976
190.45924637148		537.3988304789514
152.5572872249855		567.6956686307826
592.5302880033025		901.2309242721875
322.1255826166582		133.3193334163925
609.2779925758771		497.36463014907577
556.0093717202209		790.9812087392542
1109.3170897527548		518.9356189077618
784.0994144852757		866.9543526360928
69.20815587715038		24.41968176975189
335.775416432867		380.0354783362775
922.4244799543342		732.2886619376833
479.2292384625183		717.1161348857056
230.20602645433735		739.1055776647661
604.7204848190521		650.3971708926877
727.6512856200278		639.2413102616365
596.8167234375477		571.7180975367041
452.2099707349518		457.968296515431
506.5794457555168		679.1541891656884
1299.3162655190563		388.8258682581986
1533.097347188565		831.5373248310807
58.15149038010236		585.0504244654401
1317.77360850793		277.6134890767163
256.5871828299049		316.79348538808154
809.9276064211758		754.3175895963819
254.65647607004883		463.02847201824653
520.1574654476368		979.2114312921469
763.8658011382716		749.4330621435445
1481.08428210576		682.1190896709384
506.6785046343605		826.1284291937566
272.98654369918575		229.45035694279346
538.537898815017		507.95958491975466
80.97983932715044		489.97522799415873
755.8111955620004		186.19451799339868
500.58325626969594		666.1367398575081
770.6268021751847		656.1049721514639
320.2096419074472		952.7311024828041
1108.821613285312		125.66449152620231
345.48162115910293		129.3205325484082
164.29758462415919		123.01914781856306
530.732574960505		21.23250142603979
804.2026167023839		268.19777792507915
672.1030786388019		392.8363986475532
761.1813122967706		238.01854401342047
150.83194106018215		682.8231365610499
1009.7135250997742		702.5427888834441
644.7116335027733		378.96334356154017
708.1679501729252		906.6998040978668
679.5704106695749		759.345618721748
887.2651387202552		719.8893756551101
492.3448858789201		228.9724038900501
982.9343040690627		630.2767410353608
608.3973344770172		475.9095088369019
579.9187796377502		565.762075666545
895.8643189937507		426.2312513069613
504.6218421458191		302.7401966253688
387.5498041262899		539.3754231052573
307.1599526701025		10.768449472384077
442.4964233978563		453.3656836145211
126.5951646007357		619.9141186220974
734.0763035166337		214.77694390554427
122.80789952254042		624.0747059656047
290.7323588448633		817.214531494772
1079.9832053128798		226.76065361363686
23.16177345343374		680.2047132208777
360.824926840098		645.4652847461292
865.2751013189757		326.0000650109505
588.5630651697242		478.7229441103088
506.53344530286694		354.2566050907254
505.7680175510935		968.9828634999857
591.164828629842		638.1521564847452
236.650146767394		395.5539104345256
1374.5305238014362		378.7385187511259
513.5861910409757		65.16994834719299
761.0221934745307		851.3309783146728
700.6529563720768		911.0346454357602
801.1226209520204		767.3600870705453
649.9647956446257		55.59053879951739
752.7003137602474		684.7519700104915
546.3770320205484		618.591298051064
138.67047228652865		290.9785939014596
282.19962827402065		637.5966610863085
246.66580780140563		677.4227777139096
629.2196786685255		443.51647466617493
830.0957744770851		109.40918881381629
606.5642565797735		545.4111181347024
603.1504191866084		412.92839213692423
509.8647759555495		404.2883231706568
914.6499483841974		459.4848772235278
365.22937061304026		264.5616037408852
557.1063259428792		138.6998652589283
1031.8739185586924		472.5524422569686
908.7274684705983		629.228617793068
929.4197912408449		289.18463144486395
499.1424513705825		789.9107871180333
566.2951120221205		273.7230292139386
521.2461751557203		797.4888334634264
512.5094095353752		430.63215644028384
465.6020462760563		410.94731820565676
795.0541285012212		146.39526084483953
224.16228099638715		822.3519060349305
869.0507538285696		548.5923449100275
1059.8835234353814		739.116986318008
612.6367599135446		74.55613589587875
348.2775226427449		942.8606867443975
225.8066225370181		647.0862483975957
858.9686827365006		385.7953286233588
477.50570612475053		293.23984690553914
712.9273284304201		442.0790670856497
326.12973208123935		346.17519897006355
163.51649942176135		626.698116083984
416.486684874933		346.3019372729524
485.45922555195864		349.57121489293
646.1138451443954		560.3426864671167
341.9838709459601		409.7354238493822
455.1250367557153		282.5147860185459
255.14653404893363		822.7244696421926
940.6724706217058		927.3781045325959
903.6864716289758		504.91930523790273
1431.7748149392505		626.1133165054116
1095.2984313600991		863.4589731459657
693.0394721440969		436.2206229392385
1020.8444872686209		713.3157468595336
140.31370428688535		484.93450173101155
307.6761937185441		712.5565377895193
597.9166378753001		570.3719927694247
765.7375775658452		686.6125423036349
925.593002028621		528.2992877301518
155.1466377550381		968.6761871507669
975.0374528258137		689.802527027583
39.01864117265495		307.3466591310413
549.8313177740155		922.3209895919961
783.6790023385754		687.4308260089999
713.1476619940429		736.0901987448186
901.8630096885552		706.1112883274079
480.32350174365365		912.9614361364954
223.11632524277871		655.2639452480097
606.0172033421588		379.68214835189946
158.33764606022885		987.758251403902
558.6271511838426		634.3966489971715
359.96305000593077		18.002517721560082
906.5088355892385		515.1460512844741
1144.5570881281974		111.23338972026033
305.19412082556124		574.2928398239526
281.5273353494548		187.20539586305216
1133.3822348900208		195.62407529708867
471.03846210831756		930.9163585318893
348.8939569025314		562.725841720123
724.7908264591614		710.5819519644549
1501.443705896324		272.9211387630862
492.2968558097659		839.8426781238568
477.6257708669084		410.9828295284325
378.150150295034		132.9590306243589
892.8871765452736		490.5758036642926
529.1980051750664		447.44307678023836
776.7554415015439		676.3497788057907
1138.746537611325		295.8370636049426
987.731847176879		2.3464690886790436
319.1705282762947		164.47176978571866
412.18487375775726		13.932392647830852
505.706240735462		212.27688446446922
380.91370795583765		792.2257600469554
1194.509018384089		862.0291010414076
677.9421943612339		797.3269730042291
485.44456833409		545.6971737293874
1290.607714508049		139.82255550849231
545.9158017888627		82.41940432062091
1571.4269413072575		138.43926044843732
535.6682803649235		60.97054815427714
65.65549961254334		214.0152954368645
596.4523473780954		106.94894041202605
615.9514752881819		179.4684991973412
995.8815159227465		841.5979369095954
380.24199167967026		635.6593050899157
671.4382226334096		442.0020914727315
928.2542283738546		481.2043677516642
504.9990230809999		482.7381968407625
210.3643285328584		14.989963159533886
508.8538556472811		505.6833999027676
263.32194639734735		532.0271092941329
316.08270200142726		998.4080075949025
1147.5045955585592		70.84046538906478
426.4515420057399		531.6153638031561
616.5053615100587		585.3949011331686
821.781406618338		233.2285099432881
291.4498711315913		809.8574337883626
1177.922611043901		555.9572606652932
435.27793774528527		319.1405564654965
819.0422121270053		18.057370007276518
458.21028436894625		669.3360212647857
80.79868998818472		644.4238750125843
412.68880945190244		257.7400419357584
31.579078204026075		162.30635444832933
261.7092714915076		541.7000324481918
1008.2788132129122		770.1035532362063
6.50341397777396		405.3553196166832
378.7135336122507		861.7950645930258
134.9456213804192		677.0273650181051
1361.9320416673625		868.0002082868609
800.6064094208655		549.9120520513508
469.4166439440141		856.4676019475269
882.2202697759212		945.8346351177258
901.1627387239575		22.712268291632938
445.64637178652396		365.819131104658
284.6927079084985		509.5418346338482
611.4638021076984		417.8781132942168
658.6703604124393		593.3035860679762
1172.0027686883461		22.64972444624709
198.88264588252645		97.3734757263536
537.1351808602278		667.1583480487566
839.9455787655163		685.9224015925073
1201.8671870657222		771.2659721716884
401.6853008330546		786.2022632085425
701.603865353575		251.34698442578556
561.6220982204778		990.1186059901211
149.5240479695575		976.2440999097012
1063.2948464866154		732.7880066547473
818.1613067338106		521.8625993154868
327.75427954593994		193.65214331685002
461.0457329819636		248.7731420383729
509.5156168596677		453.6079415397064
595.1755297314699		938.485858765659
399.04693418203715		376.9536877094773
570.3427476466638		559.3772533522618
487.70190792429776		874.1677358619785
165.8163423578191		539.2778111599953
625.2287000212466		145.67524990109956
744.6133849202929		332.3510835882531
43.709307995545544		738.7386604809894
727.0312940444941		551.4898520357182
410.47569628210675		29.456693087872736
622.4619211779211		911.1147481075863
1411.6923731391016		130.38320740412803
749.2755864556543		353.9879747435136
349.43244568311525		229.05056280071534
261.54256122202673		720.0331859212775
717.6121607587404		628.4085808670773
895.5582961581247		429.2282644264432
260.7004860608675		828.6105796220601
468.7525047104548		304.37318091976834
95.63202362199985		328.1974873900973
464.9905172864096		719.5982227375437
80.22036850524671		826.7335992819362
226.63413240965565		770.7082715479817
386.1355985128296		573.9915133662656
411.6031993666717		408.75041089890203
524.4721250440807		758.1607629064172
415.683718970948		453.10281018860337
721.9201056848376		842.7539462165205
455.8862828647569		849.3075972790994
779.1416408257683		279.61370910233154
272.17475858646276		724.4852937530184
939.9294575050908		541.3902016954578
941.9094859101226		460.1268301449807
323.42089931718664		212.4623849349295
578.3160426423799		790.3478131956206
610.7555660831904		740.374319183453
209.4161299184916		167.55981976502937
522.9786743717459		471.84527830901413
527.9905410015891		774.0638174319715
343.4753357598472		564.6661605784601
641.8873865191605		662.3161099377296
229.83410969595644		790.1644918884792
311.5079008444958		683.1078960487238
1349.7356704610982		393.3656526495357
245.44200296813966		458.04095593994816
255.19363915183607		416.50780270533795
993.4430713056006		559.2704009141543
273.78604063172077		374.7596252960768
283.43425524536474		670.7977258581269
457.02532773796247		836.2567125775871
524.8899395678387		715.1432417739512
775.878238517045		706.5242261112106
599.4217755562818		935.1597092558638
513.4781228754689		925.4169690977152
743.6030655403082		73.22042237244295
308.84539137170316		973.2968857313577
604.6453619393685		537.480011711612
1069.6699609755917		350.4594577414724
510.65327552178206		622.2559147446887
941.0737163288338		946.4155730677733
802.097846435616		191.6200735172353
507.61382110285706		202.75799361967893
232.88778423631248		316.7089378921818
595.7681214812103		792.0878434184453
473.7120972130684		621.7286384802769
500.9693195361917		779.1432305521795
286.84147401588604		280.69366035915345
877.7223695317941		62.29829658339753
643.827350648072		315.1032162957272
868.559913792929		664.7335293971664
506.1225714038291		590.739203017875
772.7645008989091		418.2140563022378
770.4703617563084		264.3041009895535
751.6507844826176		599.5715892916761
1168.0837182526336		296.76730489216936
18.54693607335514		531.97776833586
479.08940038512037		430.2255363446866
1124.141246193511		220.45894050019638
941.9200357079139		736.0740804188572
524.6397938177079		547.027731214046
692.3091174108416		451.68309599213
903.7260159636326		672.8699676646935
126.31038326012202		353.0237226041694
775.1566229790187		303.1458969915119
594.7652327233415		397.8337310841377
221.43792698477006		684.2537642384559
606.0604709590456		829.2868570997421
636.374254194435		208.05218980340896
533.8550749350928		875.1650105396083
714.4350223214876		699.1852055959248
288.0914560738088		263.5484931064278
714.380200615268		310.5917324093359
262.79303806219696		546.8170573232386
1285.5734061002602		548.3160107801609
601.2680899957194		443.1170644628779
600.4398074777741		478.06488242908586
20.17999520936462		492.6112103801596
300.178297474758		299.0537725648428
855.3960337042608		131.379854352194
626.7554337473458		848.1135549158157
1583.5552862846491		484.2300343169613
803.5215700550366		236.48205922890338
771.4137302956163		807.3214829401368
322.6196624115221		463.5089296926953
1444.5769774626474		295.79159091075024
680.9254026908538		117.44026983675815
1023.4338706244399		194.1175860397106
710.8676328404459		481.5762930387673
137.83702829707568		393.0103513810505
509.1518813652635		416.4538722619461
366.6753219556211		542.8800269921525
967.9304803857241		733.4425228251447
577.4281615342014		992.3765653138338
660.8464048426895		356.51731032474663
643.1616385268223		760.4320902661291
428.33297235879616		371.7597325526543
28.51486770019818		573.2474371426566
701.5579706492586		589.5194557721061
382.03950089369715		407.17250937449114
722.2841952464453		877.1635563583991
181.48854386447186		212.46895796645077
267.87159228692127		806.2365621703635
360.028505497006		771.3709647234525
642.4038369059732		324.3429047223385
483.69769366496354		704.9208109451299
255.20455822602577		8.845958107064462
309.0961626920801		870.7755190925295
749.6503347658277		767.5192115218684
300.91220340659646		750.8822250333833
905.0747566408015		595.3881377957899
529.2285859641331		490.4622535889498
874.1238523099465		705.0763420625295
807.5201301598511		635.4693096538028
1109.497410172863		235.7522215874655
748.7166948255999		558.5850004898911
456.9047963551962		363.7274655871498
865.1881350808035		255.78588656981984
97.2792554400483		78.87847404266398
310.72391815116947		451.95008558382835
563.9005282371188		506.5074665259419
237.36923379076484		84.57670458614848
902.9258882448453		756.9079497402936
555.5003644884628		341.42056430072364
856.5000731173633		20.484907430017472
523.2318671319919		901.5321926779716
856.8866662817513		471.60659543278166
255.1412074101629		604.8158243057444
153.73626467559626		499.5172038306618
353.3090553796052		135.75806481784122
581.4537954799854		166.31704495849175
179.90537131939595		934.0743132552675
703.43730652371		981.8899794849594
92.2833325974438		561.4689367258813
189.04997660741253		781.6006482468283
534.7548796164084		885.3099314737325
171.69111518495401		470.3039213572741
65.8418502596287		88.11918919848608
881.3898061415548		628.1234144185887
454.15304958754126		400.7866464910852
49.7519884042016		398.0435922579424
602.6368711086926		933.9018899039032
701.1613211246154		386.2965461110298
135.02135153798412		590.9584992362048
752.9709047585661		141.36022094546672
619.952284847028		868.4441631763948
1520.3863546728912		530.9434241151216
424.86424973291173		809.1943268372465
678.8840557320249		927.8224495368497
366.29534071786895		701.050639727902
431.35873631859664		107.09413793612293
832.0599686404712		196.42118562227563
352.0501129078574		298.90011512163966
191.1953231715176		898.5229323029446
1004.532521865433		984.931035099509
744.5933012969756		465.5829857895494
630.0383544072025		693.7720506985754
299.8356882740842		499.26654383332647
464.05994595455934		561.3010624590174
358.4414742005214		91.22572318329065
490.14139411562076		228.37482404756582
274.0457461309692		468.82000981565056
641.1469709026655		624.6627101639253
950.6189413963668		448.440807950466
851.4177828264671		369.2185339494704
781.0626421449829		124.2676681656551
1377.9216492525784		36.6376663956579
107.87941217254968		565.8401836917772
1588.134586175875		256.34390288856656
387.38492217323267		587.9559305155042
709.4142457430605		628.9613643271505
75.46795127815602		881.9210044141219
1450.6631756184006		257.31454187250057
834.2102667822107		447.18851414171456
1565.7246293543328		761.0321723993998
495.70214113353626		281.51807766357445
693.325342972149		757.0184945720225
666.8230105749078		309.21178135997457
557.9224400987728		613.081071636952
502.3977736040363		770.0117762724425
621.3564844867524		667.0913749723876
656.5914298424718		681.3823262349223
599.6401941693106		11.396621592444717
547.0565987197906		39.47106059011094
157.7584679709842		776.9228505912338
641.4869419103679		624.2988607346679
299.06298726578433		758.6328088114483
599.3784015054382		863.2050524942154
539.9236587227718		410.0709082724603
1012.4703859189437		561.0986013121862
513.6328775774914		813.7984719160681
345.29373485953784		862.5897279189476
563.6940696065114		246.78425955821183
346.50045184929854		876.6577322824926
147.3620688589911		111.91553352006855
390.33514091980203		602.7221098996423
672.6087093633284		771.2634057404828
899.7819610943109		300.3071978310695
433.0535854847966		18.012616702559967
225.55399064430998		610.3298914609439
159.3923681045835		780.3795480206936
477.3867204962924		601.768832003893
36.677640157703024		745.9189027729215
341.8717128092586		503.6362801312199
303.00487304758116		913.4000117588856
663.2931319642023		682.2943148959031
492.1079171422982		317.6665170351888
267.4232242551582		532.0342810291095
376.59151105726164		664.0452392390372
569.4871423860413		463.42399274231076
552.4888779197581		470.7654624776043
598.7597562499109		872.8944402881795
252.3617056877616		47.78767812653405
392.6971048153216		650.4917721405747
705.1883313595432		73.00198811323071
315.28337524488006		213.5650103300984
389.786024084913		680.7898763234416
810.6388708575389		225.53089143385483
311.4342916402562		374.3721113490363
1572.3327913764965		538.2002945825516
294.01318492843876		528.5536610530995
363.01922400882574		620.6221516851928
695.2421532409411		712.097267506934
553.785957693041		672.506512891796
748.1671448860849		846.7109733400248
475.50653435919736		841.3707950196898
625.3421082099949		777.8467844061074
699.1490204114634		769.8000233318589
310.44471891867676		486.6765309546326
697.8228362648377		322.9538531402439
188.10404691362731		431.1379278721813
265.91304289747393		111.82938466690655
362.81688400241535		375.58015332895786
770.047759455071		118.02694196433782
401.76477410077837		85.72541867976457
1165.4121523639574		433.5247717938759
924.0357260805002		837.1376515502036
562.1027244871498		996.9025709842518
658.1133807442841		638.0923384778912
597.4674198463754		60.20504110164734
700.7421099307435		449.33989848666175
271.3263334606228		956.596346699398
713.5720874390229		528.9881149316362
584.8899154734273		849.088285954189
680.9829540083338		260.21365539677527
852.1217086121842		941.9497998298507
72.97833620301293		90.47890592642744
346.93241580995755		442.4826898448982
440.67815885169273		795.5979969363425
772.6571557743151		407.6809250851385
973.4851694348399		630.6727622625854
779.4038064027566		359.847965717247
623.5253843061432		539.8438404599403
466.18273286323625		595.2720796741261
1595.8857092440956		341.5964545579519
214.72686512475127		125.69000052658089
528.0648912294183		508.484803913216
307.0854796160759		131.41927409710632
559.7135540478141		356.2120763754755
798.9836175170797		161.6738230703458
1001.0079658572822		679.6230999500319
1448.1128863550875		454.100614110322
751.1779089791457		465.3352494248989
929.8122663639435		744.3529199265525
754.939680536436		20.51843011951985
759.5005830582637		869.1055170346269
724.7302341714171		640.5678815033984
568.5939236016839		853.4513178289151
1130.3168720250533		613.0138832256787
708.3481934035628		351.6466815609856
1376.9907883358253		759.1186552540742
769.0620160438791		474.19571707436046
683.3718646168246		243.17955498684995
781.798984858079		871.0788751679631
560.9225162141954		477.01366638349157
456.920969287569		433.00933875538965
506.8000869368222		933.4573098548558
353.04449942838494		817.7850319320385
685.5397647254571		857.3023329871862
76.4518335175569		550.7015558645473
321.29685098039386		767.8924355433826
800.6300252464148		158.95299255029244
350.2361795441473		156.9163320909759
1481.5244653705713		115.41169484932425
197.03587296337798		991.5183829722313
583.0935427172062		372.82053822017326
382.13055505843624		978.2104844467613
252.36368333467865		722.719319153706
815.6164950350225		97.17798735996257
622.9591076578362		199.3641690936052
684.6306662825418		509.64738376993887
643.1309159214046		520.0325586785716
235.40193200741544		636.5713907092754
675.3790595999026		507.4373877586942
317.43940685689677		443.32312428382033
1440.3131659103783		421.9972507738531
167.0338005137251		321.66579322847616
903.9546640582575		928.5979696749641
184.67760097728132		44.06397716896845
218.76806696124282		572.4085887195579
689.8143916030124		918.0999158995453
644.7255304535038		472.7862315770126
370.01535956504847		973.0026188250881
636.301679814097		936.5562616240622
840.17326660088		758.3053069971808
292.16090360479404		698.6183627908205
866.4949628269273		682.174735833254
839.0513301898364		983.2121483756832
685.1060859463294		953.8874314405937
509.34591922462874		698.6339634451864
1388.5086781453965		315.2241172672018
1047.32291386563		545.108473476625
910.1427947304467		352.1969071328766
427.46482126974604		119.69731801994709
647.8481063856207		771.9587218385857
192.1666352967008		418.04315212361917
154.57920342802316		925.7033130307407
654.5916708114663		798.4891091819936
246.74957669438146		855.0849670633738
389.6283562209941		798.0040670215731
479.48025733490636		616.895992171232
1566.6150227665612		166.47759925600428
757.5031730942401		146.77403218836298
944.0964842752303		462.4787950588358
268.378707239987		719.8737973782811
561.0266141508315		209.74531901529366
356.3142285674843		602.9764100019688
24.089026574903585		27.639274335195864
405.91694701680007		186.3449534332678
400.8715933095808		260.48334411379267
641.1933119570137		299.67100929753076
1573.800036848149		760.5130885968265
15.801183004983272		734.1291536750452
1521.5473400930437		675.2438825062503
147.28844616348277		43.97186733392664
1128.6956248953147		132.16618589952498
657.8858590529312		297.6987948739022
671.3890326920784		523.5417755169719
1567.8070201525093		777.0048024515074
624.5084893347617		956.8521448011154
912.9658879857184		345.25134155428884
408.6799824772281		435.1883509890957
340.72676679190147		196.04547224231266
1571.9681028175728		652.0473909926411
345.9859709064856		164.8131430248775
666.9964448916829		568.702406015934
382.40994253138643		587.1501428727654
850.7574632482002		397.1811980048077
340.92910011122217		533.6429809816484
160.59898915228263		155.73876146327086
615.6684728604337		631.0433273973006
779.8077204115114		469.7863142867907
1251.7383866541807		679.319374707319
626.9048463952946		99.71161991896946
983.247927462123		741.4916884875997
766.7716350953688		573.5623664870377
566.2035150769888		89.1261781497002
548.6915348512442		691.7289276189967
958.9268403258574		649.8754225791916
447.93107359042983		253.74582293973506
157.06762289088107		652.1692132521976
572.4921314005677		699.1926411792767
692.476436917963		226.36021402310007
462.0512683537698		657.0490803809789
752.114960266516		528.5912878122213
759.0717557613254		826.276051617242
105.06748466477922		667.6882858933244
52.88743939003223		893.0507696602501
935.9997094134883		502.9830456319572
552.9968558362108		384.65241010559316
567.0819632252721		229.39282683455173
25.95142744023775		749.3082395785914
751.4522518185253		199.51117194265464
618.2153932796108		326.9109230301042
738.3713041760658		97.24174576567083
1018.3136993942635		834.0587576497624
99.70193152560432		779.4921241655893
127.39187719809883		663.4045320217206
659.734646064561		542.8773666109919
796.4573041556796		832.371479824972
986.4595588464665		330.9851211579396
338.7539755955182		254.71477893559756
259.3466615685413		249.7462171133624
364.5630520681847		785.8166323333201
251.2101451192942		664.4242546122525
849.2087361215753		402.08773002992064
500.1345121769045		585.6616116732001
505.0765260058992		172.39322086209268
33.85397070105205		301.8427359377064
838.4766181373241		631.0245829275038
870.1736953805853		578.2792795966501
569.5752339680569		596.2420122136982
788.0275008236888		840.7011751940565
402.3330547022099		489.8070478656168
663.2758161462348		690.4988095510241
585.9757624689325		15.333709812614188
427.58310401574704		895.1774736591702
894.3394055270428		86.45814499194887
754.0797069701847		133.33574820120225
465.5163610616697		53.82717621177903
175.85520494942273		610.7954572363577
664.8368771860652		193.46863901702784
629.8263835038041		511.25461580427793
128.92369831946752		231.9274328361966
427.77973035495273		313.84522070507535
747.1753412029834		471.96792742865114
738.4690841213817		626.3072842787766
312.63866959061556		372.14100855378024
440.3752876812442		555.6664174789133
935.0268391519817		543.3892751016929
424.1971479844632		178.6015619553068
180.34507564702164		706.5552747564165
911.113607635144		304.43493195090105
819.3974371032862		593.6025107725953
474.5743962011019		98.36177508561036
647.9570029691871		738.2491262889293
444.3372838706687		381.35185143285617
648.7816027425731		235.16742151941264
643.7962654392052		12.403501126215247
108.35495895018846		608.4124405857733
246.5274111766214		272.54106683838785
32.2643143712981		34.78847989345286
419.7424097553427		439.49226784606554
592.0917978434588		777.6695997199237
1039.9024787549301		833.6090361230079
234.79600299751286		695.0265423619729
619.214739535285		956.7482179239171
279.47268711516284		683.377913480405
418.50607829486233		253.2231330375655
444.51395476676464		393.92133819519404
485.02786732323295		596.0555344454084
164.82819881125965		99.13878518482613
394.3274570567562		479.7151284161842
489.83302411704284		317.042961807083
833.8184010979967		236.57216134326154
565.1787118307303		451.046527850014
116.82250218460644		340.49372728400806
460.6726909748635		678.0417737221516
467.7385859387584		242.63109783340502
258.2379494470931		280.7229212066703
528.8716833282209		649.6833995926082
467.6947613012265		289.1693202036432
617.3402400009901		237.2858870197354
785.3431462295828		41.517273778350045
382.8563252359142		56.94813827768667
331.91767472072274		318.88312505713293
450.9916906710063		551.586628299995
678.5711549237081		140.51048619863218
337.58269547855366		16.853172539048956
514.7684111692104		492.4072229665475
451.64968630795266		567.2911940889868
661.2069749467868		870.9252431920497
335.9198376210287		79.54617063104882
453.62569904361277		576.025195195587
794.8403739371589		410.1620410507793
751.5891851797655		749.7143012495453
349.74545264473977		655.363965284982
122.15719941110888		566.513795634997
957.2514998069465		633.7584148720343
181.0232827729934		805.4915292139142
832.3792603205146		492.3584048354086
619.1245386879694		968.9112122854257
742.9523397962156		969.8103890032643
1588.9735910543816		937.5129953186012
241.4252026536987		997.5410702219451
626.0920445802425		921.4977646603413
215.68152847530877		766.6055781278503
380.8011179161408		95.4117253316482
49.56582885885797		615.2763983487423
107.96763429059325		646.6066250320076
461.28951014258183		162.8970076394528
726.2166016971614		332.2733455361049
7.989090596789254		420.81627710411203
347.05492694378006		547.8424238831669
87.97838064971927		959.5000145028971
742.1099088524434		229.9792873551621
925.178659643328		239.9917249791713
1450.5812241153512		409.87757636540846
118.51802030643404		380.5323218580081
235.76805256193023		483.2123302168411
708.8626118860105		200.80149051840823
126.39897535334501		604.5998282663815
455.3596912120986		417.8836290161451
147.4304642978126		659.6057064612203
852.1301288146251		516.2462286478486
709.3789602632568		574.2950809899047
295.88617975118854		221.84837360558896
867.914344669867		727.8654352199368
609.5534494941357		773.1691660144551
775.4744874943149		992.4918666129738
505.2532522326526		506.35971626349686
1141.7694533792235		131.1519872187464
429.4407792408591		481.4058803825501
79.19852673293894		140.1498095489501
485.1860467641504		347.26920107724857
717.4979223116334		319.8596852697377
804.8274379191823		447.14413008261965
949.6187877621954		48.53157472170966
238.04436058827793		188.46899137952482
590.4409789682493		966.8593778074334
301.5747755422393		731.6500751921997
606.2936953744916		332.55017512369756
336.4597063115436		512.1586662734691
1415.856559675116		596.7404026781577
322.31088025317445		453.52124205659317
1298.7015215701313		548.8057921574637
1042.2176550199974		877.3254728530806
8.214371350430213		177.74922517835313
324.104183038188		826.8539161565745
287.9241080815341		402.39371330278266
1565.3484098839963		222.70504416838594
500.570205527563		231.38338021742732
289.89460486466015		421.41574434032214
261.13257622298306		773.0318415943586
376.3869014675638		303.71394549025536
425.4013269090622		710.0770416714211
1028.3482253905786		922.8671303447752
468.68337029320776		660.3940628014568
641.0940111299092		545.598414262591
844.7976704531204		286.59386476041743
998.6666960174286		771.6112196582426
692.5784284338363		611.5146092324209
509.3618339110737		411.379287101105
899.5443089824541		542.0274978590513
502.4866872526978		581.4509679743005
495.012723603418		558.5916130295691
443.3780129329553		468.1212793354817
784.3177758245922		159.99932849567284
556.4391802382993		426.83812734101974
506.78431622218176		212.11429928907148
148.60992985981534		441.35261436813937
425.943277303889		851.2247094251711
210.03846645927752		227.04648733772405
751.8038877476748		275.28801417250986
511.2462338000694		904.9910666234427
352.18922273783886		166.05196446132067
176.1438224120605		287.452252908083
347.9929656840651		185.16476581244098
428.1787946384578		592.2029148873128
464.2487564868343		408.08676770033003
654.3247801278311		378.20890666378193
434.21760468290995		125.61343524920085
660.4443365786639		689.4510996439559
1001.0090032484944		265.0546761995343
356.98695878143405		330.98033614550457
799.7517992223202		77.15435047394976
271.6160416126793		243.61518077007298
303.65039990742406		847.6378998686124
568.1722231115955		279.70179863831606
578.709930218426		558.83880183417
733.2842036712364		806.6430892957451
633.5585588275569		870.0653417757499
511.841806216888		907.6619768428448
380.5013151108052		989.0446056810599
671.0771236433538		602.3861850119933
146.2405468460857		944.2816721920888
321.4413101523934		792.6731912824048
503.2254807393811		430.56088426577514
450.2583234850961		774.1297004928408
493.95427166933206		408.314693021624
711.8496644397449		431.4892311278351
167.52785634664934		591.6106522410752
347.43252924786816		281.00449581633575
240.9999601984759		591.3659462484198
594.7267992718339		480.80958605991964
164.0894430234838		139.7511355386277
926.4755948672323		286.929793498472
149.33201829275566		810.57433086307
180.642128940571		557.45660230399
453.31839075778737		698.3415386362159
551.7493249607344		83.29161502352844
588.7218120573003		825.9938144264808
633.4624806378698		469.77756026904666
753.1613359281412		573.3969950384615
510.75998001990746		258.045449785562
359.11918635772673		596.103817549792
937.4578279506467		331.39572106699416
789.5759521195075		888.7444850977436
347.97152639229694		302.8325693712975
346.62060844425366		461.34927954034947
810.4339658477727		206.3961356811107
921.007031497143		283.59648052021765
509.5698532180891		336.5599216615268
713.5054935260973		665.5764366649537
346.8940633484981		740.6611194152053
305.82180871153525		420.2700436605115
8.143549344662063		686.8901678456338
204.609301573344		438.73951545804886
601.3194139999758		771.5814329447694
764.4061072525437		581.2099248977325
468.07348424577225		98.37245291856948
289.05465627334723		985.0377395482722
527.0969064569562		926.3808613533779
200.34055541627913		302.8544755865973
329.02519594813464		663.4285961974891
940.34840024651		819.5410233482335
326.90956753819376		148.86224994201666
132.52648562786027		335.35195293822954
674.4726450717517		722.0781170187306
36.43825855963303		710.4256525647708
