213.20256015309417		346.637082739507
276.32873151692206		313.57141344337487
458.3537693987056		327.69013087941994
466.0359571879317		410.546460058742
265.37950077454025		203.43410398578587
365.51222195882264		381.4900181865036
508.7688041960222		430.05448736844477
271.7186515698645		494.85918458699956
316.98757239064656		427.4184062768987
480.79888203532477		406.58690765970323
254.3259849183834		286.65269526824403
336.8755216526815		458.5918481127378
298.05817586274594		241.81568211057848
308.0351725079816		388.21064834248983
300.5482251121246		499.46991830655617
329.19478952636246		490.248735018331
469.3414898366958		336.73744526458603
517.689908939937		410.3709959555423
318.81349809672327		193.13849214962127
403.27171639746666		350.4208406639783
237.62127635574706		448.3929316268296
460.1592739337008		491.03306791840123
327.6149654471594		531.2703881052017
320.6428657547764		382.81970080993887
342.76241079834983		500.4602921655765
470.314494306128		436.40210949140965
427.9227718155771		323.42280242131517
489.51259436019666		451.59287729973573
243.71940464303628		310.5678474384677
334.88640995147097		336.1349513500801
201.19907688250694		485.72344040532624
473.1973078763718		464.27359163239817
294.58995572806344		233.91016184806983
223.2541413884838		367.3591620711641
439.46495240309434		481.57326131025934
432.34466191911633		369.1355654450577
489.5935072832214		406.41804810074734
508.1486599814137		459.79491149857245
489.23260047612007		444.3895378821714
414.2072605321283		339.469023608185
340.39729349463886		315.28492779889064
383.66146554347625		316.2029896695315
469.0971027650922		338.9415709365244
215.99905999988223		428.7190295405987
478.43028960902706		398.35621353625294
263.5235288866331		295.9413372194886
337.68418696391365		272.0975454488067
257.4071852314189		297.2162296716615
288.52672843181733		502.3179755280114
462.9617154133073		315.2647248581011
469.50617088670174		421.9276693160744
195.9627077853846		438.3070038507436
325.7278315844304		441.03436049403786
411.5280474626223		334.61989279540677
326.02749789336576		466.79953980738946
232.59523263593604		298.99522643240084
288.7464338858371		252.37624403987826
303.77903753401824		456.0298374458944
491.6908222036806		409.3965446841883
447.76663133643615		345.41451513074895
475.8078252101479		415.59170660888424
221.33572183941735		414.54280906101883
471.9587750676063		406.9012915546468
228.1748141375784		386.90594521540606
332.3021430849195		334.08019524381376
222.31096108793696		427.4820453744666
495.7084803930112		429.3739807425828
359.17291288072676		422.23543142808256
493.98177277552		425.1196966543665
236.4469794727773		272.27127500875326
443.61854570816143		362.461888406769
228.04977752032903		388.03832635476726
457.7393334731667		383.33399739104345
232.41326947090334		427.4828704782516
309.4211743602047		292.03458462658284
335.2284697037712		326.5982748791109
402.098946891143		369.4753873129015
408.9106170563427		352.0556009065684
506.92433485634587		406.0868737966842
389.2829539858777		324.35293858508203
292.24236488888425		271.6117957445549
479.3268484292827		372.41763547013807
462.8323764203076		487.6280587469682
331.1412334166924		195.59547519094343
501.96018030412864		422.81590044681207
336.7442350142847		468.26920925791353
242.83841698018105		332.0836150541045
349.4769188263562		306.8563415234793
228.7728895140328		295.6039267610971
291.8157863344023		515.0849493681326
250.86768028643021		436.4293651796713
279.0630127193299		224.9443212937064
493.16558231232585		442.5627056545099
271.07521291844563		203.42384453229715
494.4254680207204		397.34140422762783
347.0177725160616		425.2346573467996
277.81071914297905		492.75704732929364
394.7766772064515		331.7532599131575
447.397162153687		303.0928070208914
297.49548873269316		497.1902102436031
481.4455893178179		429.6585735873006
337.4577492227387		375.2925365753081
399.5384399936452		371.0580093776672
250.17009540317719		373.0150715266508
469.33188729789833		311.26163028149716
243.3214466927679		269.6149378329332
505.32902726918525		413.18054574127837
468.52958178617683		325.30585071728467
337.82529100838053		448.751810210763
472.2239705924059		320.5227923951657
459.42703460180843		444.1167652161558
498.98521283849976		431.54748275397185
494.8196896932154		378.8622788636909
362.31277116327504		317.6393191848559
486.02200611031265		409.81756545289824
287.4975902415102		244.187261332312
483.46453165883867		434.4274452278871
467.989416416261		511.6194072759683
473.984189550844		293.6983622401976
460.735716283862		498.81622711950337
285.6612936245422		514.2617044068278
221.91319729565743		437.69807220320604
449.8136642768278		301.8144428807451
448.8401221495189		466.27723624082677
257.0473971351802		369.89141714791486
513.387079233918		383.76474010290485
455.63247845228295		338.88026909992703
467.6180873940475		485.3197485659504
304.4274585186179		514.9557594465809
376.12736608877884		478.14433209991086
251.59793014415362		295.88075142060177
433.02104770125777		346.6649471591126
487.6120458020948		385.2819423316695
227.99866193856482		390.83627360211904
484.7224663944272		428.2190382107586
267.7878971478524		346.8792889268135
261.5721153095976		493.2439318500933
366.9927902021492		482.409243064807
331.53097102641476		413.7503345041458
356.67599174904086		401.4325111784181
426.48874362898437		307.164273295823
339.27163880125886		389.82092862634744
324.06099620051145		405.18601442542143
360.2403926133468		300.16389987397963
437.5426232956586		294.76202329332443
266.58647699654074		306.84315884980117
440.8551159804669		409.26770833829113
261.8312650751356		295.8409140848816
283.80357663065695		184.39153103522594
480.0493046241241		449.9933597151385
342.63369647868683		423.9352850262599
352.98764926858513		422.80905531179
323.8454929565235		245.66711143661718
247.94987959358812		390.71220872371566
269.39169327427965		319.84158118165396
435.1633611434498		359.8616064618095
275.5843696910181		275.50270629178556
245.23387175757435		347.5849904841586
479.1573544085866		436.1351639050551
472.8403078437207		504.7184851869534
291.24376588799186		235.52588524361715
247.8567537521731		310.57758916435546
447.92210358454054		320.3896880602331
270.4614935930878		324.99508670153193
335.989889550767		489.7452374054128
465.3488066084786		412.7315018432174
336.4687840199675		517.0013510384083
340.066542772302		515.1712447059052
345.51408603981076		332.61822142416395
256.3089435773154		340.37349791611814
263.9085913955851		295.72561268750974
447.8078488584963		305.8541480488232
335.47042288991133		252.01059338426796
352.4784753676129		419.98861324930874
462.2471754848991		347.7838326168842
405.37118221947287		345.8955275209539
472.86659124854685		518.135039942906
289.36295055442764		263.986046640766
493.8642203006732		396.10388721789553
344.13242961136126		280.762662355526
411.20247650240333		319.58203949954225
257.1284442523178		229.86322632242067
218.93119869889458		382.5080931061855
485.8102862276331		385.9003022368026
495.63483931438185		436.53987452048
444.742853617502		315.83532212557
501.0345977323024		469.28783977916385
307.3679867778162		244.67291873546205
335.080751733703		412.31295807260113
255.28799124346938		354.29042369424565
433.47062939995		324.84221774172255
366.7442898672661		297.58374920673816
318.68677297254754		485.4658550854247
329.0808478464119		411.72954250726275
307.09264766019675		307.52058812927095
333.9875890802797		399.5926552891063
293.8902472168026		219.9403487738556
492.35758960247904		398.935633212068
350.6723113402563		299.5339807712007
413.6103987526671		341.4955437109239
241.99345675629388		309.6030008592136
249.84809137503976		372.96597369134713
456.5386867679702		500.70054233211664
254.37475590545935		308.15135207293594
514.1955054538425		421.81250452375775
233.92039243085185		321.9910821924823
338.32132196376926		471.2615886350078
464.3315288259969		421.1785784292132
224.58059520602495		398.4882580337809
281.34779011283695		362.1016946824093
302.1008862555148		234.70873608625786
304.19229584923437		486.86338434433355
482.58327262618883		371.75624565278787
449.14264055720463		433.48490287814656
460.12541884629104		487.479733236646
459.8043596057823		513.5531033627167
332.71986228262665		316.0711571683601
212.75035855295695		427.71729987676423
236.3863710798128		332.45386945532897
242.29160079823302		408.6235042413385
263.7894337942572		363.4225146355027
214.61049699774122		442.3380090131595
260.4268081741791		370.5427292803114
228.62320362718538		342.78318823858126
459.18022204872597		526.7788981508083
249.81068897766636		268.12716572269807
287.9247029772779		482.01740479580127
246.55742038352147		362.9900542958235
305.84415178411956		482.4257605446753
322.98139617156767		405.98637988907524
330.4550064181107		232.22907267868845
245.19469939267083		395.56436305790004
264.61853392176675		294.98642833493983
276.434779394727		217.42138509538623
224.52449888014604		373.80211825839285
251.58366565601577		294.456393910034
496.5427780138285		416.9899715227079
485.2395313608785		419.3786624975296
225.16725418998874		314.31641256993146
322.1008983839398		480.90599666527345
262.4306033756884		303.3724529328326
313.1615474419333		215.76799875445258
461.32057114334265		411.33994805046694
332.5167128362201		270.5872557303968
409.9768950670543		338.27988938830464
424.6046652695088		370.34673188336313
467.7627576667109		469.211812366202
466.8683722307673		476.4015539411347
319.09766653421843		231.57678633422873
258.79815863462113		218.05285369108705
270.2366645084228		205.36483835806612
409.33322996430246		336.38798361000886
438.13314666022666		304.3988698642423
407.67429647293613		337.60642557700436
294.6312637911043		230.11082236554594
467.72040469049966		418.7578769204897
313.80794552451033		215.5757314124493
221.12453158015472		426.48053273397613
458.11423830093736		428.48218502820686
340.3295104178687		377.00004882252387
262.7053681757061		312.56336855186703
339.8623907614225		398.4991379713662
295.34678621042775		500.6782425549051
489.99329502589234		501.64949416067765
251.11996628066404		316.7333708442456
316.1559858417448		284.2158363859067
168.12401899860865		434.2829884222039
207.161961484671		333.5419090801966
336.6540739240039		259.83229610357637
414.2494196626825		344.4294426788147
330.43533541351496		228.13232626324083
241.63436747383565		274.35931226839716
445.84801397858956		478.51067015646237
245.7531648742178		367.7795195446918
223.45743542702502		449.33960527926496
264.76161385678614		316.9117183679468
488.2955957714589		459.45114236145224
337.348685523645		431.1502980326285
454.0847933076368		432.0860131002541
503.84122700725476		428.56991019187774
483.68442835890284		426.99653939338623
427.94931455491053		324.2059807515943
308.4313033774389		202.79133748502477
480.50347599338227		431.57312146012833
332.56742933179095		400.57471217175424
273.95006839151995		315.26894643190184
468.7187769514182		430.19522765861154
337.03893206076043		473.3586394279363
288.9803262194371		329.5289922934433
450.4635288747891		423.63192043306196
450.78513243279923		447.8978196627587
353.09402415331743		305.945337726658
471.2383792061121		483.41736992059043
315.38324349152276		438.3643487928972
196.75267046885273		353.0702445812914
231.63117668872925		340.6401617142313
328.6384776642409		430.29810387636695
249.95744836990193		436.9621093253956
297.99775254857497		489.07110502997693
250.4904215608324		225.0815982489852
266.7619242629641		223.41398746893336
256.77740472001875		304.30329521496725
328.9472296708356		180.1957567882854
493.59893106736405		485.1579809158922
250.62520177701302		312.761763540915
212.87497061934013		423.7091658844613
246.82519073505577		413.6162121317152
378.5715096293834		294.83552493867245
457.0324203284829		349.2906539409634
220.80882504732696		412.12700813259823
457.88661457705564		325.24493655944667
235.1263007831328		369.9739408767936
488.16666841766266		501.5922053799844
287.954380871434		262.76559287528886
501.6847813728348		418.26959966796215
473.3959266658517		488.9113626059853
336.5731410527182		521.0357756575479
499.08314356516155		414.0311821414237
224.4575866549592		436.2036549024961
331.38258037061337		330.3711735260227
228.0494315744358		402.65977301932844
461.0879944784112		434.9455343992654
235.90012279805978		394.01744585545293
250.60702311153142		274.1041415859671
469.56530302855896		433.3962053628452
370.19797955312526		300.66437298596355
374.86109129941053		303.5775346397263
309.12227144915926		475.9219200314232
235.4454609517323		384.28362712878976
455.20659508938235		303.3005227279211
519.0317160380865		470.3483216166825
250.70223571315688		381.26677062045235
473.12417408572634		465.5442527356431
246.46710319981395		277.495251866565
257.9869016513115		265.90965363709324
344.8048750443791		415.2606764097584
248.63098450839033		303.9563231292451
248.5661447995669		278.216915982174
328.425700788461		477.2430221626655
251.53743895182103		351.9060816461416
480.1470420289012		437.9220333969911
290.8589106622891		492.8757808109601
257.56266360985114		339.71630193870305
264.6259914657062		391.2119796777422
281.43588656559797		324.97875261164023
391.62365864166844		357.9279189199031
320.6148479527482		485.9841503013001
245.91252142106669		216.94731444008426
329.99696951110707		292.47021517226835
412.8574507723926		352.20562560158464
354.7004029869291		308.4986076262682
405.58074903726884		316.29561912246385
278.43291610048686		317.88644151646787
381.06205033086553		341.25424181763185
435.8070244093286		341.137478075546
257.48679546219137		368.04209159094813
320.85961409173024		231.35070230961804
366.4778396109185		413.50724812217044
337.4619175426113		424.96452253941175
337.6715885881283		409.01888173538265
466.65141071758836		417.09666174110305
525.9010725978347		399.2857935338218
283.8724155658339		308.765681507205
402.3161687725117		317.3904192188675
233.0719973262022		389.41473416801847
344.1648938652015		284.09794438913036
298.4337253830962		236.22452442878662
521.3010815850135		444.7726994782447
295.2062152503381		501.8246547120138
457.2630310839467		411.86767284417374
359.0115915118188		286.9366011194469
346.21662023260603		284.13898689614655
282.82266636195004		196.24797951840185
413.86744018092475		346.0796362202517
470.46649638008296		416.79388265127204
208.80380151085026		463.78276692815956
326.23673913129204		492.8971759171791
464.33477514048263		459.6690329337312
466.8341405629425		316.1373019311448
237.14326068384167		311.902935179005
291.9036122019367		257.2252598462237
465.1189658683426		317.64212344819117
349.01438520914905		397.51381493561837
378.68542886867914		314.88521379904677
240.92454718801673		311.20471566737746
267.98733470863874		310.6808358039344
272.87558915145866		271.4156731200882
270.63159863050566		396.6104431313994
449.54014211295424		372.1828786069334
423.08425370510736		366.84032021378664
237.8665151817837		295.2991948971126
217.63899577377322		397.932547543637
485.8561543190574		476.9883739962051
459.9447167492042		458.9485233826592
240.63413179539302		319.0806070506448
350.1649330511858		428.4357078933504
217.07211074220461		444.60588359125916
237.69269798857576		268.96000323342827
420.72749362988225		324.15286026379255
497.85358102093767		420.3743209684774
322.817650511462		485.53890505530785
436.9996650304295		359.1002544939333
250.8363124723774		354.3944481388431
306.99713835626767		518.3649475104133
324.1740492520659		478.6071371758178
433.2468643374816		343.21955279688257
482.22308369579144		415.6269045657717
314.140271042064		210.89726818229514
337.7444333440403		387.2038951450214
376.6860699489167		379.248163730113
330.57852472392153		432.9680825533996
215.3263567149553		358.1941131608173
472.50067995756115		305.15789848920826
471.77676487232975		444.5025800613154
515.0172116584409		439.77838149962275
346.62919566522027		307.83252050772006
514.9548270108833		451.21006489192854
218.7708801194831		448.57843930569794
256.39686926017697		364.4986695319848
342.95156331536066		335.4368578752769
221.15520975288456		404.89446575935625
241.0131135509307		439.2277720151022
321.3218808756762		286.7091208132189
464.9838833417374		425.04599092026183
439.87567135534096		342.72213613171454
270.5823872503276		261.8114279247178
456.4687034061879		314.03132619234424
316.57415980810725		244.57040879640155
236.7293082332537		269.93437977084795
216.4669303226154		300.5694674948306
260.1588558325002		417.52061117455116
246.3492231065917		281.29388559074334
469.5180185867638		355.6920472830898
266.343683985625		310.1452722713383
270.75846883635086		199.1307657766463
461.30588577596575		338.0789970778777
248.36212387075216		370.60273407154136
352.70073566003725		468.53976133149763
279.7118188410539		213.56303472073273
231.15149053352508		450.1735754986539
288.58568539195454		222.65395295909184
421.3979162169635		338.052353803357
248.12544704344253		345.43884968018455
349.49951041889284		261.0835690978969
469.797197384121		436.08443752615136
465.1145029014738		456.589261053925
506.8832792675994		426.9130816673641
354.76417222137184		291.36328359260744
341.5113846033841		507.0132007857664
517.3750999624168		452.3751226063056
467.469444027137		339.6279236165515
225.5682536402412		311.4196204990146
211.1189922130695		410.99250395524916
288.0205420101088		245.40713164892378
459.3933417488458		421.6573011027244
334.2195464107537		394.94410125553793
257.59645500483606		312.79635320408914
487.9044268804787		469.0832610109439
278.14608102986307		320.4317697108748
332.3408097327682		414.08473552534196
462.3671856834007		382.6033988043046
282.4780243612621		211.66890648034015
288.05397366115517		306.78344064342747
352.9422430967086		277.4698830377001
225.71179636151703		389.3786586908483
263.8831397671315		331.1143635533602
243.190049905074		330.4012838298488
245.20417798998963		277.1005694698507
241.37152242899307		383.77989224570496
455.0991378737024		433.09532562406
471.9560310344438		452.3461575964733
194.04365918512565		365.7536319073524
257.68462491481176		396.4692324315358
318.862994885245		229.60156634826694
505.9587011527268		400.1749773815786
332.58581685797617		437.34102377515177
348.0020212943897		298.1518100579229
462.02528139887204		310.407816756094
236.20421818998403		288.9562030706541
280.4049654099493		254.78416068539468
286.6554743383146		290.6117405858934
471.4596495896962		333.31946560072294
362.23473455196336		313.96555751670144
440.6676220558202		331.46008235577875
467.46841702280364		433.97786809923156
345.4014409669464		326.52975179343787
261.2528801433546		203.76360636002917
256.8126295201401		369.1684623545239
350.7262241559887		408.8411259000219
280.7343337233186		195.9904388139048
223.37760035827665		384.9104316494089
349.5253649059562		497.997243545459
292.47317011879		233.41415638808533
214.13520647618748		313.226770788575
235.01995122854876		436.5762002935452
332.54339386550726		436.5059924233545
298.35154545534107		221.38754290927503
271.8569910386361		213.95675557655764
224.87741579318322		371.29508241750756
493.3778401873269		468.290973747491
281.1043325140944		307.64993263097153
267.26411476253554		337.50466995735377
274.33288169655566		328.96681906353865
496.9903676664077		368.7816277526533
443.3121304917261		324.20017429096373
318.00681942601074		188.08971096554623
277.8610491714728		344.6818306139298
281.9218740413888		398.92573960109513
291.20955993371814		221.36117839609736
393.7859783879533		320.39571676234317
333.8928365908551		423.58674515466504
323.96120852042174		436.8345380952229
292.5341443934564		223.19695534229638
366.1502484770934		286.5175497752581
472.40161090279776		473.9181599378002
322.22931350383686		498.55947274142613
225.16233927320846		323.27338280095034
240.23366203863662		343.0204344351064
367.62822474860087		221.07106235699825
243.88383141119448		346.3740198059796
238.27518948654196		356.71280875802245
291.5753998770266		219.61529901275097
471.9767563229237		297.6458191897234
348.6098091896711		392.2787242668815
251.50333526527353		328.1353839766052
222.97823854017452		386.34113636069037
314.7503723661462		257.47050884283914
199.3972165327802		444.43446831297615
466.73521541565515		487.47140981807416
476.766566863579		462.8891205052225
259.013461393487		293.8383469249502
505.5638374787094		420.0248164262188
266.666125881632		478.5077930796809
486.7784970122098		393.20201349549615
470.54157599743553		476.33990138460575
363.82212133932063		325.6493214195532
279.1966805571793		290.74124191716794
294.08669059826605		210.2562059197833
197.95637825436003		266.6099966153667
276.9013666340624		264.59072893599597
254.9229619045129		414.24768352585215
454.3213633950842		424.59018443682294
452.81875360671654		461.4457173819635
293.8872917063868		219.72695147388714
302.3285093947289		517.0461812732428
483.32341263253727		470.88937640400354
371.07227538770127		402.31207377039414
348.7547236420251		310.4278300430276
513.7765150211159		482.8167025358799
490.9000683614084		325.88500949555635
463.9351656315059		305.22053189977436
307.2782229931824		229.06601273171648
325.01819562477897		423.39999837743693
265.5302647133104		326.43691398975506
440.2475830749213		347.6018445681427
246.80551128218772		295.65149708232053
326.0106740930114		518.0576555213042
290.6524017977066		312.65791417497815
263.6119327710349		235.73150463474354
282.31525696428145		198.33721100657428
294.0815396391959		219.4908146664832
220.09789964982602		424.23232542808444
484.8137960259992		473.7244750637424
500.8642720484306		495.27230265521547
480.2181370546844		452.5582259025271
358.68515505521583		428.8614463432114
484.29568213594257		480.4683084819806
520.6970073747298		417.9242571318176
302.38423062046854		241.4210101283564
300.75564080181994		231.25255669111007
222.23146715566537		334.9604779244904
474.20239511695934		389.98125907373907
458.2073377546569		340.06530307310766
257.818865549341		455.7388751036134
296.6241753802209		246.7539839477733
257.2481566371411		290.2384584207011
373.44734746561716		525.6376916771735
519.055302441577		426.1471165183394
471.37671531133975		526.3262880523531
204.99715662121588		449.1217677399777
276.92521789582304		327.86504943797576
462.96071080259645		355.3921861515666
337.4531600128527		287.1520880206443
246.2996256629951		243.6696683629911
223.0907994867222		390.3322668677285
221.1494154257327		356.28715764867945
277.43915517226594		301.6711877158958
317.6156878705328		206.93558966428716
235.4933105400076		420.21962843235735
458.66584980970356		305.995572580936
341.67160075395697		311.738996951925
201.8614798408619		442.1648494370616
468.1754545798551		472.78745108759296
305.256780429784		493.6857015886313
477.0863229472583		414.14783594452274
269.9394323814307		280.14346515039153
438.0644700842841		310.2264542719931
450.6082428047502		324.7199997686907
257.51454445732685		182.83639931922085
325.7123428302699		294.6381591876707
471.88656295953206		380.5613210980425
289.5735400876011		235.98503513343942
329.5140332770243		403.7463168709487
268.76435220179957		238.665925120396
281.10855989994815		241.50574815934993
335.3987504932379		231.61610052790712
476.53282148403855		422.5735955900464
283.8984053939559		205.86174617467526
278.04058680242673		292.7830651616126
234.59288759046586		399.8317960334646
477.63937871506783		433.499478100332
236.4392083227177		398.08132161194777
237.90273421847343		264.80622319397503
339.4875716198066		320.9673798193788
423.15274999064513		354.2317672572667
273.4157692952601		228.69377791527265
256.24245638296514		333.19727148976153
408.07931074374073		367.5428615712745
335.82990091005814		278.85038851430267
403.7525952654021		351.59523882857826
222.97862515230062		429.60841203179365
432.6508248499221		349.1354051123578
355.505993691285		283.0933575890534
289.3991389894791		224.36843485725038
327.68929868830674		269.8442232028192
295.3340147578283		488.2718263040367
353.3853337644007		438.6493231861984
294.11838359853823		267.06238229788386
491.3741178162287		406.2824413556019
476.3764127630993		339.88662960202004
204.4600549715981		306.4745564940918
497.54122527667107		447.6615376938034
314.8561545467447		285.5445129098845
207.79268647772764		311.9219768860042
312.6284539089341		230.23867921582934
327.50374139326226		399.26754874623896
366.95081931959646		277.2581599815528
442.7069871073751		442.53708101529054
305.0540720217977		479.23239140671024
298.4145683072718		234.1664832037619
486.1996543427504		421.2891246024522
486.5568487698257		296.4466811023251
494.14410720422		424.3897398576923
230.3451031431031		438.8604273993155
328.65934540560085		495.17190125878494
255.42365062262223		211.36626037012311
536.2999915926396		427.27757608193895
492.6633527624339		447.1135359726596
499.9949199114947		430.67454988840916
316.32363704587004		481.6637531265758
225.6771093270567		451.72327324159585
254.6847545354348		181.22498731806934
250.611590473207		305.5161636643374
315.9277540543643		220.08892549975897
204.49076862955698		407.3293195843988
263.04624607295943		218.20393659970713
209.17879319256764		379.9704268499602
270.5744702670939		319.593429829343
445.4723939383653		325.76205987198284
286.52508170251923		321.39362169234926
409.1435250630561		344.1262563986291
324.7797751884617		415.1144715367337
241.8839054883162		442.28845265866556
482.2733605882697		328.56437802629557
353.91954924847136		381.7742420511715
257.72439607430243		293.3503608065834
413.7252688248317		308.44487875034145
504.77278890818644		431.99713265137984
458.5362159810648		340.8463490396718
303.6410567516283		229.34772813227664
329.27932769783814		292.5560255279803
320.7407044112767		491.62902496241674
383.69632073691463		320.76180535584996
488.41517992241415		353.20100605462335
422.51864474060426		345.0902160145662
477.9956132710747		415.6812549771929
363.8407018234588		317.5938601663052
228.95263579804015		419.9160100237199
501.41051007704095		429.4864608352527
257.11237326502965		348.536055862607
319.65741888330086		207.00148258742064
454.18841423637303		330.4123938245016
295.6792912520401		446.7130981051876
214.98583252904356		272.67638413071694
477.33231202241916		465.0820222249829
243.1009799785767		329.0078982117786
292.07822715587116		187.61331051248146
334.4193921378942		323.17250171592843
349.1766423745103		316.4342773579023
234.42083919113165		373.2294728943715
223.73105232306912		391.77435875602043
457.4990994627193		412.88717139840276
448.5468289265096		325.9163540101983
446.7316251018285		310.0175369267345
416.8232354454069		338.00326918935014
419.25330565632567		300.67290953194896
483.46129396710165		469.86559399348766
467.9706499113102		516.6042028171829
224.5973623866441		401.883215950411
359.13725262511485		316.61483243140026
351.1117251416171		432.6567285273262
310.6644854498846		224.6767776626552
220.5454565565425		404.3898937663952
481.9492282678042		428.05099807243386
275.0930977553802		308.1451488360754
328.50241646423905		456.62423685848796
432.33453682461953		315.1699455017164
484.9466707825035		483.8469720676023
474.20095023257056		453.3283143273141
390.5532970595847		339.5881888170254
362.3383151969023		489.5453535844958
496.40134220605603		425.6425830711345
295.31644147282447		197.8772815449399
295.22961151466495		205.18635254085913
254.87119175903635		270.57777604323746
222.1284251300662		290.43761526242855
201.0171945100038		310.3818955566279
213.03175726375883		388.6340541221772
248.72344391653002		279.6391050011197
439.90193775689374		310.72743822381926
334.8398997011554		222.0533203145673
356.6884626261913		424.93900075555507
216.60874037035668		384.2108919132733
335.9383359192117		218.43524335635013
486.0252023024556		440.3925214063725
277.47330690210424		229.15119023702792
376.54005351776783		323.7727034095337
220.3483564705086		418.4588628243019
248.81319526326251		381.7744387405361
331.9638646617218		477.69306327159046
306.0303621742617		524.5418545238663
238.20031491521402		281.8575150128307
253.47679345443768		291.99905801717375
226.92308428519914		441.98282854381614
379.2372224896103		288.8272967884494
326.6035410723958		234.1050950052091
492.66918304412127		461.35407601383685
290.80982925587574		443.58418092708996
472.33579983693596		429.99377982815935
272.9715151257031		198.16684430276896
503.8668931625063		472.2917535792847
274.1126925534626		212.19708182396394
352.46656659385775		412.71494153975954
291.1617497689392		334.5631827864276
224.73554661459045		323.51446733540894
238.6353298505772		228.08803000089813
338.45994835954383		425.21839901032513
266.9283345887454		290.52882598925675
250.6639851184197		340.82625836975444
485.31919143274166		444.0619249590145
321.69588215258005		243.56204970526682
478.2999536984647		285.60292327975793
250.49496756311223		388.18125258962414
255.86339218386547		426.5884514425767
480.7809671477345		447.8416032747124
276.32387262851523		311.48195806523427
311.55147533691934		238.75955745025317
352.00080796576003		315.3192967250053
246.45867888233664		246.95530803105686
287.2131226346555		481.0013574712636
357.7872962567194		310.8788769039662
328.8476685103073		450.5288691985312
491.4265752884582		420.8841691984468
343.5332916801438		313.52151055583676
281.89002721584797		185.72567456065136
459.1765558845227		488.0955932062042
440.83022014011897		380.3087213329389
442.1973789241693		338.1900242201692
461.8408216767215		323.0600954078734
461.41907484384444		500.31003862394317
435.8861513792497		313.2020781915484
367.2825869453698		457.91678839308946
466.10119578572386		489.52241146591376
357.46428074969407		296.0224769736694
218.9768331200111		439.8394585684556
448.9894116715741		444.4967884509797
285.26786460886444		481.8916902503934
306.21419495953916		219.2604915791157
431.3489196503423		337.69203497905215
475.9591883049062		459.47715876867983
431.76253584740823		362.86951021318805
325.36631758566006		255.87850155291414
247.88809361878333		435.1772255557541
443.6754302796373		479.33195582641855
454.8186538425495		368.4427512189819
267.7188853925883		352.48639077350816
330.6600750385995		235.63563179740723
332.1158356904365		492.05433673453956
482.867612319494		347.9904584167579
290.1031978406512		201.36813893680778
194.6887816269063		438.15505596057244
239.69792765217719		322.6111875913088
277.8061375603383		267.83455078398345
277.22131690821743		497.4326328455907
264.0347317415066		330.4785206123588
309.3164330193363		500.71845309838665
357.6648450884045		432.20574731186156
478.8151539420295		429.48642979611066
455.0544803515383		336.42152817630944
304.60808664250703		219.90012215753566
278.57954643589045		235.93062246787997
355.10922807790826		307.59479412442886
332.2905316709387		293.0156022948394
350.77443559268255		281.72716935577245
250.18256205218486		324.16327246238603
303.4996421804853		243.05844656552452
332.07616530319444		322.2257010381231
460.9684806252234		424.1437055318497
244.17210357999568		412.59247855274504
481.5088021260108		368.7443438929099
329.69617437117944		419.89201209281254
482.1513746078681		323.54978088895945
261.8468656367313		216.29218531603124
185.1836226740705		460.48978336334966
196.83318382575408		397.60781515155486
459.75333070412535		312.48835743872513
467.2273752851749		421.60882666104106
236.23907953800935		309.95073246741083
368.8050871517621		306.14096422997926
484.0165728284144		453.1433274143164
352.72493777521834		432.10424864853377
217.08873514807718		457.4538490439853
417.3040978822588		343.25703761823917
444.6642724510657		346.23872626710136
223.15162961958538		376.9183994273861
241.13823760072682		356.81563287265897
328.62108088509154		487.1258980950941
279.96298095012486		184.59735216434913
224.550545078512		412.7363937444321
431.35334845745774		349.45718674885836
341.64303868332496		229.24798228995547
496.4067853173725		413.9079030442509
349.82391578793994		296.07610059309945
295.9391812279259		213.08968501041574
316.2169201759237		513.0168412043627
475.6956046579315		430.0707062233073
234.59806085401593		446.6452446549361
365.27927985154884		294.3830770626815
298.25348218998784		463.28878890322227
276.0958638654924		308.9738371104113
261.3114970278196		386.33017933483956
417.60922777818956		322.22503113286746
318.9417085597475		503.6153011006828
442.3393448044841		347.6795764554568
497.1439299646236		499.6829310252135
317.24005685171784		484.5176764267618
484.50368188871306		483.6667259760995
339.2136144457867		216.23248656915894
494.2158471522261		427.5799478542329
325.0234805750488		470.81439019004785
217.96858644642472		370.1922345988208
249.02881643452406		222.66770151164974
335.7225354185939		305.08903020113416
256.44742284301157		328.0820780793127
223.816784583065		369.39926524885914
478.5353243172314		314.0718366017408
501.3506814011213		498.44580975262926
274.7648597539611		338.66919130010524
487.5199502490277		432.12568029359636
294.4649938388515		213.12621200343648
453.0265578943676		486.32994002484895
251.76872016494104		284.72249494071605
340.25487763906807		295.9158374999506
319.4651356666756		250.1216794373806
261.37262188215806		288.277792718949
341.30996975040387		513.6924299044409
235.2334249208158		298.02177386136617
485.8034128201201		383.09357455102025
471.93014662125745		355.0851209744954
244.41167450864137		338.3173642754135
323.6155816933696		527.365872479145
454.30794739925534		463.6301549880079
461.49360104298415		480.3065036009417
223.47388814587956		439.58021448780585
479.24808167717646		424.6307471863725
469.25385993842394		415.5378722891594
287.2108198621358		310.05701692351164
455.50771043924016		458.42208715302456
298.05347488189796		446.59912855217016
318.9701037847929		523.1844361704167
483.1910252247505		493.96961488558765
464.262074363684		412.9227903666221
397.4337060443519		335.79280773850917
215.09285669556084		417.4697026212396
382.509741234809		337.4832976177161
275.63234419758487		222.0484402264892
504.4952683481856		463.9919423840394
477.70204778028125		478.68600701784294
208.23466617990692		408.76936593908465
456.2740379895283		440.0329959051216
206.59307816216983		425.2557671184147
237.15122431955675		270.671016934016
282.78978752222304		226.11015602453162
302.1904080975802		239.30372417835787
254.02893956323697		340.00485304314026
231.40126106769915		404.59706838431435
488.666902269497		417.5696930997687
235.20146097946855		450.04510125722214
503.0938684982403		451.1597994147806
424.0362510822965		369.3012967549461
309.3122343148737		325.24604053782537
469.93710298509365		452.1939974852893
530.8125005875561		445.19719659714417
375.7291053741432		303.93285623823766
236.09793103407776		277.02343544429164
334.303365497062		520.7182350423601
481.36044899407517		426.0617147737853
485.98515350278103		420.5031521512901
293.9666643707053		426.7596301426372
368.18157451025104		338.9779598881778
301.5447384256703		215.87779089295054
502.42362872658407		434.4468453404066
235.49819930422663		446.9474068185295
271.9026160145101		210.90257323047587
286.32879835586436		471.894942123765
305.73207783771335		408.0376467372001
300.15260298231414		482.0586229550235
250.67157809962475		318.7073088224645
441.4773020906942		357.6751664436083
295.35477918357697		180.40122266048877
250.34181258901035		245.51807378683682
253.47715586441134		315.1644270773985
301.47558229022223		185.1043147518062
356.7054838391509		445.5236881299237
423.61644592164293		329.1159352587604
370.50599362184147		278.9840552375089
501.69363169848475		409.4690540364606
274.26774831578246		241.75432699915854
448.79543160018596		434.79436235155873
296.19836481869487		225.02973432114416
489.4213493164327		421.4786116344392
462.9940481324683		333.82397406480857
354.06930500604284		296.0839338952724
245.60965599530454		323.47850648773857
319.8196005640008		247.39274873476955
459.80481295420583		450.43170311392737
432.67011804620904		380.3167119500073
327.16615103779816		511.69653380554246
322.0413685704973		201.52481104034837
340.2316744377223		449.70710335459825
290.24622011452476		240.92349104332237
244.60132335795456		320.2134372682796
340.04477410403547		318.3754327176857
500.9225916667113		479.79587722939596
371.0259952937251		354.1888813759412
362.27054936106765		329.49447459949005
243.6158638120262		208.949013372847
258.24651484998753		303.59525589959264
312.86253475855324		311.48527796317535
235.6857802436351		308.0954450796989
460.85064260050723		501.35348073606366
517.2789172210486		455.30669851900495
452.2287028847871		465.0342881660885
322.48186019733424		210.86175956919942
208.4670463885443		372.9197458265186
457.1639837043728		312.2837161773161
309.8243101961857		491.0694054778718
327.55605887745514		253.81348921200373
227.1113862164973		266.8446102842629
268.8562436895707		291.69698485873334
355.3331028021746		423.0110654625889
446.4584493195339		323.5442039152203
320.5213149211198		513.7192396711341
243.80984036755652		316.8045703145587
252.92385328743066		300.6416363016093
454.6428452306535		467.5884479035495
210.41156992448458		361.0011238193868
469.47590673853006		499.80261632655527
504.324832983224		498.75838006478637
466.1583165189739		408.51125672237134
457.25107979344153		404.21466589401746
465.71234439137714		325.50776895957216
341.9136336786525		324.7268571137335
431.4685922780818		372.4142879548074
455.45799880694017		334.4008624708802
319.0086183463576		409.0422232386161
331.4190725986574		449.45288623758444
465.3879848406773		436.6950812365296
469.2368096075762		314.27424214197043
487.08882807432934		501.16531819071844
300.7346128665646		209.06735899639685
470.39162567216937		493.0019815271539
491.241073572763		525.3318970043083
430.23251680632484		344.9392418359464
274.04978757021735		206.97095836522828
287.5505810272006		261.7163212279283
267.48503769814056		310.1305102003298
215.62855553521325		435.5015414665429
322.8730124227795		483.2568287546902
449.8092184110814		408.6914245147474
293.8174369296782		479.66158461010997
282.330515270062		256.17367920862614
479.231506044729		486.96533226866336
253.71649626601408		297.93953646172713
263.289719146407		318.02108372231197
347.86565921792186		249.2358574347109
439.6492025055343		301.4641040612
243.87894250520063		281.5912894280864
357.0266759608131		312.04198610672097
234.9381663838636		299.55244911474017
375.9953978443697		323.9667928010917
334.60823207213735		274.4428053681229
225.48794574937287		419.1737534718086
362.7115431213561		293.2134998645906
529.3112361259614		393.96888220025147
439.0516880764005		349.7879677375306
475.012972521587		420.6696675958573
329.789962108113		391.00492697618625
358.6301612872829		413.26462058495474
337.4089894921119		297.0948772333536
326.0680320658863		398.861838770442
281.028024458322		214.15388274086695
453.2212260077934		307.6373816368447
428.17830337460845		340.8020492301111
263.05059341244385		260.96703526206056
495.20234163246676		412.0272575223421
273.51905517220047		280.4690954389867
467.26702200861797		434.48059205358953
307.2418304088026		229.92604677108707
509.6575676625215		459.49642690080987
285.57040380101193		241.64681915787799
266.7161059044797		218.19043232641334
311.67080727476		231.6640152247352
473.8304912397735		468.303788036224
486.46257533638726		398.8763122006598
476.22016940775524		477.0872303451675
271.6192079935362		216.46098986056865
310.3385082782349		504.85921018750344
228.54810221861936		382.46625775578025
326.1295949933622		416.16485107976365
430.0620630006954		337.20167563423286
507.22037012538806		460.71684978149483
475.34120307764596		496.82421250403877
301.4563429351851		511.5828959632925
329.4214291044186		485.602400892316
477.7206956999294		448.74480485905156
464.66971200137505		294.1988614493329
441.86427660592875		350.2569606466635
435.21105009720895		340.714423720249
484.0420837936027		475.48233299838137
324.1079232381941		260.54974086983736
300.32927150690006		508.03668934547363
299.52425835176444		321.15718759065675
309.75053009953814		218.97093773641646
288.32623647700376		264.07947584707955
251.7954472427196		276.49926410818574
338.97954035627885		287.7294610364427
347.24053440445016		316.4764477499615
449.4020107818406		463.21269666985125
328.17038655916565		526.5045505792671
261.8299126093637		392.41510089930995
257.5374029397924		233.8834791183651
518.584560562449		411.95104502954854
245.78080828254852		271.02895279257075
487.42574657665284		496.21211463278956
486.6972732876086		424.51692095978825
489.45617132625426		339.74473282215143
452.2946376160164		467.5174614419275
478.24538044292746		401.282229386592
234.35983921280715		341.4015107310877
476.12285899688237		418.26675575372553
255.38169511452122		330.3239260285764
443.4329821286685		488.35591802864644
252.8816650361388		382.1616332065408
461.4935350307905		487.5408710383657
251.22193256564375		407.7335293504501
337.1104263426798		232.50856167411007
457.82439840594793		402.61778106956467
447.77664006278667		449.82682183997116
270.85631912163205		235.19909900195677
239.69056580468643		319.8003020355951
321.3594054307819		210.04877141909026
205.901731611061		426.03679178585867
249.3907507253907		312.7048340383333
495.84925308873056		492.934056713084
426.8966130607641		361.29527306661885
225.56295751179437		421.69721534556123
250.83016884924064		369.11397650734284
504.94267624586547		300.6444773607872
319.47806893707605		216.87056657304046
485.22843866227674		425.7427212571071
320.77406758029855		505.52790049229657
306.9489072029763		523.7073033121609
248.56133397487372		416.1624986622992
413.08833733504395		360.6860090959415
491.1999846837526		457.55981672174835
277.73783284009545		495.14484497359877
340.28521376023326		222.89224421246985
517.6388099695539		422.9234432906429
480.2843888035231		440.470244210143
481.214496732644		479.62985934165465
299.81393806925416		255.72474362838744
457.5754518984303		459.4206229965638
363.8968202177583		418.8779015089717
507.9450836656601		438.4481108031225
421.2259337605016		353.4713885198737
270.2978571293282		405.0914928069087
336.8383006965659		396.02572104248895
469.67484741258136		380.1786253229475
273.5681058316797		221.4184159555402
316.5536739652585		215.7628865617336
270.5968243355173		292.82803945059555
280.4919130074811		310.36002178049847
279.16484018186713		212.30325393022434
465.83813108663526		443.15698262040036
306.20979505435497		388.000228736845
476.27928828913264		492.16882844453784
329.58020675072237		432.8557486757535
291.8571355918909		473.94291371016936
350.2981659884377		298.00006835933755
469.6406355791388		421.08792804966464
455.37047257969266		408.4922560166448
407.34410865899355		362.0724453782642
225.7005766924762		454.33855178332624
246.9784708507811		382.9390526140743
216.1485386215423		431.6339341924058
316.3694784219184		402.22661106172086
367.97457490136804		282.06175363156603
486.7795896030785		348.28177670866245
249.59896377768314		266.6250344681876
306.19778721498653		484.1213395102969
361.8785308947046		399.9546037247415
491.07320470258804		380.34219505760984
483.2462941514174		439.84481834139785
512.4996651292432		397.1160129634501
338.92387849117324		460.8891962649313
297.6693756000165		228.6171361140843
445.89931974409205		314.17054529206956
232.66546463857654		418.19858267622624
457.0456546187823		330.51345873376664
239.64535151546914		301.8130532931721
331.25922274698803		395.25255888210523
353.1107309376287		311.6246995417935
215.6297075418029		444.9339511492013
498.6261616543956		451.30439250882887
278.0145986489604		300.4672110457687
311.756430271408		244.66740334508523
296.9235781852595		226.53474087955897
228.94338913859175		371.5298257092365
330.48647156932674		232.6421206589426
282.52259607470563		228.4611991778107
296.36322892463386		290.3120671879025
352.85514655249244		421.10426440438675
239.69244824858075		309.4668401783418
300.4862249754387		309.79636428032296
222.96761085082093		253.08738561628786
428.11398204526336		312.21213294687476
286.58834865632525		221.22736789426617
226.122084796699		406.5084666056267
480.5043063385372		335.5574790905005
484.1433377969248		491.67552322266044
467.49828921682075		477.47326299725415
213.94520747110482		435.0811278222849
265.151161544038		314.2893567860074
307.5965248375141		228.88688699952485
485.7713735380078		326.5562954673583
431.8253114996982		350.3028870751334
334.5062467499725		397.3590992443224
401.60029631600986		367.0846270036021
272.33487657705575		251.4673800444408
222.56049244860392		417.4898959554829
411.8952402373014		360.16450926059696
297.7153791409257		210.02145091668746
343.41928043121493		406.1203669465569
424.27744663645257		282.7282746669329
446.8279952612078		329.36326282009713
205.17659056153803		422.60333841958214
370.1095845582559		321.93782712566565
408.5591958122698		378.3451694914567
292.9772837601585		241.5093783602555
266.71229535157		314.8095888805175
238.97720569869375		427.7636770239952
464.0307428799949		321.65073797184857
445.13844602828607		445.79859313380285
399.96734458482604		355.48340767350487
254.32837410940732		302.644743301394
247.62905067467835		386.1965065840454
316.8302491532421		498.24983220819337
211.46305824559758		461.5339876431667
234.6812830193166		418.4320627625553
307.30730420481456		217.86545411043292
275.0951125626306		324.0927573337867
452.63001970217266		360.30878382492745
211.3013092721731		359.05765792344437
255.263690707729		285.45578376415824
332.01775893368807		297.79673783666686
417.86449870921285		373.5011463005227
322.8255302710277		396.7586291098029
351.96892199325157		426.46210561074184
494.8932952955765		422.71571091204726
311.69672815537		406.86804833430165
253.7280840847785		299.4066546295684
313.4713167480526		247.0545708579465
245.763386607821		416.41679092838825
493.32979152434746		434.7247644302166
230.96782433795298		357.81897810832146
268.4077421613344		230.65891535790385
254.67133439913354		339.30042976217516
329.0568611066354		434.1092416353234
271.39549999635165		234.35217061286957
257.19614096721523		305.5776324157208
332.6464343058832		316.7240236852963
332.4448398603638		227.70164161555996
313.87360207933745		482.9531664589368
460.85309682173255		475.4618410505005
320.3796574042586		438.01792337270035
227.8362697341412		338.15274946583315
270.5493435826281		409.22114325451173
334.14495916714276		451.1066061100752
295.7652948119471		465.99790079160425
485.53175327904063		450.9033108031281
273.3603030464287		205.0198939838735
469.05224800163063		510.78780415083787
361.6060667425447		405.2648981067498
266.2606827895159		299.1697903832224
324.9412266023438		473.51876606419046
246.10555657995667		358.32336072842685
317.83247559033686		204.42129158722332
430.62527180592787		350.397898494465
499.024717340032		412.534611220759
324.42001180369726		249.60819686626755
491.56004655693977		437.2207766174384
289.94396961372433		327.59552610998975
283.33133931166634		331.05564854104244
518.680102593552		466.76963021624806
281.89126582612585		329.6769866423306
299.5330433745438		207.20010602405316
287.2041171691702		259.45326058671026
236.895101998137		450.80760614092355
241.4957542378339		348.93935111062774
474.3080789678294		440.07031051490975
237.84929297293962		408.2329639710248
376.6567697441811		283.950303338401
499.91323780450216		386.63934494141597
418.0839111796315		350.03761770489325
486.8321152836652		487.76752566886
274.9752142086138		443.91489925509075
333.118859876507		228.9149110324034
287.74991864350596		232.38522873027833
350.7327281081964		249.33547040831303
489.6868861927993		401.9791267048807
335.75862416013405		281.6376413595035
264.1628496722509		323.6129982867868
477.1017557607057		450.28213231854306
448.9533376015885		356.9259119258702
268.7659853704037		303.8435158620505
459.1477141053439		457.5744966394521
325.3414995072346		421.1109786044364
450.061078928417		427.3929982024834
243.6911510066094		448.89162169856206
237.01372508573348		422.3361781881652
234.1181511981855		377.5405722125856
310.3679276448367		506.5492437450882
209.16157965746493		379.9087923714933
463.8914106608869		343.01865044600663
292.17386835791285		222.54181100447224
294.1624489906831		213.54611967103423
227.73291311911444		409.268191969064
476.1699853357744		440.6660078253814
268.9010069544596		320.97266887595595
349.9289188811337		322.12935758866945
319.19450504547297		276.41902345802123
295.9229861778488		235.58525266765227
299.07173244608475		210.52637894332162
365.7574204603376		297.31458069144145
268.5426023551417		267.4292500482384
451.1938948715753		316.8267036762301
288.52480677738197		530.7713852058819
430.1596710451526		365.11571012729513
441.45455021449357		351.58131120527764
460.5291158810809		387.7904400596371
267.83528521886865		322.5972297364427
250.39320452187636		286.61778174859637
251.26025452091724		298.723656620622
469.2728462791051		389.408581428142
249.68177850654834		328.5012926393927
489.57265414592024		440.56898245071733
246.0964541770451		327.57001831662615
258.93319284408085		296.19144367017026
426.00584438812905		336.69917881836955
260.01103577575753		220.47906746512834
466.6277254329391		435.97232504661525
442.4875507093693		306.35183823471306
316.66634004435303		503.15141879703083
473.836718075207		441.43809043242925
258.3646206617593		321.5638672428698
452.6919461438994		321.0559003161279
272.958259101565		328.1556481907475
474.65127587245877		459.02105896182525
229.18027535420183		385.83087918775965
510.78997034243105		439.09203783869606
448.0403456437314		334.9268193370257
269.9771817536637		315.04085903116913
229.7441412912546		406.85196865398973
266.583020974068		295.8349573292596
319.8688650406996		275.9641797493659
486.3454365125101		419.20843028227785
475.18490467082574		395.21253568474674
339.498757047711		259.289882911132
231.29246469120164		333.9040566310877
227.36188501762751		439.02018458724945
268.20855404830536		305.14344854197105
482.802116115509		423.41418053653956
224.13417400063167		259.27249384890763
460.204553635693		308.2265259544326
262.659198656718		201.81220699888243
270.54120365985113		225.75840113323554
319.42594497458816		525.8635430401863
262.26167419901884		255.95674318753072
341.5267907849469		487.2038958176763
303.0632348100776		220.1342315530148
501.9770667996419		414.7691210612822
251.08106931277476		409.5383892227834
325.49188616743197		535.095387564573
200.67658521913253		391.69316906371193
266.02710415219985		382.0797105699363
478.4406788888909		415.2144987047848
351.3163914972648		305.4283577000477
462.2663239370682		503.88636729843876
480.57991137033207		422.26796526011935
476.9571651986599		508.86679082172276
438.8008836677745		456.95749473975
309.28676892268226		312.45816017654164
202.54420629320038		430.3686921452173
453.2995808150143		307.1282671578805
329.11854366711674		193.4571287454454
512.1496940622651		420.10554627791123
255.51430229786808		405.4900041143354
312.97250587188216		475.8849842059371
458.97023786601113		455.43222192577144
497.6656814208361		467.539345426847
277.2421426858213		195.20985385095477
309.33791357554713		230.64675225699355
261.3646082946856		313.74121983951426
296.5572521524363		518.1049860360731
252.57531337658668		358.47460872010197
478.1307227567611		413.08068507885
253.1915397617945		310.87793623284165
506.34147546321697		443.59818139214923
335.80851082053977		418.4980267867715
234.7015528816467		425.6476506944863
279.93335271305426		199.96350531945663
285.62948713331184		293.67979155018537
236.7543105952479		275.48028629278343
445.5515430411531		344.6553918494897
426.1638913420849		313.1067876943622
260.07587841544466		431.04154962164114
478.50744020476577		506.36661845101673
267.35207624047666		306.555800765304
253.5862640428149		313.9069191610101
254.97235637124092		295.59279614031624
267.852962732078		306.81237471375937
462.086864824591		337.58644547566263
286.5800014782258		472.18348179911965
331.61399291243555		417.9901700019242
358.1675006572754		280.97737418728593
489.62399877362236		443.9460921295495
494.3068703195352		379.86104038816933
200.276071963206		398.3165866195917
464.7104130725536		425.8230695305034
296.27184463365893		245.1793679926511
473.35078390956556		507.1398261254297
236.65668611282265		444.8995114331598
224.34029578746723		438.86282958986374
469.1731720205618		418.8871688203857
465.7402110426598		350.59694924559534
473.4767478205158		323.86712909610264
247.6756932029739		308.2455388193939
452.49850334186186		472.47081197255426
334.3150337273401		433.1233807605115
481.30674019065674		493.36728148046166
455.00042412879515		493.6274012038607
469.12998470893825		508.22051282434154
282.23734441536476		499.32094500068104
329.7046465952423		281.58319023508807
342.16814940835064		401.1662651556401
293.20278476004734		221.37833334748666
250.91903831000187		434.5185044132781
503.7794186874213		426.1800332670255
260.1013554478963		304.77627942834755
437.4689948116718		520.1255005926338
289.16085009679404		232.77558535960262
423.57475424760486		346.5592888201836
212.8459129461302		426.9474014772172
205.51127185659058		370.857182576844
258.8266243690527		319.0632002713422
349.0913248279012		405.14658948622167
194.15054046531975		416.0980144580231
259.4049894781463		306.59101638222506
231.58485145019193		376.0471198291233
227.81132370178167		420.77800787389106
300.75194667322614		470.25040505751946
292.04721153372515		276.3067150818317
307.31925821509617		197.1641828750737
318.0888394371743		404.8569130451388
220.97077173539122		300.19070976109845
417.71736492214194		359.83217631793804
385.7434484454658		414.0748538396252
257.20649432684655		415.92580176918534
437.6622968371506		396.0484127598544
484.036470926819		398.79469650346425
424.45910448287054		325.2329329970499
261.5454247408426		282.07109574441085
428.2761173894333		471.4904740266776
309.38423313557917		280.26837885887596
307.64412549955944		230.3504417126656
349.06324200566826		285.0716747776356
466.57743479868367		499.71463516370835
403.6550277641284		343.6233852301165
454.06067088321845		424.8107020906861
258.2980982465223		383.71746960973803
301.59800826201416		490.82547249373647
508.3038487122562		447.61285420654013
309.00146056219944		214.94467996606056
215.0697431280557		307.7539463260167
277.89549711586494		493.6734597240534
347.9828387340485		332.53002239389576
489.5787746469662		424.0939027782664
321.25574609934995		410.50692515656687
473.3098322756855		446.63180694236956
206.53600161663712		431.5893774510751
252.7256666719421		272.17123995676843
327.4217910557569		480.6908041525792
502.802807491564		486.5622940814238
335.8221602031799		219.76629653601154
339.1227426181201		299.2396864850126
456.0145138845015		492.92953724334166
514.8716324126683		401.40422134387126
492.27908294127195		447.53253472034777
270.3396406616512		161.73274348558567
290.1369984865754		302.2270334105271
279.4308423647797		487.9109270790674
288.07094850197126		227.1588733616322
366.25874821875846		404.79646902183435
459.53422285542285		441.3773484259158
237.59627711934695		379.81512221638195
402.1472414035358		321.82126075761346
292.5583938590654		205.07493516013415
473.8288738320757		431.06688683884954
467.63954526186933		519.1710278683814
470.48414085370496		503.38655488438866
258.47583419038705		223.29223223287167
458.94198473244165		426.60496714083877
316.9088517927936		442.67202860906383
274.8222739246583		263.30348949881096
225.97071240041743		433.0623615079494
452.43178875066053		284.4741956986869
315.81335499828737		421.48262326921144
428.81440798837366		374.0011390758052
350.28508342334663		414.81050268260776
458.8845104355541		323.9725634674315
320.93765151820116		312.3158104540858
324.88146090767754		474.14001566847963
304.7483631525667		227.10229442047654
243.7973784648905		278.0195833899458
312.7513990886694		191.12888202179624
501.18931525548305		425.3837510301861
237.49909785152528		377.0690487672393
475.93469064557047		323.47670390892625
344.7015342234356		287.54772757870995
320.1007952610565		218.75798835789402
468.64374515584075		460.37792477301406
262.48838485333647		211.0885391635614
302.7693601505854		218.91310129805657
242.58224902699308		440.33883199764307
352.58058044916874		330.0742252770902
265.7589550307248		203.41500430864687
283.32854879259486		201.77814863590712
242.6813455523625		352.7077950985732
491.3590171012157		467.8253958932443
227.642850556797		324.41746439599825
299.3721635139164		476.9487963230125
278.32416405721676		231.88721018523577
360.71513977943084		498.84939321488173
485.07488824071993		476.1540894851974
264.4119635597223		283.3473372593996
313.65501322953855		214.32612054516898
491.826280887556		314.9682612838506
298.9396368719474		204.60491125141542
390.45816851246786		373.75094422968743
478.3331813767969		487.9903451720951
371.7263635427877		293.5232954413652
222.44316979646368		368.66266549066023
221.83152285893607		430.31145256120107
492.6183624976035		413.13229798818367
303.7160061473778		504.03856514645014
316.20612458746837		425.4525290348831
226.34909859548833		439.26559796159364
361.45904588579526		312.24076987762874
346.16224738121684		297.0098620523985
312.63660692780525		412.5246565739702
506.02336473765075		503.1383851713131
253.43834944992508		319.55590461603094
340.1210579449207		199.56332704256369
235.8991585951427		433.86345208969396
422.4314662715405		339.38656990254015
515.8924563483134		413.8784424237732
225.7760247806574		403.25508389764605
234.31465041894398		443.4117496497172
232.81870810481348		449.6022699841579
456.08949842480035		387.5577098182205
252.45040291335076		383.04933010242013
457.0811056929846		493.62346514101404
467.25133009325066		400.1685707389437
257.86965027145527		367.00117499689924
263.3572048723379		316.19279552021567
182.69484575025683		283.55460771324135
330.5428236772603		416.24789486129526
268.0357235339353		374.73946298457724
469.8679259808388		308.2461167876651
471.9636349876764		436.83408787060216
240.392737629396		343.62182772434977
254.56081228469677		299.3419323419761
271.94160140453477		299.3209229460512
458.9840927924638		310.6476228777062
231.5818596239494		424.5566030554226
233.89839795396486		367.7558536264301
490.93673495367995		428.5384944208769
420.5165915938423		345.9420453704721
423.1542723609421		319.7073075115506
228.49864494873663		318.0703541581425
351.19169232590707		273.11170715590686
267.1415650150047		290.39506890024865
253.43741434228184		371.1646688638077
325.07450680496515		466.01515150448324
328.7710379885898		412.24442952530035
360.24889453696244		506.7727305780454
257.559908045179		285.4863220882945
219.20629672589402		365.6143947781727
291.8494300425596		485.5295317522474
246.7695295789006		437.23966967314885
475.48011289403		417.20438853097136
361.02718451135786		254.82381497192765
314.8002522115768		512.4379687167838
289.2755239465708		497.0324135425113
277.5710873308417		205.7545102868461
509.5449806509858		405.98720128864136
326.553827036409		412.3211436487533
320.8606848025486		254.7167617835258
248.26122229818998		376.0756796692889
275.3881889218594		322.8753053287064
294.8526197032721		231.03037331784938
338.1921002542005		425.9823529623139
324.3614729379676		228.3927319150494
231.8362035785433		300.8544990068481
487.02700091698654		446.45320553219136
189.05554158797773		445.7434814018736
286.4610018443056		209.642038975969
287.5450065574831		307.74908246069026
240.65654374857513		312.2864379726019
208.91417728374125		295.57684224923827
502.91220645523487		429.87089167408595
465.12816732801883		351.91484870380907
286.22059340037464		331.2995439343966
248.69746633809186		297.1101350656323
261.4290273331175		216.60046111089258
272.0569137965837		355.1029900099339
456.0657656588358		484.5902256200638
481.76675567587154		262.1156171146736
340.1825579401378		243.90526369339955
323.5176774221033		470.688680436885
351.2930387445213		425.3572858290008
466.1323061460146		476.1418325385464
311.16291367768946		217.26620914998188
343.43189357523914		423.4452082207509
492.42460975424325		480.31940332173303
319.38070161260407		512.2422271606476
432.05974428061415		338.25241117105526
495.08292320592886		429.6806821070187
351.9934753629663		261.1409847406669
350.76728194673666		431.67221971524185
476.51474420122423		398.2045971640715
231.88182744783046		328.30705287281023
213.11783152017875		426.75834630891126
358.4948143440051		332.13848012244557
467.76176662808786		349.64471382172565
505.4531082430586		419.56503206913374
319.37521470866386		387.70947863240536
283.8476242070786		221.18291373838971
506.54459742700533		454.80563209465134
244.2920645223608		395.26347763590655
322.18027283261284		236.9235468875891
302.3709073868699		180.68160162453967
399.84976319666254		357.584533740713
265.38735405436825		237.6218340870952
361.2149630461218		291.5835926090503
332.82405512393194		199.44344874334627
336.0511026155802		279.7329824549058
433.96592032371615		318.35448795405694
428.0994601343148		314.02296590878814
323.5633773529506		413.09230891803276
251.49508750588296		299.67811854860753
227.41159545508245		439.8940431379415
363.8354282924787		291.9444383936669
241.2249097626354		377.15981926776453
230.7859938838669		409.679401551412
313.2975078789846		476.96587368565025
221.19316879270468		380.30477195137416
325.2820999457157		377.2612113029253
504.1697044324211		436.36557125070124
414.7641584875602		332.26111603393935
458.8868243582282		327.66165922631217
435.75637359938145		324.52361767577753
284.57209966022003		207.6164272038103
433.9372987578994		480.2533917750659
510.9129864543389		397.70820122635536
297.1066648492867		410.86273688936717
500.6590404950991		390.4266711801049
205.1276978603465		444.53518724075786
288.42627031340487		188.04844456337457
240.03155409002784		293.42765860902364
491.7791472242184		404.5562699820333
315.84042803370426		434.41541253573365
209.89028489352654		431.3872102468431
432.00359433636976		319.612694688557
352.19000595789714		271.62695823125176
257.5329135044194		427.03715632683935
226.28895884352264		388.88204171618156
336.0497600351412		336.98470421878994
322.3335647652705		295.40445891634045
231.02904856273693		438.8872928464778
474.5282792330069		457.8519463538607
234.82203763722845		311.2714172974686
266.6436093490295		530.6898065691943
347.62980831283136		481.4896974036512
326.2228435227483		225.04830084497297
254.00092432342626		271.6451341458707
414.5021706736836		356.7160955693627
267.6499283568194		170.59342323845158
313.77154030110864		400.95361610549423
304.73845209966936		244.9136362556888
280.28107150104984		503.86076482711957
427.84324774422043		332.24378011136173
421.27563572955415		374.7541779950391
499.7560237356295		396.8702647278287
328.5257644467247		318.32040625016543
284.935028078911		194.93671423448734
202.77318959156665		442.44211033097207
268.57602402687667		222.16316785024338
245.8746804466743		363.4228369966294
324.37931505217887		420.2687714142462
262.35662533784614		325.9377952271563
498.9973900979367		445.6065385042884
458.61177557728365		340.9178315256342
339.06129391432836		420.1997138075792
481.5266104628282		441.40915351420523
485.41277648172047		396.7874449065637
326.86243519556893		405.5400309472465
477.83331948303015		408.9254067855968
306.6579302437154		232.365403090833
300.44420149253517		473.4323634738747
496.7881495315273		478.6438012483286
486.18827981332805		453.1649894123557
237.34761240518867		461.547156062814
193.73586324526542		349.73753907609535
277.75041247750306		484.0932578453592
297.2129227958309		215.79022281913015
249.47421682138565		199.12404197730626
290.51048656942294		219.9096010096978
259.19101674464184		196.97235279668996
356.76903913047585		429.082390483728
462.5945230180076		325.3778020509009
532.1476706867841		426.533548058487
471.3767026492374		489.6465104004123
494.6419111133046		467.4366053082279
261.84366741316614		176.10625149630198
458.1416776888773		416.75425269512954
456.8847752889294		330.57618711024253
334.52412114725183		306.47475593618117
513.1395199206981		431.60709276600795
262.7892670537231		401.88737626195416
233.82465691130653		424.1939359768982
330.85420547680974		519.0580841131625
449.9287456940801		366.6910222800433
271.93966888829056		320.41066298088225
378.0147196018527		440.18930666041746
304.4553862611906		243.09656564885563
266.6229624301466		303.6974526011941
291.10380395357544		224.81348157703485
471.09877734503635		416.83928140996665
357.26524442687804		297.0599584758499
250.67777294288877		277.80074575633756
381.66356859034954		322.2106346794762
238.79129087962687		358.26308316752954
257.64342752146354		308.06724831658846
311.0299096917353		442.3208215000195
218.78377496849947		450.9354862271658
480.47919772104103		508.8431029571869
329.099537231777		488.0528741491442
426.7772911090554		304.36819835262014
438.73280073159003		314.07377239972186
473.53944238080044		470.9783873646083
515.8512685571426		442.3004550794789
485.7329016823965		440.43549980012244
271.1611069691281		298.28801779816416
451.0935308846626		316.774647472577
429.02557210312705		341.51944911875336
391.22048925243234		300.4407179027345
238.8308644134835		368.19288593179175
187.69326023029674		403.0138178991219
276.7536328550457		296.2860342413108
244.14697409863908		327.9958226050866
249.78175752446197		163.4886952699794
472.90390472725755		309.70944265721425
291.26319522808666		223.29179716245878
257.49360921798166		300.6877678212195
467.1659482899321		288.7295335827189
494.61093696498693		437.4173231753364
313.9448865942649		254.35513270003756
268.821041921996		394.7525279280382
323.62933417756886		232.089580573905
293.79119003837116		234.1798133437613
241.56601948134826		299.898063526378
445.34018326050125		371.45543281805476
264.43178790772447		337.57242496852007
232.11780439879112		335.3435515449377
310.45241180483606		487.2446486858158
251.54249511061272		336.13659809524484
343.3739100052114		310.53688179105893
496.9246364106335		444.900475572546
349.89785836302485		436.82029990802874
412.0919081853003		347.9370990052876
307.77021862978887		506.99738450647993
235.51671344220787		366.1654290730586
499.06653514686		459.3275221252523
194.1264700736139		412.2703521847406
240.22723544543445		392.9882051344629
256.7148980125582		351.35284449547845
376.0038169583935		288.32992143544953
220.49217692055706		301.09510991370115
276.23435481884525		303.2696859391139
249.61092709952467		416.21754492105043
291.39617829100996		243.7747309719862
428.9391222858934		341.09519726289227
494.25708571017805		406.6026389123233
473.7448487194322		420.0783613838492
338.72748801609004		291.0093765127239
494.3913545166238		405.9905169390052
255.67994482732198		296.414496582408
238.83541612975472		283.5989334159468
256.55426216489184		314.05838445687823
299.892211387001		213.51793332117293
292.2568990022723		219.91534320870517
232.00114545685207		378.33024244839504
220.11256107260172		387.2128897780518
290.7879817971048		237.5092710047168
453.6727365001349		435.51108671112667
348.4463232139461		472.6151372130914
300.4392851947055		209.35322670115414
426.44483916960746		304.33586069812543
221.33555965380702		420.1425128910547
304.013029637818		202.11445102508495
284.59547382150294		323.45199724236613
511.975369175477		410.4453590965963
471.1223084982344		473.9251615938707
529.255057184409		411.2289746736957
455.60785858203917		395.3202243852764
361.33727591033045		402.83044650943594
454.67046198305445		346.5625062309014
308.9949414832674		492.09802442477377
181.47911949555402		387.68178928634893
344.0971227351406		494.4478091927139
333.7881573104453		285.278869344219
363.81941569223636		435.3140578773307
322.500280290531		489.1751077929464
412.93259403002867		379.5287659670139
519.7266543891161		427.4501193463284
378.6935522228296		306.7853582906647
229.51972704912504		426.05811056965194
399.4047415139949		296.6378360706319
427.4767914170094		347.41694188184147
506.0855551869967		441.8247334813439
224.41889834860766		469.93214041166414
428.87817926340944		368.8345057747469
483.13848297586435		487.59427548431216
331.210591292009		402.02599323696955
505.4202073979978		416.92973752086334
507.8280167700949		394.3197432148632
478.95413999994616		301.9646402097019
485.45998599146776		499.47351000883964
460.5183950795336		304.4792983449268
391.3626115484861		277.4678888966478
347.262851894769		519.917025624373
491.9146619177731		418.2051506747142
359.23701744764895		284.3637878326288
463.4956283940395		464.9210416395591
264.70880738981117		322.8963299724933
284.58742080058687		236.8075984607984
242.26908244796277		296.14023520097726
233.07718963783802		443.8217305261379
304.02149541471056		253.23533750740006
308.7692375718269		198.70581136391561
312.06405922262		412.86882800490395
232.32779696526097		390.87828421922666
465.0109014105605		404.67019820863436
203.24415547522426		465.03071466959955
322.80625477754376		518.3440044666121
461.46830822875603		414.0441978274161
462.2731230412991		388.2794182279547
323.00550761555553		405.8141088666111
340.26536687072416		259.70053565979185
227.3550953982367		306.7019887317578
227.87288437135055		403.29276056467637
330.2777780259665		391.75744993686936
304.9817505721977		393.0826213636713
299.4879157377609		479.7886467486216
297.5720544958813		263.7808231261322
231.79155580819744		374.5280665592345
246.11668483005568		319.6916631608423
357.91642008180384		326.6384173417909
231.90598454740197		311.7115485832116
263.9297764344698		283.3506490934823
270.6439626816952		198.79818439502128
472.4630497681487		405.0480096825958
331.2556833627489		249.29446426379258
466.1839455731095		422.6186177681644
234.11215915174313		367.0408569536493
434.6096046432329		368.1600812763662
485.0217106622275		438.4607678417876
368.76594328084485		294.4681616023002
229.38774956651923		351.0423459194305
400.5971529155436		359.64872094382224
463.97623334481517		446.7831759784667
462.31015272901675		404.23775063786076
407.009817475176		351.2648658918071
302.46467805408196		262.48500646418915
280.27840776458936		227.75489100988813
402.7786553935162		431.9856981594027
315.5404872082541		217.5467736127264
301.53100166174016		230.33919773555192
485.7109502041924		497.15863095895986
499.6367221970376		397.0011400746207
461.9676794396404		340.2260943166538
289.25099031842706		201.97123002543398
314.2570504261663		291.49294220038763
233.6194590192175		414.02043688097564
248.88492544239455		304.13689394280823
352.4492461725726		286.77061030441666
358.41131326502335		309.86688797125646
494.1504302723617		421.72922258412365
448.1376144509717		325.18305122049543
397.75011989809275		436.88623746903676
266.8408157275233		339.24931487021956
390.1272092641552		342.0169192879403
431.79768567615673		341.91963010519424
349.47967424329306		496.2617655384503
251.86256936876848		344.1110704254782
221.7546303471281		402.5982137516081
278.39867510424716		308.35955009119544
506.0530146554255		434.7128785102419
264.19566954174655		244.10945785175187
333.5617044882046		505.54785885827965
291.760654176447		190.66207151258004
445.30794832554943		497.64202387877253
463.1839401508818		340.13535086975395
236.01570568388104		340.28443428829996
484.9458044421283		395.33145186825845
332.8320371465908		502.10586927423975
442.5127821555623		319.16637505077676
252.00887679005854		426.77671279506075
506.41130818264554		419.3596453205762
427.70356146908057		322.3486071911128
234.4297912427252		295.48037326589207
331.42180039410744		402.23342039274377
468.59684779431973		426.189264456661
260.50356479680784		311.7292171719517
463.45282304069076		301.77112764538384
493.3843987345569		513.5214762225401
258.80711147442014		355.33325625858555
264.7805289178817		271.07957139276266
368.9042320094411		199.11366245932152
253.5970267184334		317.588333143638
527.8292412377065		414.02046838827926
341.2566260198857		416.420888388785
497.4841326920107		449.78271267366347
235.75211842215415		328.24278207939005
217.3016323032898		270.4948445390875
240.7532949798696		437.3770708819753
250.91885153724098		316.68576966426417
475.297584753499		436.43727195745146
280.7758994430536		216.59337025526708
298.1361968217398		319.84670364796733
506.74792552406313		411.25477546082647
238.33194421387395		314.51297968006594
265.51574075641133		385.29839068637585
474.9459764451648		384.1104472961887
428.95207224715534		365.11940363847486
328.1781372783601		250.31449980374293
505.71076892131816		421.96902512272334
303.1786448963307		200.87454799687714
480.80419205801167		431.02222512363994
350.3563786254691		299.4883608158244
358.7532402756206		253.8029102836955
293.0450802907885		487.4460606763332
328.71786355975803		413.1059892513364
342.32898570611195		411.39511693331093
218.1519969996518		393.71370393092576
297.6233046737793		217.87620771427467
234.77798525366399		381.89392868954434
462.63356763811163		336.00900230893546
473.9937654117018		423.3507455651219
477.57427787041416		322.02071392330845
329.5650848388797		421.2232447687201
322.4896154145391		279.8468560277781
309.76465935785063		503.63823666366966
330.8120736539246		439.24813763362465
488.61097586586095		430.1301123345613
433.12960877217756		323.27835461378044
331.31180069489864		441.3611754353461
443.2090399433979		413.49883092839514
337.5227990882082		271.2692341339213
423.3227305033582		312.41159653611015
396.7590501370982		353.4461996884858
206.5152739460101		396.6539801540158
321.459579027577		284.95180174158645
366.03535971811596		268.9162024618236
227.94737154580008		393.0782032246
515.4698147201866		447.9076953477714
479.8600337733183		310.3292421080006
499.30106968961616		487.3889460614571
269.4617165825045		436.3780252333313
313.0631293567836		491.7720709317948
494.3701856022869		422.69708418998914
479.5978398346103		510.4110751352516
298.76186340484287		498.0752220462832
273.6706706080419		338.9471064278941
458.7672064308398		505.6703527852701
318.94355326727		470.1006252015528
226.5072892808911		238.4147870983093
324.0296409907033		208.87403920058034
304.5252470488523		232.7000799405835
461.2978527407555		419.65024014370937
350.75800093930286		301.0097058152375
451.8018958381157		420.50495677335016
272.0004431901483		283.6427882334204
238.15004042642198		312.1442920919361
321.2815380704792		517.5432474049245
298.8676894223442		228.33022099955411
216.1554749718785		348.44177189516284
268.250929318758		219.39574639091313
265.71284999807244		327.2438917064439
486.60689723063655		441.2736232269304
274.88428320394286		333.82395512592103
294.9993606684455		181.8626096743675
332.3290499376591		308.7284489099483
269.2811782662247		308.3106938746223
483.81737015079705		419.40083483592736
251.2713862644444		310.36673986785144
215.45856701029913		312.04098854834456
282.2079277001956		502.2276831447717
322.42496336445424		226.7062956385009
495.52470061013406		401.91832998083225
467.1758533225799		388.8570771604444
426.33284361511346		458.0600913594435
266.26987095649304		330.95867073818613
209.9525833604014		298.2231272988843
263.170639524535		297.118504971297
435.8167796264754		345.5238639497647
226.56903648659502		455.86187886676476
189.4105940965838		415.80630902577377
346.3007313606578		452.7858781075528
449.72716667131306		324.22712671094484
434.5245667303349		366.15013471120835
474.4871297122843		457.79049307919
338.56171740591486		484.4586694292507
319.9248837817854		426.66646435284815
466.1765689056814		404.7080541803336
463.7884293499624		456.9809321626318
495.730598592156		481.0884072323324
478.56211491057695		451.7120322927769
506.77293207044943		450.77554439657433
358.99625875798904		406.11975235590654
494.67401722657894		411.25491994526743
280.3902235621265		489.0183809562518
411.618648045016		345.13345453198923
287.19798411638664		227.09677072296537
391.38106403288145		345.3870704094121
468.959684471996		444.9796237682132
372.78138291676163		275.2628566528134
420.28473376160156		338.9766896744724
498.92093316985796		461.5190643554107
351.34899858584157		283.0206702434575
361.46300506079774		267.0623029551566
306.87288041064795		220.9121294149382
478.74365712077423		472.1887354276143
329.4595008518242		493.26342416820023
464.1754213955226		351.3132549408598
205.544501766321		452.6999370823227
430.48620956965465		341.9323274320127
241.66292261987167		309.51552729596665
280.48537133278114		310.02365662128267
331.4926147121993		313.68717278862675
525.2803862119455		408.45939991174436
471.20330999790207		416.16828295338104
276.784215587928		179.50060018410682
485.40205678063893		410.4464802744411
434.6266165957026		341.0557676852177
499.3264703291874		439.03048618229394
213.53712585683428		398.32045730973147
225.42774037846016		345.74008306883707
258.2962920652409		286.17417949752917
511.0373427992448		425.31248241683863
253.0111942266127		373.5929696248176
251.10900874275345		449.64384517214603
355.4888999831608		280.6941078260742
264.9164173871021		275.7691439104093
337.9117318109132		486.81015641243704
246.92994862857398		384.3360446718819
472.0995860413255		490.84676626398755
395.61204847364775		322.37215952859003
325.65602093840306		328.3254164704812
244.04656716891972		308.3315261382861
299.90657232621004		229.81280493653597
434.9714623454658		333.6756478461607
242.5338328355236		321.06921080472125
233.44684502880332		296.5006144556057
334.8048007557367		230.32726087629962
282.9005500045384		296.9296539450635
476.53327415358996		495.0935182060373
374.84756917168875		408.6609514743555
291.2416617445053		228.34004432903046
483.67077227706596		473.8144366748064
482.2226679773478		415.04806104863326
255.98853281758235		313.2983839329971
279.1293589139544		238.82816961754486
253.68465213882405		205.73867161455516
419.5498990641876		326.7119192105079
222.32803292185176		452.35136448656226
328.37009635962505		499.87361312556834
241.31120785456096		426.47239323992784
254.4632036886928		338.24400594502373
443.95541024245716		290.1161995388096
265.49692724858375		197.52741315274918
381.9626756083009		332.8767596544072
222.178486729091		426.30078761100475
225.5942187446406		376.84236850171806
480.4308729024579		484.5181854751935
311.90054829950566		225.13561795227056
272.7275149544749		196.35859442592425
378.06207318926516		397.37584388876877
335.9927752078125		392.3009521542365
450.82578901840566		303.95530925412424
284.7091750764626		299.2871939924562
450.91317409410067		339.2695111627095
298.6144598513945		273.6022892185609
291.3571228140055		423.5396326911359
307.2749242827006		252.90459990292516
453.396402091305		382.6752511744597
229.43882545455747		364.4504232097938
278.7647267547259		227.7615761676666
377.0881115295262		293.52143972565943
257.18771077711057		312.58237876344447
377.10477771996665		297.7603015293774
512.0046052834048		400.69121413083025
429.6457033601706		338.38985809494585
325.02611971414836		513.7538063547254
253.21070461116895		293.233582991267
490.9711382246554		491.5579901424928
240.67601777007076		307.45596961724124
475.0865368286472		460.0722709364854
478.135464681713		318.9417754467145
470.3922176468544		433.6063913708455
225.92837404159502		290.49090017849574
456.66532234404366		498.17004072796607
491.78588119751583		444.8663367144293
240.64026632953244		309.51869314263377
511.24619427691937		511.08510098839514
208.8742144002389		451.82897551502106
343.01770429660644		518.1136307567399
311.81977164214425		485.6328782785251
342.4422716431869		460.0975567158401
295.87384928953		332.0768733013561
502.6720967768809		412.8306360018037
247.16704290357717		337.2950654558201
502.90221998950875		433.35521035922415
219.97167798527866		380.65048510976794
231.25528310040724		459.7879881656904
444.9945845048758		286.3873227662756
435.6332903117462		304.7610143617902
472.1483370669077		320.2450547129787
482.2800285622272		427.8847511501004
443.9562668238955		314.79275369993235
244.8907238965023		338.6025335703993
496.47116505651695		340.55546551656585
411.44168969007916		331.25738995920295
309.06483466381644		487.75458848241595
505.8682774342034		398.6292888263477
473.88528075442565		467.95638645235744
270.9515737676157		324.9604201252025
468.91605226348776		336.7280630258629
304.47866564719357		220.40018133909717
222.85397167562644		361.9626043320093
242.44859640250462		272.0480229199579
471.6250980376922		450.5084836987102
474.77120688641867		314.0229895254949
246.67285288077693		394.34960857761774
270.55983750467203		203.4372409294602
262.58452714725473		253.93866286799994
274.40289429508096		332.15558424572157
270.3375738643867		435.92819562059276
