151.79198283607906		198.33039131081233
116.21573226430613		131.40755576198382
185.61469970809904		121.986328809066
153.25392561172023		138.9934107687296
145.11908595502442		108.73728676587922
170.78385378885628		198.30030226050027
178.03347810643785		225.4456408924827
132.9399282813895		134.1866231881164
162.0802218137617		196.75641331455904
112.03746533306976		176.23287395359833
110.38547003629054		97.33995896432735
172.82307127670865		163.06507988040858
109.75251757067169		136.3308857334543
165.47810806823804		130.75161032001628
135.24288526538936		151.99476895344793
202.65304635794195		101.89154632802195
92.84991982337222		150.7251433008283
117.18514435348428		97.28143853439892
81.32449151978588		126.01697578845838
122.79803897668535		102.25229780951719
102.16005085748843		161.1475961196626
194.55461945892804		159.78137158445264
112.45267348245645		122.77224953898822
117.66185849563377		127.13025674334585
157.31088887182037		169.38456006494914
87.24610256369657		111.78015712447296
86.2437229983379		160.89000442246865
140.10094883211622		123.04148492507701
142.96150146735414		105.20558239130924
123.61813350454302		219.46424973834857
154.63365271145557		200.6059073140632
221.2351232280983		174.72815637702243
108.41757605393823		120.0862821831562
139.547915081391		162.89431075526548
193.8216986910566		194.51537897430345
191.37559866801084		180.48752633373877
113.05327103049466		93.77198600149381
90.6567279837679		123.76181818518535
158.7597714867676		124.9844374944818
190.47317904395567		195.7267456080902
130.51301367194557		113.22136257067851
140.47788010616935		109.04710023837409
206.63200558034004		165.25537896975547
124.62901060751717		93.40141987675798
112.73565064104754		127.57157844821275
111.4615394717915		111.96064458812845
94.5277647332259		136.0021108893521
147.96529341692278		192.22438337708752
154.81192306266996		118.53183199324111
211.69270478764184		152.56279283874477
113.42746723709563		132.84511268216158
84.0256112461553		152.9945900385106
175.90272740442015		215.156728945906
105.98415976246822		123.6354431961016
180.4456667114807		165.68634603294734
183.54226445491562		132.54410471247905
170.19823343914598		210.51955752460722
189.68738714559527		170.8627095418035
126.7188805931422		130.2758239775391
153.47419397709388		139.26080343082816
171.42309890331703		165.62082820575455
161.48071078084268		122.99059883296846
100.17171308555285		138.07885314222574
170.49728722252323		191.77227658481232
108.60141446629034		149.21977710521838
159.40252291060153		102.32784394358235
151.65730928381134		159.1172807093398
153.92041472829192		135.7643970553784
114.24231423285975		178.3298008163428
118.15864542958487		112.91935422494264
186.92983973403267		211.78966712406006
120.3825454265684		128.27769811778532
111.91291174531646		116.15368461735994
187.18506831006744		145.24338594176757
187.09656308537748		235.6358392795483
87.0783098759708		79.8306925088057
165.8602768182756		113.09653562280567
179.27996821044127		169.70438942803224
149.49250832129312		131.17391813090117
206.7495511433197		126.09547502900622
159.28791455116982		147.32730430603638
208.24452866803747		208.8433804159539
125.957414772982		156.7989542925703
141.216067882039		102.56769688254307
165.70635205301062		166.11295633317985
72.02117651634347		138.37055139291942
195.3355808493443		185.6739124363831
88.03164679326275		138.51398720601782
163.29558461884287		146.96347964252783
131.21723699829474		112.125598940139
173.82713199644652		197.26583581503178
131.93049830674738		101.63709040093387
167.08245599906454		220.10304354578244
123.96183447920734		138.59148644581984
177.44572380563946		232.29165095319416
153.64714131209533		193.72560231673714
172.03657984675448		182.9345053330645
212.58070706645628		156.86230042310518
112.73780447471187		107.25323547228857
166.14069927741892		153.4494852471322
152.11521892474929		129.75076296634745
81.80011324790243		105.00688282630819
151.47615710741024		186.25868757130687
213.65055498079718		193.16071191426292
76.98487438646121		141.21492665583872
112.82557591636906		135.14287413977343
193.53943262179592		103.09246411820641
80.99057209544732		130.77707588432634
80.37921868855665		136.04223054404224
123.5122408159394		161.3245460758082
137.2596274139406		140.2818740724319
104.03234240610716		95.88144051804532
193.72514973322458		124.89615426997908
104.0117495199375		115.73426240848234
176.42726515802764		181.44086801784445
156.33945801403297		177.52990868915077
62.4555258765675		125.23218947715023
167.30809988401438		176.29860611160706
107.91785285516072		78.17966130928926
212.38174863089256		204.12615973167473
96.47731371003944		163.16954245804186
179.8234455676958		172.9141117681323
159.94533797102432		100.45011872231491
81.35398978564695		132.0799571091811
198.619714851065		177.27592590645017
103.31907255348149		128.37637009521484
139.74570362186503		139.84489571573178
114.58913459802152		187.1054376276532
104.10319200359206		148.48901499695583
206.09182395798805		137.80446746643327
158.59803056304415		169.02078383576497
170.70292288022156		145.65005540058752
152.4901859090055		143.57529581963425
168.70681049648417		206.42406800814624
182.44001447446263		153.38781284383643
180.99249824096597		200.00001474150108
126.80560540799598		136.73969986461586
194.65989100235598		129.59522265468888
92.71954274046675		92.5610139639856
185.37929681442765		179.81681474064484
193.10857034526418		201.61288159887425
151.46616040417825		124.34394059533234
105.95737910264346		150.08315563685673
241.8233055753365		220.52391661878568
185.51964262605156		180.56214911927566
129.5114067560632		156.37271604968078
159.32823255458516		88.0784728021876
112.55077963973021		123.05025084006598
104.59531946718712		160.33590976800855
197.93915709011225		178.5673740370944
158.76393667108914		202.32774078115577
116.45771718804035		98.8829868691248
122.63843274279917		124.88822587748034
123.64086814960076		94.60984485020434
175.1475851909516		207.08536372308933
172.46516567519527		211.4857450694359
172.09159030109205		200.13499847344852
191.72788897169852		194.95925023593668
157.77018158660562		115.03330751950591
110.28605619618278		142.64358531013474
167.97846781286603		101.53626897260484
161.19153521838285		203.32472489437868
153.45840666044873		110.9453576948599
162.31741749882974		133.159930865071
73.72903215860369		137.318796617205
176.53516927879986		182.69283381760016
176.3437997162885		116.48546383396494
102.38414417400404		119.8777555577341
83.7852711186203		164.43582212308903
115.58338706002917		168.13750370429824
172.23097888290778		187.9977653435065
181.27725082738212		172.73601184641424
70.07387749753592		183.50864977999456
161.78589470401266		170.2379524310917
188.09941667951634		151.00143136588727
130.7071492844162		96.19970668339575
187.90417763519036		113.60017315523066
93.97637928277369		164.76281401253482
127.51602019418219		176.10903576306285
143.7378391437208		134.31296815068342
124.24363441732562		112.96297593404451
173.41758971023575		190.25596040093163
79.74341376886557		110.53116259577868
188.0940384931905		163.18104504406594
108.96011672815689		110.99768133340586
113.62512006778152		123.09035173784298
89.39213478754424		130.2167677878436
121.85521278534739		141.10980134339096
130.02239822121533		64.2935372815162
176.87358195403476		200.70448692937168
160.41312890699044		121.01609905850623
184.69692459718698		96.82959567909128
127.1276781743752		108.78818631994218
136.4417251225036		172.78524975836876
149.51840991596765		107.99324031055582
123.8614072710239		129.5081348428649
72.17136569252828		112.77382935907842
190.29083459605016		212.7805256703851
185.95314428477673		166.56274161237312
80.65955770499914		49.22780083241392
166.22303994441984		159.73769977411953
101.49576796562941		180.609005903823
175.25637807447504		138.83636544195764
160.4896876808586		103.31108941020267
162.85820746637086		149.75255548162045
95.01100487942949		125.01568470568814
119.46480316995569		174.7203282086661
169.69449833750073		213.9182317388521
101.85878780621218		149.87954766250235
225.20434945621753		186.20108399888213
124.87703825327836		176.3525011125323
167.23663532682679		143.2365527515732
97.66663150103977		179.0233935530099
217.41822010189958		101.14064023193288
121.45084037349197		142.60101070952493
98.4738612309945		158.736475631291
176.66199782858507		175.13218547786298
182.73255904477188		101.00494379704475
193.6236300957572		123.37832285485356
92.64001203308803		163.4947816644611
160.32300143849628		117.80628575893469
172.50458392071852		135.24801200888436
144.96031272204985		134.33212272449367
203.3559560981427		149.73681429751267
203.69941361517849		193.82777364601515
65.5543027225565		161.25487412946933
71.21494875876877		93.6271115165237
81.26794813032899		126.073114355514
225.32439849457603		188.36040075129517
139.62573760027053		205.76017870579048
113.35453692559436		161.0860435877513
145.85637676522828		122.20177009420479
136.5203889119437		181.13387639806515
149.73181944867568		164.44875892713645
114.47492161451922		143.02979289888083
134.61965295811544		136.35710820948063
185.84061641959082		182.52654389892518
94.08831225322265		166.80692089285424
122.73544943204683		131.78128021293213
187.28608997468436		169.08195558064887
163.42797368108566		165.91508119614383
166.18204649987283		168.29104631806473
182.97066479766548		113.83835837916419
164.47057931547636		121.45502524961871
179.21679125776868		225.40740970866764
124.99075821910128		127.26934789124576
146.27569143809845		180.01929664201734
102.96880512750374		180.84979971671163
215.63323445798335		181.26040049444643
197.22553765197273		150.3620713515708
91.23722056662913		155.58660430362545
154.75415803888023		174.12792700379998
113.76018700128972		175.49054677483275
82.93279783892868		117.0628312545089
145.5930398881904		142.3059329185612
90.03696885026991		98.04936121481705
130.99304623649894		148.243768623807
154.19644707725618		163.33936745375647
178.77779124285806		177.8015330064333
96.77743022649744		117.08134051580029
124.06501705244187		114.68761432954648
113.9285943997057		182.64254801891377
191.56271459526997		203.23348078148226
143.9505738663547		140.6548328169093
146.56795114382143		102.66508613007868
155.38734879253295		178.6997566370431
156.83398917775662		156.18482886283422
108.10636812422553		136.85349014558662
152.62960600467844		140.6027115909034
168.44051205498516		194.1616646111469
117.50527451206243		137.0307583048549
150.67890371095757		167.9332960813223
110.55970879366618		141.36087671518402
131.70754711296044		162.40406411060414
155.21646549109335		143.15486506357524
150.13918888770382		191.87893137599335
172.9532695215677		161.09660059582586
166.60521517949465		170.38316299196399
191.70486464152066		147.81687773577204
104.30747025813858		94.78423288991289
196.8947969855988		193.60470274073438
215.55910300815094		98.16175477348455
176.91519831252356		203.23524425069073
93.95753173618324		121.93714632598923
114.88854253152151		101.76457271658005
104.50181775178321		105.94786059989124
155.03866275052735		178.72852073806337
155.51901689804333		172.9042419088588
181.7645877696211		127.86865954711348
151.14976866203966		114.73094282205416
127.29716226516452		164.0127020480508
202.06583803464264		154.50253787317175
77.70766206818521		86.35927112870078
104.59810308314614		109.8937112920654
220.83473154983622		185.5280676345502
100.0524156383273		168.01977621829835
98.36970779470703		77.392772720267
201.17918350464947		172.47890574853682
170.46873289334673		164.72545472931046
132.51455651575301		153.1747890147041
171.92697085531924		189.19679113177082
81.17673028194731		118.12664387401605
179.27614438730188		189.14406236197613
85.26521639834174		162.62822019772602
125.78321277010293		161.99945140126394
161.3948674903883		184.69446521833908
146.01830940772453		131.77624279609995
183.20409238719898		143.57185612789917
163.6489353439749		212.55674544186311
185.7693863020343		109.00000110184008
179.80869148482333		191.81649888418295
154.78725292383874		142.53659973204822
88.79281290430481		124.73015108127665
96.80026866712382		94.98350076663168
126.19313297091013		118.33408494826229
145.63777751651375		155.3994498142703
129.50535858535667		98.17431195350166
131.03614614249142		106.37631282231597
122.40242771116951		117.44658935021502
138.807093776289		149.2210272546045
188.10644328150153		172.6292448865647
138.80370447788167		153.7124509816608
169.70890423539956		166.93163045000603
53.74421233170765		109.81209018812297
181.3938694003761		192.91921891684936
127.63717178899667		161.24038152638755
102.23535405157781		85.7878101819061
200.09471646776984		87.53563689464595
168.1246937180147		118.00554679641243
129.9148405224116		117.98700719136423
154.29176265375077		105.85625896365596
171.3095558298815		181.28765209889443
106.42289095512749		182.97410847222648
109.26330111181807		91.94402266876392
174.35434220300843		183.51817806629802
106.78297548661743		132.3514118309757
179.3525161472434		197.493469001628
223.45783688793313		194.0656928176278
131.22012347822235		116.90389670850166
131.67814012439774		104.00639933105441
206.0895138188132		102.90395504749289
105.10901889250555		160.14552040999303
78.81354561497673		94.6063853353838
131.2477224981731		186.3772581796833
101.8731860735995		153.5068019280261
96.4244127473147		128.35339980754068
157.54493836758735		176.85580139575063
146.7762180499301		69.61342458529508
82.03336105142475		130.62631797947242
110.12148165493034		106.57562286606873
167.53330646779244		115.92414564252938
83.18532755221693		133.88215470709164
114.6570439383467		142.62811248109278
108.70860191166251		144.5411258595561
170.350947452241		242.7617920045808
117.61133389013894		134.56674350044528
171.20162050590685		228.2878710064268
211.2711879306555		198.41231086058528
127.80483549188128		152.52500145487352
190.7091037362017		91.64599515106104
117.34941456240296		73.84258250666498
154.9230890474993		166.77319425122369
107.76169057281167		190.2883969865814
177.6841832063539		106.76983638450446
154.1190815381149		133.75063301074417
197.472601172917		98.72446473561341
128.65266321787456		124.44763182440256
92.5059470636761		148.14115178601347
112.91427305110959		163.5213615325858
184.24970230610992		125.496408122207
105.510596790091		141.77612149662426
198.54768263124367		138.52271346952998
95.14209617956435		147.2219745332839
108.68303765759418		187.1179935385869
124.85541277719648		157.101708043463
168.1361323174572		165.22158372123957
195.26646991926003		127.86056462890653
146.5567517159407		217.72503571480914
143.34342830968112		181.4477695860898
132.25147332661328		164.08503998231959
161.18275890076717		177.6954302756612
174.96573763347908		80.43109943541246
119.97069898189747		125.1374087394685
142.04272635209023		137.88081348162194
111.71272476481101		148.62964248019134
151.50125810439656		141.7681053076909
155.56544238982116		100.73472335802353
197.94136163833397		183.3044755360202
116.62519453689569		137.57643541520042
216.74510499259014		159.40060851457156
168.72981486036778		191.37081847875348
166.27773152117246		168.784352075451
143.24936767152735		157.2683766609627
88.37692711182383		147.92262676038783
189.61254772889268		191.86278094716238
142.02685765501036		180.2747280147821
190.1564314233635		190.81746984926252
172.72475264204257		184.07853162861917
178.63432224886847		162.2920325919259
142.79573582369107		161.31904445490792
160.4233560886505		141.44300921264676
99.66973903562214		94.97813834369916
90.3524397688009		165.07129372466503
200.93830614975275		141.37062024895988
141.8640347161773		106.41153077668329
105.3146695590797		76.97204078014265
123.19445512385991		100.23318877255434
190.58821812134195		167.98557069651312
198.6755811908065		186.2452874832188
186.6644735124931		181.79172498357542
173.25144321191664		108.75150553486787
127.51867606919788		78.83590360896491
148.38999222574918		166.64895875620735
168.46765429890314		149.79174281894933
158.7527218392985		156.26582920268788
102.83598072439256		145.38048205289402
146.28914017169745		121.02411623334127
145.00907106321625		159.71166578913795
169.52355731695383		147.43919237223594
251.81908412502332		166.81063161136873
140.9511600291041		106.26928906351338
98.83737211841473		179.6545594808381
159.37616827454906		125.36624133213648
182.73145141472259		230.77356283210116
144.7512346636858		108.75618583944592
151.00966418603986		101.23240095914008
200.87570812193354		180.8907752706506
162.21197990035182		157.93000486360685
120.09065382806567		121.09631850769274
175.07482511919397		178.984804615079
169.75470084227396		152.92367991351097
181.04620213362023		70.47018287706052
144.91679007800775		133.57988192786033
127.04769483005543		117.25523096867205
122.4336017460899		138.9399478160002
82.47230577731136		176.2264579029294
97.42209217972199		130.05851074234238
130.75930585200476		136.64233855841348
214.88351296523138		107.58903471380313
152.86628390117423		126.66622180245028
138.2260180549496		100.43080684628897
158.0884232705087		178.71579212957784
103.62611362052765		129.95364107711055
195.51184361490814		200.9028254270264
186.58166873250104		202.23615169342403
113.80468970629015		115.36854057822066
108.47181736012813		174.2040102209816
176.0104941327908		219.2567780489259
152.3978917688694		142.6160346683856
96.74572371623893		129.44052548549405
164.58661879745767		174.9512357983249
127.7929201588171		149.37074962110793
150.78529975537353		202.45606716260377
161.72882705651477		165.7320107874407
95.95420432567592		151.92415058780378
172.34871897080026		136.7977827029385
195.60394067028656		99.85285679772878
185.03499932431558		198.03794666434868
166.94827662173907		91.02855261980422
99.95326708383028		166.4546353743898
175.14572473687835		83.98708938736704
171.36704984553046		122.77103656824747
190.19360495644872		107.79544352978228
190.78837039544015		166.45652784984867
190.71245008944928		182.19558503541737
126.04775349252641		114.4264744973272
124.75004591137666		123.15203128248208
162.02319003465925		192.19534164379894
117.3363614544207		87.37590463363642
153.5218698610891		153.01105140314218
131.1689458219182		106.8064084874351
107.7333133157604		106.55511207159682
130.4839194566627		131.72822454786703
156.97798135338422		206.16568182737072
179.61016264610834		170.67121203070212
156.45562840498243		104.34597310895862
110.37478745337407		85.46461897857561
98.24918650497987		102.52328320046955
171.64113345032908		200.32576363225334
217.90476747479778		131.30362774500924
111.42896553749645		164.72799797917475
103.68930450836358		134.61242897054305
144.58039764936177		79.69570689827452
159.78896108529605		115.40146173580509
147.9551543118239		127.7230516645081
187.47482590070123		108.8178626190827
116.19563967989609		160.68056509243382
200.72506055728255		132.06321656706731
163.41103423438818		131.46846114311904
108.05697134433484		132.0674764408343
165.95355996595134		150.23891227607265
100.60784170832295		137.19969545349664
148.88029306147044		233.9038330364407
174.09085949199084		64.99608424431563
188.82756911067275		200.49598034085406
213.89791785823965		119.64742209769109
224.57849243505106		218.43121028498012
152.0332331862894		102.92691736053595
139.96841928311258		140.95595561622545
168.54915297279894		193.4976766153602
118.30186586467983		104.68229694415598
106.91169493240933		77.78278536099403
121.26098599246369		123.76081643707252
91.76422592311002		101.14705674770047
182.5587055635349		120.48529435490099
106.34771473555051		134.87604857985266
224.02212970744353		210.72455272872847
158.8980794239736		121.61268099721572
168.09206025359416		97.77732635927927
131.26597969457364		125.01173550080216
92.08388808387399		104.41370585368593
163.34604641019092		197.9983423173552
136.12506446753594		149.0821496074994
149.94973826368212		205.75790827672517
206.0355313325675		217.28818881163374
192.18404985541332		104.15719806342402
101.49876888234897		101.08552440077867
205.21923239622961		114.63350425113215
174.0126525960592		91.7945927144363
182.9407053995101		202.22082872417045
132.38795760618507		167.0749660088033
181.02108937137447		172.47674798478508
134.9611881202689		99.88659980794208
170.80708594049463		179.4676632923514
162.52565391463781		173.34772086569848
133.6907248405565		253.7558501861082
95.04173673078645		126.7396612880627
114.36620933387412		136.16091867309444
173.181711026632		206.95542182029726
138.4017187676451		184.12589349486734
163.53409745050558		113.58989922404085
67.86744772051094		119.22049919148738
205.68614388874897		198.27624502674695
201.72628891195188		181.81214083663264
138.67837894392125		159.14565491143506
123.04385252275603		172.77048352308904
196.95005157021396		194.5181395710507
170.67530250675836		107.06694856472238
176.1098556327707		113.72238824403344
209.29375515707477		132.49283462308634
106.11284134959699		72.32149677302641
142.41373030578777		140.05002356442654
132.12307594055807		154.22555121006673
195.79148621245432		176.08284511318584
172.68890142684495		142.17116102992262
119.43729719150431		157.80410604921786
100.52119985075487		112.51388714347335
125.8625660851291		152.26807537662606
110.4188064108101		161.22148244555285
186.728899494838		155.8322205286307
167.6335978153614		131.9541946643706
136.19224751123713		160.41931099762007
212.24539806811265		119.66449078009032
186.8622880877295		204.79150388420697
85.8647099986569		168.07695066644442
183.19484260793868		192.24811436476185
158.45975691033044		147.28129754543002
173.92659569056548		153.98646010847787
134.2143565123258		160.7989177248145
85.99246798107377		135.16605744210673
176.95845254685113		106.20622656870347
161.05756735696423		204.9579682241327
87.31429987016617		96.71977063388825
155.55857730962214		128.70541680051448
110.42898196127263		108.75646234455328
83.39496190134463		133.54158018867338
101.35723820197093		96.39682935785767
193.98387687703675		167.64779116332656
194.58820016759626		151.74680709148328
205.91041374996357		198.5666391046176
111.85994362524661		140.60894520600237
162.9531662553728		227.37059071926194
89.39366798902603		130.90272991501263
133.3205307286303		117.64590736318962
115.57080001140987		145.23153717915244
155.22728148579858		208.19285635576887
176.9557736835654		145.02114943999206
144.9795080733102		194.18888495631688
196.52849542087472		104.31029735145398
116.0302062951339		104.66321360790106
89.65850218127304		98.53549641111688
186.88034999059064		102.56733679364342
230.31615328860832		191.1322708827515
208.96891815499626		76.10179285019129
81.68500466739619		105.92263809499552
121.19570329264366		90.8603020586967
169.74443953449222		123.9259433580817
146.31495595629423		182.65817898705262
131.93779161446287		176.84465881483573
157.19633802377237		118.18142384424007
173.45527400221414		195.73173297062056
83.62239753349677		132.85604590586132
143.00687230053757		166.42018440677836
49.87595741455037		98.24536678263877
164.60661727564772		147.37796469355519
110.58218387894138		110.03666069899852
159.83443134714923		170.58232561754122
120.94891350597358		156.61948030144768
180.5971480307737		204.73158673638042
113.8518909595004		121.64687961114444
157.26560969240307		132.84681393792494
84.9279709656566		122.84274963022273
185.40801803340366		201.1000671030388
162.46458459327948		186.54884554354143
139.11087805417702		152.51146981341154
152.41324155775584		150.45882435935152
162.14242150460456		152.325755171627
130.31186634735258		122.07332051373642
182.62254320836038		148.96777241821042
173.73367016332838		156.31364457126062
137.28537455642171		201.75686523307144
88.43295811650201		146.40299993841364
197.8466573852285		141.90931583075718
113.65389268448936		88.27478835775294
148.83678819165246		152.54802256643595
69.12432884606461		161.93354849905532
184.90704806880996		174.044603705765
117.44459664819581		151.77305247545314
192.11757920710926		206.11708295891793
109.24466412326707		161.12619232279283
147.68700178114509		178.51875139061934
150.9621445430208		180.25584222788467
252.12449694292394		110.129717380166
104.10572329278116		92.16913581787355
192.25027740654377		197.62116313732295
199.93844772131493		117.92311912225782
173.13196320606826		143.2347846049657
114.53742114226503		109.65285694245925
167.64265077590414		182.1820165852041
153.92611773667576		104.15589963139064
83.0633182855355		171.09195394896642
120.46675150327351		183.215498697067
177.99440574305257		172.60213556106885
190.0617676690798		148.92818556874343
197.24497889974734		191.92993791762362
184.49543660436026		131.64713783432057
203.19432186463763		131.5738906169607
170.32790832577297		69.70661558199261
159.25975928132533		196.47538583684457
105.64073485933542		113.97328331021701
107.67847188351901		184.05908631085077
96.80984047879788		137.37688026619514
111.91256512722278		138.46134293705362
137.8597619764093		114.01959561771
129.39252526880557		176.27181119971755
169.16142789717952		193.83043168760085
173.15460505710934		196.74051718476355
164.01344666242989		171.91941953615313
100.1284896534798		115.32651348866257
170.65731429004126		207.06607084065297
150.316810885566		78.90386930268096
168.39840167293153		197.71140505570176
199.63434574193354		202.1239979471009
162.01481593631374		109.35072419533111
190.13213835344249		161.08976445411577
163.2059338355591		127.91571076277737
189.3761779461243		187.10534035058734
150.9057048211929		139.0525907238886
106.9663378008888		150.30973246975174
160.2914563017838		205.20327382916045
153.56797848426447		149.86878045293898
165.73944768258082		106.27801202795271
147.85550060968941		103.80185748092781
136.62024347897432		129.90769997125741
103.26103497668991		104.98641084831398
167.91308072265977		117.46316404202153
129.1797482296169		178.11114337151616
144.04907894668034		135.2379905806775
184.8133223575304		124.67021614718716
109.90853620207714		180.97188624513106
119.00893438871209		176.86958505548796
153.4553071016659		159.1642186155894
145.34677296507903		126.36705927513083
132.30912505816198		120.45617515746984
160.824367082819		166.3154665750363
133.4798074577385		82.4633193821985
185.33641787228396		194.59505402658385
119.31180097949043		151.92733785188437
114.00995961748711		138.1126806034008
87.04664483494255		125.44255115629105
87.91823262387837		117.90678813189874
128.59443170202601		149.45391992755
151.77528797023206		230.22188358742312
222.8019808894617		207.91874618922228
102.07086525331668		97.63291953767765
157.0046868598625		102.95651360982052
115.0354729313465		151.02950084414442
123.70605224968347		114.19176718190202
136.92290539429675		87.97988384689187
181.85572883526555		113.30661760961124
157.66154899780076		190.35994193101607
121.65793257652415		119.85564891183056
183.6296820510567		178.0235882267835
174.3524087676969		153.31973752953155
91.7038579984102		168.47122861730003
172.337540331938		195.4895109332612
171.1208129372259		189.15844844989795
183.30632519265083		114.1027165571079
210.04088925729937		156.58842739378167
153.58668467134663		170.4816860733301
100.07875765405149		143.65012554288793
170.30051527936138		140.3669128355881
207.34680145454647		165.66484904519058
137.4309590951105		86.42090054204226
83.78766509455089		145.57064870916722
156.11218105559288		147.05975102295088
121.47290225053572		143.43857134780606
113.01126722294333		178.29281646081023
95.86017332176378		90.33473634555082
211.6092914579929		119.84067469323463
134.48814491963648		185.80272821685986
114.42154289704096		150.40613109711978
174.88334860424854		223.33147358304416
135.4387563109759		119.28091235444906
106.22295355303714		124.82496080102517
147.67128795613368		154.98491811009967
126.04166043161105		131.9396103811293
158.6850203182825		137.16325490651658
118.47588878715645		156.05162539929208
160.00450699189508		105.62567351606272
188.3706468027237		178.78915342211533
207.97804962260125		211.22364064214986
99.8125989946737		134.20864892787537
135.59391532739318		163.9721030739396
189.80851179181226		148.71130773306382
152.7199750135784		129.99122617692169
203.47728427887438		118.1854725289507
133.76493499001893		144.77525389981525
181.76852675861508		156.84677800892285
191.7776973146229		103.95922035416883
71.36199441220103		105.3005723013797
147.447451765209		208.38013085400047
167.16599004536357		192.4307256898716
174.77321569858907		168.5290678082877
133.2523494497211		84.37518647547036
197.01762666900572		172.445153239911
153.3321885341959		133.48161066766014
106.78837174398875		186.84507315213102
159.99311035825238		133.80027039519229
158.5029969063432		100.64946888628626
172.44976663888391		161.83950300587716
82.32952685368363		153.5906610499484
182.90865320094204		166.33542924748198
99.12744258797801		143.099618300606
179.70915605824288		176.2810461496027
120.8128964845373		108.05436468436355
90.53800992698459		131.90487047948346
85.90755692631019		133.60579309443295
180.43530493598672		179.45637572596118
183.98710966945094		194.0606844275894
190.07360750497716		179.24651827739143
107.99948904262581		139.87989826435106
147.2270092217634		108.20089472673261
134.10280737847913		174.21362265390064
140.24784406410473		150.37403718713432
107.49595009558429		127.60614531182742
137.36578641890299		119.70518552807181
126.59106957151916		132.25950906307608
180.2474521209003		185.11373661025448
92.16493390604082		101.47794057131588
139.16468383452826		152.49037553819767
129.3293105661446		117.23172931073987
183.1003461574098		135.4954135749238
141.75292049745707		184.85582813230414
181.59309659030382		168.9654966342362
86.37800438338016		99.50397237067412
139.87839969640874		121.97286900533459
173.32134136786618		205.20982711629642
178.94299623397396		195.24229768335456
196.5005544493679		103.16129767946062
138.38062218548254		160.74220754704976
141.06021372287185		109.54569593689492
119.75749316798593		156.1061476807745
219.71522127327012		162.3332943740175
129.3499182306732		145.63607362520432
82.42749565772732		125.52562473588196
187.75753801321056		178.6323232808989
119.05789592775257		160.8744255368072
131.6405641700144		169.58450994578155
115.09811989218278		99.61514233978536
219.31765844392237		183.89127874185832
105.37279414493752		148.729770106221
127.44045560856202		90.42115866159516
81.78518127547343		79.82537986792141
118.11787458119743		149.75966843062372
187.52193191713496		168.17614562159648
179.2025070254256		139.45555540043426
165.88830960696222		99.92482704924868
221.56257900862536		178.2866841739254
172.06581890951094		179.0993288666151
144.28050369444495		176.9505951743148
151.70954419889486		152.88833814494834
188.52259765567325		173.08624075505264
180.09838559641767		117.85219261128174
138.41724642871574		173.13111864797258
210.38213638545088		100.4612570986124
164.87612011424477		200.90587781656848
136.5024827626179		154.22889851241345
132.92891330114145		122.08168804338955
174.34219663662915		219.0958222514168
109.7794787254298		170.93677934167454
175.75269185208333		193.73944200865108
118.80294372101976		121.37408242788892
138.18402195403223		131.94409774009446
92.21249565227518		158.05045442130947
106.04564910722752		115.93082708915145
189.9481113780102		168.87440127299223
165.05384260034717		114.77708637537363
162.87580752984937		149.7683893330268
171.4358658162115		94.12994589594756
163.39449734303025		183.89671433289644
78.3442342031939		138.66464209450768
105.96744151012038		75.51596785903664
157.39664389453165		234.50945352689314
178.88281706888992		186.19311048679455
161.31121052079428		161.91397564593805
113.63238964884575		114.95112145092621
176.27120495509928		121.60584750552124
115.47000505746185		169.3200712053303
207.15003107937326		175.34025643445102
86.27864667811819		163.34495925910713
148.40462303486152		166.1052482809374
117.30500281762784		159.43372645475773
158.26765068130493		121.08787573958725
103.34451898946115		154.89636259931834
144.92753499245467		125.40331646112023
146.9660214058998		116.4287802487472
62.13750308691534		100.9651631648116
136.35406131790495		165.23563020110905
187.49949244477094		176.89992194352016
127.30972698763533		143.08089886951043
111.11805643303383		230.7365451685872
108.31402839106656		149.69248293995017
90.70696689592802		135.07023304702167
138.38370044364453		128.46997541836467
195.5427183820603		143.40498497795986
201.15107191238354		197.72431161796175
174.33554887854135		119.03908340882627
165.38014887760957		158.7324724350275
98.99830508406544		140.22070423592908
107.15910025855666		125.01147612321515
218.88991008890594		119.20498940441664
141.92812832887364		190.30184807761404
179.17452528271738		186.02173408037558
169.00079634121028		111.80151925929997
184.80810763311166		144.4142897761699
179.75068544145861		210.16581449221889
105.81434038653404		170.26142804151596
156.24758257488185		123.3747820287803
118.12061591748562		83.60763701400953
177.42876538835273		183.2998521593252
104.4337754786626		119.39585467032109
146.9609157603592		173.38849753354458
206.3770150437907		159.19024886852577
133.9674946466838		146.3040769313903
192.06618281607484		113.82862743190046
144.92311476369457		181.18053654422494
181.77110525537861		198.792922533537
116.27117851062047		134.99707290416228
177.15635029461257		181.85572037648544
180.12199172895274		183.28046400364224
197.78468357591754		107.89723028937861
160.64976662078317		134.539574439156
105.03827437333871		154.5230806281258
175.629211440975		115.04945927898184
91.01862722397193		174.26401277924435
164.43914685610434		167.17005916728587
172.8395877305611		82.40948465394644
87.99888512648032		109.12152828685568
148.71858186962868		167.2105808322944
184.40510517700207		197.87093953022918
124.04607295509683		112.55078228018331
181.96442252355368		204.0905913842548
113.62438185563046		167.23757647945803
155.24013425044396		120.99442528424944
93.00963478212253		106.06019921358413
116.3347927688025		74.35709900010178
153.17325010010472		179.3165694529246
119.64578042563845		144.40390844611107
218.70445575250082		210.53474799648978
194.4774700319691		102.39261157327483
169.10088511253505		160.12194896569
173.37273661240877		131.53992048805264
77.13705524745552		132.53394796019455
144.48704740942736		96.13304615513351
193.43719691904695		183.1266300601119
153.810373084507		164.76412868760914
93.83691129166998		102.39477856190578
157.20436171569835		187.1464283533644
117.3497106834573		147.63007797954387
115.95297131688307		162.51718936216486
136.12148613696465		93.84378146296527
183.73042229173143		195.52160243777018
238.366032856118		203.11900774243892
118.7331978779376		124.37030323502805
163.41190716298013		186.80277139354672
124.31949184096295		168.0316779327046
157.93351408744593		197.90961725079734
98.22417530999633		82.56080219258072
148.4252850180749		167.8698785717091
182.3010254220998		142.05384438320033
145.48557966117951		119.70031603536965
132.89180654672876		99.5664318876767
202.0189304498845		170.71462546710612
133.30686421021105		176.67449315711784
183.72320385123638		155.22008396557953
127.34257595696839		91.41392760610299
87.96350281850732		133.65662824319548
150.72428260265428		138.410328790886
157.71154824791853		186.87061817882622
123.35775492181152		170.46416341790479
191.9862124432286		158.01364730249182
170.86087218219592		86.17817290602338
118.06310318839176		140.45816961595102
198.94813743217387		181.7832267629046
108.97991780707838		129.87692784493495
113.82013498443823		161.7487745052632
187.8823076488893		165.45490261337972
179.19084161682554		209.81214150866137
151.22635653146116		183.7475992252457
161.53995730501947		144.96683144573922
187.12293488047513		186.636825721871
101.59867482563996		154.61658121309782
214.0794830332389		186.3113439091243
184.30314766400215		185.15034684744705
109.42003927433683		164.40547820016178
221.1040738003997		96.45382860818168
171.20732384453524		121.27623616499436
211.18171916535476		161.97134178166976
211.4660824328425		189.29673744489918
89.06928357593536		99.26061063460129
123.33459837886558		178.48158709355317
170.37810060671703		142.0980476350137
207.2517677424956		171.1225876872363
115.95629405737513		124.7927190827283
151.80667861395764		129.25495427982085
122.628393686772		124.41089648927438
183.81358476482944		218.19792538681037
145.4392653841913		165.6313954208626
211.2497478665637		130.09622049928464
93.08406692486325		136.56690356544206
101.23986862944517		142.8641214387431
99.09759707601347		191.3423035540755
171.2926715686214		220.22738336491847
137.74652890273168		123.37176421822137
151.86154558187087		173.49934022108522
154.65940734962226		103.50829441598474
168.1063092579071		169.52357382384372
97.21287240788024		153.80552365170053
157.66134123854476		187.5958189195924
127.92819587609932		155.6196019946057
183.32439151493858		161.0207667201764
97.45202680921616		101.57636371063043
130.08125545495108		143.36421194936165
156.85763789198828		111.33522060731957
98.34821171972739		160.81610124391995
108.88515121602488		120.00205624199802
102.24162727653915		156.84304547704264
183.95027962013725		187.03098465368643
142.44896433470464		168.79664727018053
179.8826745045675		102.12206047779068
152.0143991579607		162.84499008590404
131.6119942625962		102.34511778876784
120.75268107037047		148.85133751963303
172.03658659540042		114.757592715655
95.21498969855264		158.67293441202042
188.21187746598682		185.69138967423902
55.32357894117214		187.7677588044153
171.06602222740287		169.0099721304334
108.557717554376		137.70677487283453
119.17071210450048		158.941568983916
189.5613664006449		111.51517888594657
155.00107927995938		121.58504320967198
108.62914252814096		142.54719844265156
105.77910662558787		206.8170843950328
78.12706871583083		147.90527074872995
60.989090389977264		186.18431266977302
179.19952180902885		186.69872014631167
112.90657545016687		132.36914692616946
111.3641276617731		168.91349643421023
152.03806062559903		174.15535940875304
124.98549813236968		142.21861674118517
109.55592562301538		127.5525379029581
192.36644656433245		175.1876680780199
199.33689390864208		183.75275266622177
126.4743789228982		122.22287733367412
130.5240200245029		176.62788134901024
116.70349789612294		144.96712381090657
133.19754658065133		89.52665447178626
134.34047499528714		177.71064281448827
143.86403329288765		134.98607591568927
158.01299507879114		189.4008869048198
70.00048457547489		138.76032035071094
89.09239924602997		119.53373980563978
202.18152707115368		115.5391267077653
105.57980076021227		88.79048329358002
161.4017485032871		196.40535300845823
93.36571762393774		141.47653323569097
100.2131073067165		136.9211791328217
161.83041643661755		108.1686618950365
157.50677772171522		119.34829334096459
214.45584077655235		180.40831496222813
138.66145788847163		112.39032747621427
191.2145438541801		205.84533288400556
156.27490979008783		94.5637836785749
191.64914270705782		130.67606754876851
184.03903553264618		211.74789219947544
211.6464075978225		187.778831105291
135.97973190965348		163.04457017625103
172.1298461490729		133.15395776586126
136.4756268827861		116.78787350566283
149.42535233142894		142.36102422531843
106.52230200616009		111.11878607357666
166.44289619252353		88.61091812689239
152.23588732325476		193.09770356686812
153.02888623023853		106.34427460121387
100.42253322743625		154.7049868016431
174.47912819513516		173.71784228350464
157.38028525215728		210.5743074871347
180.45029893808518		128.44811691788456
186.79836246546625		114.15968958622898
176.1359817712825		207.1723435938813
138.41497730368195		162.24618074940213
153.05642063629386		212.69637121255963
184.84973280898078		113.04748016645817
192.8989192655024		209.02976276569163
170.6926368360774		125.80257210633714
119.4543071580861		223.2574466255684
148.07471547318806		160.73412749041086
129.538897921841		144.0121903836814
85.2687569072174		146.4305346099419
221.24633743487246		143.20382536069536
184.65988657898058		146.346544566861
153.7028605589263		106.35425689778236
138.91602904548083		130.06108301998609
165.69838503571077		197.4882158342329
207.38014815090315		113.93170288104446
126.32206623787253		90.7870130009512
183.61078653100427		99.7320257054366
205.6874242363561		63.798048604678804
162.57268501842702		158.99158437583515
175.26314016259988		110.71393833993157
206.96265163717823		82.60885318740795
189.56687892506977		104.5187705119402
102.96581250243275		104.34065044024072
106.95540695471067		133.90455269835104
98.32376898691336		132.83479778556028
170.0489711903954		207.79286357560386
149.48651219343543		198.38347358362785
215.25516901693956		124.64113194557918
123.63642725063258		123.91981644497571
107.28946429144294		62.94322020164006
124.77047170961922		136.66540381710948
188.98527957090553		128.3446221324108
151.40298451118036		93.47157288271247
166.16303060772674		132.50318864618606
214.83263917111108		226.76168795979558
193.62626252613094		150.43961994333458
141.25210819928486		210.57007630345586
190.00251588593642		135.4620588442491
99.09469430532255		99.3111337995104
166.8004941606869		216.6989052622935
188.12230824707157		126.6736657261456
108.37433700838676		121.31830672933923
119.67932191406265		131.05646749377325
182.27200414785304		234.41543017668792
185.326096663207		200.88410117406298
169.86878096525862		95.28579922506924
113.39796479197884		129.3808867937233
134.42861364120643		172.75329116029963
151.01183536353065		132.72889387825094
175.9037164541681		189.85416637684872
117.605238941501		139.6232455113006
134.8781047782134		146.0591157696663
105.02462953456964		110.0836002555307
149.3150265075914		157.20093828759934
109.13259475844552		179.2785454884698
161.47227668962844		231.0858268114073
131.06522352068166		121.80698783215284
153.20213669754511		164.10828521508057
88.8964242704435		125.31188762287599
94.24802324873907		98.04259733422407
158.17842308310844		146.70826782688897
119.967019393454		111.76180541597695
156.65744605601128		146.42935835113218
105.19291008543134		131.47559050432403
159.5425920418454		172.48987373411205
174.27913111835534		202.88720687641407
200.27198385464993		107.33397645975292
126.69580751808714		138.33675105474236
186.24398191396858		124.92347404633622
104.91569168663376		149.15868658249607
149.5617775891459		118.09451735888076
113.03799217320714		77.33713198996
105.39402141606772		131.92819170713437
192.86441199657037		205.24848867915634
75.63114678983739		167.26325832545265
232.35862828532714		167.55707136772568
156.3802872624056		134.70908910333705
93.64197301630614		108.61351971056331
170.80651896115063		170.56359004268603
180.64478658881026		156.38016818268943
143.87006779917525		185.44566496886134
199.7478843458355		87.77099980471257
183.89452557595789		189.59953817694225
179.05452335112633		212.75383393927518
156.21859301715963		167.57796155554823
183.50070755990544		219.7585004726823
89.45351684697883		92.26953948709638
172.18556292898433		170.37638914432713
208.85226568765773		144.5029157482582
176.71206389236204		170.72102987154008
102.03770117249024		139.92022104726237
79.33471437494029		134.09662013428377
211.88651476223265		116.81958755171877
190.86470906780744		202.02284395654215
166.75101117479875		150.89964147415097
94.19920337357232		177.4687432940565
176.48526237520724		136.30030436099702
105.33647020701922		146.7537992617297
123.54828661247096		111.03444794044536
72.24870368579579		132.3322935163788
163.65044297799676		158.81455916748746
167.04939433991063		114.23135758999166
149.54849221684947		163.43394580677148
110.50465132302978		126.75663446965595
172.50764235827324		176.3716700609981
114.48064991020983		122.35561655979437
194.10527755631307		167.07263333958358
176.11254864904222		222.5178179960949
156.97072208704137		198.6253959772079
130.3270026216213		93.53476935581855
118.7944678722295		91.27811539103925
127.3577374875443		180.81017049998525
181.34219947669808		137.99851740046495
99.8227172898731		147.16320412454058
109.72275963723051		109.39751001877964
123.69096224203894		98.53329668739005
161.85015308360144		184.3987775287039
180.49292099821008		93.04067236172335
124.56814126267892		160.01281515990385
138.0203972898524		176.529499787693
226.36754776302084		164.32716469152066
112.98903091700348		84.22952254743944
133.02001422409217		110.7682638822971
132.61673674925197		175.11952206258078
151.36610299738624		119.20124742898014
169.69795512112574		127.4755767482585
177.23377710572683		157.5861456635431
132.53985025996352		112.55521321946237
215.49885032961342		173.06655674060403
179.09344564188663		176.56275236997473
131.4055155261122		135.5136823537499
143.5041539614567		156.88386544618524
147.1162429190075		110.81193981115908
90.81712078399165		124.77911772820887
159.81249901424033		148.93462666980665
121.74054273093242		126.70024224632455
160.3333920075898		155.63616894190065
140.51430496076958		157.05134343101014
113.3856795530811		95.5760225107298
177.8876865029173		175.79049780205452
144.96045345380386		182.98658964186492
135.12872400032086		85.31837171228642
113.35957858052285		99.6932980699485
159.2435530850859		156.8621424180124
209.02402727780603		165.5981853550142
165.9700207304634		97.53831163901475
181.6013389047791		105.96371857198025
142.78324938609165		112.59937861534988
149.8342723573934		127.79277516846292
198.64269254876686		221.85623353289319
85.93420834265615		128.8754544962519
113.60874546186426		111.82499730263757
172.88979377424198		130.15781335482163
79.01475823641991		129.59363743682823
148.26427284466843		105.12877769702736
119.56337801149095		139.49630718717162
163.05585215164575		64.34610915754612
170.54196210539558		92.63622074524625
153.7901235655923		164.03109179805645
161.7341399617892		130.5996068995371
98.97418093720344		152.16956742198116
103.25546544672308		69.42170514786153
86.42786108484168		143.90247196589004
171.15732674361587		185.8680277790486
97.01017224171954		120.32204849483787
93.71529411934546		90.27299491498238
197.7857793189889		178.50863009210678
187.60078934376048		115.61999286833547
206.06848591853654		173.70793256299925
136.68040214759867		144.01610118832048
100.99985399462264		120.46981354305382
125.03187229555868		144.94676556394435
105.56589512351948		145.3640805801468
143.66391619709293		127.62100565633396
139.76417052189868		119.49205273244775
159.88927469323798		165.99454063869447
112.05764744505264		53.354742040669976
113.60178733582055		136.40865259092203
111.61816647715122		105.31605961226097
175.3200450021428		99.64827312470884
101.89863882981602		189.57198870205457
126.37819011630432		108.55416100663622
167.26083815663054		108.2662908411196
197.4010697664543		94.18348209793311
112.69962490945204		109.47965246716726
199.4622755853393		182.76413220875307
196.25506469280612		83.58670510729766
180.95042750665488		140.54061568028018
182.74268620987726		128.1224421339423
151.9984223756784		183.83595174578338
87.05958754485434		99.23259713426854
184.0714140199804		177.03879945778374
148.22256149208425		122.13706219041453
188.58930297014305		96.38086799438585
96.21862369128505		114.66612105722793
155.44644935671158		128.4801901460091
173.56641254292984		189.10708491081095
183.8279822815303		195.16192085710364
90.6995130431296		138.81612604470035
152.85640219859962		149.8056984017896
202.38147521010276		108.25558870422014
169.12687294248167		126.47367540356763
85.01829418090185		138.87164317670593
100.7105692198529		109.73790743966293
98.0857829205374		102.68646098826281
169.08924904702297		206.54301188122244
97.57910270318116		198.52854828770376
135.8055381365179		148.34045077884943
132.43204482533073		140.36480092474824
83.27186580814946		146.54721830880308
129.89912585335884		97.80525537227761
173.04556453419576		187.4866630474833
124.66709538654128		176.0717464542658
146.61709870842554		180.98083011255656
125.90602235824049		149.55857604444796
117.94201593833675		128.9899248737037
89.38744379678712		124.38499048541445
162.16371986747646		169.84489554797872
116.96405895315918		161.20397171011413
141.6477940079361		166.29459393415144
126.83923286401736		183.02892192201722
167.51264972479154		168.52289313482146
160.86389264808153		171.2523235172962
191.12695216478622		154.2526993856573
164.34689930191416		98.46112822179643
140.22747868993724		157.6994006224721
105.56912009126857		126.21093869721386
142.64751123554768		162.10319896340945
171.6655287628972		184.98246974863443
153.69589472809383		171.83750978127327
199.7804637160726		108.79334097772296
170.31889918109724		181.2731380584512
158.14385873036272		148.54312733900184
118.60838118486942		144.341287039396
149.62872627953095		205.757997895984
171.18837259313386		109.82267897383062
118.71875593566459		83.38192562978537
167.66423999594318		162.19370670494968
132.7531948401775		108.21498582282547
190.85640396040336		160.86894329865703
188.01303921061768		103.70862018544128
183.54750038543196		196.94847451727543
181.38656266520482		107.13963039700141
139.77630691167343		110.93903044607812
126.02452284339697		114.4420409655944
146.55904487187817		171.36952325559815
173.09913917803192		180.70951815459853
180.0576302514617		125.69581845018178
132.86030557415907		127.7235106313139
82.32134606584864		178.4551372309141
181.71887938438235		188.11035302200312
109.54912513746947		150.48563279404
176.27038919206177		195.02725709989858
134.1359267321624		119.30023022141924
195.21801781625058		178.24419484681124
94.97594005769494		110.89917468727054
89.79999444450462		91.97731736596702
150.43403139824758		172.48376556003961
198.7572059754738		172.25237965203087
190.00010659941077		182.33539654362207
139.1430850040748		138.1445947934128
78.28395314864683		155.28843125543838
122.5064156350315		82.37699895901534
150.93779825094714		194.23193589929411
117.34333429673572		111.82393236715939
94.77794011473968		187.21707715071014
156.58891232720518		150.85641663578
166.9057785848283		185.02632796161978
182.11313367493392		215.80906120900877
189.33816205869545		138.11934080001836
180.7551139437425		118.70720013514197
140.89091232281237		142.5753860845088
144.30423243294598		199.30690057788212
198.82912513136148		116.34811364837628
185.83094583052466		124.59955036795891
99.9628048715053		114.23797616622717
169.1308832285794		121.4011671050456
104.70103320542077		134.1605427869142
160.6784972423426		170.311766159723
130.56005747160773		91.91739418037642
114.55502487122257		145.90970447039595
135.02254676303335		150.4085779936159
193.09856669585832		197.3032675184575
192.5647243999024		167.6052305242759
225.90854957821603		170.9257344302822
174.4052793773496		86.20553502680222
183.98384515048207		129.36339604279942
103.21464494827899		94.18175218028759
113.50925741443447		137.33155494060978
186.6988969240192		165.7370691772932
111.95988613117859		121.39190487130207
155.14738946008083		89.36548372775341
153.19409841253852		112.42663633366723
100.60261374692321		83.94664952116996
182.8284369246021		64.11872756281457
187.04762739641728		191.91252462883278
174.61421753857567		192.93684614463498
182.83418894991655		102.41880198444323
198.57319921581524		167.21587018914462
148.1850762502137		192.06253640558833
113.11155239774594		105.52818244646134
113.25549724475599		112.48034362617142
126.9285971842076		126.59164852344125
130.31088716158064		233.11560150705134
157.69181020046918		117.10312306117044
133.59930914952557		209.26267376762732
187.1000076634955		82.074388842411
184.2872862195151		155.02336463444394
151.9575787203461		145.90993397164561
169.48227234543543		148.15860591724066
129.585345229765		122.8678162590739
166.87319815135925		166.33824898055516
146.10225237363488		133.55371459171377
131.75346579280634		207.6460606553459
141.38498989863555		145.24798721261422
160.92654346598474		169.06732264782949
173.06894166112846		178.182928663258
175.66550714842532		203.05396141911328
162.79449551951177		171.10917362166958
141.7860647014214		121.82164201696864
110.76772583623114		118.61274789887263
160.20876756369216		168.366924670046
188.94338232193215		138.8403118158852
154.54064812539937		131.80225751701818
119.50456740369918		102.5331394811507
134.8292180192374		128.55775715244087
127.68705064189791		173.97400401290471
155.33024808423744		183.136682139211
114.81347428262991		84.14566806515893
137.7710242202869		189.68785141746287
77.19674381882496		150.8033599749922
151.25631282075904		145.3580156220268
144.9924360515601		181.69442702656158
97.16407465088898		83.2760969506366
192.61378061232028		174.91036756140585
92.7162075153797		162.7970900185483
196.32073302717524		61.4192603860235
196.78328306079683		119.57545783080299
185.51309565464368		137.57374742429562
74.02857837302423		133.18223632016387
64.17698357218563		120.60217485621462
112.60554752045343		151.18275681899883
117.69983276734115		169.87686557458107
178.33528658396563		181.05324134807526
204.85946517059253		195.19426752325518
186.8717053340445		181.80626485435303
195.14118503173856		140.32501292858637
113.51352072209912		137.62923356553435
170.19241932824903		174.6748389418472
203.67624261413286		200.36864375531184
181.6615188930527		178.4767278022396
93.43922752476722		164.8210498883085
108.1873919138991		103.52569064147966
160.34484416962744		149.4913784716183
148.37373755686653		172.11796235910973
140.57589999415973		112.97657244629453
156.66139933400513		157.82520610944897
104.42742009079022		114.38244829121263
154.52040518234665		172.09557081355914
171.13017404596047		177.63486157143365
181.64843766210646		138.19042986645184
104.12446049421787		108.75386985503644
123.18447985955433		165.46928549034428
159.92586731987146		124.05785608187014
85.34007341648717		72.6009290259785
99.93791660338479		134.55368542859384
154.01213290647482		163.55353064588908
107.36042335790945		177.75103127958832
138.73480709615245		112.80660446251886
132.70860325035903		145.54827409999666
82.46791317264169		137.49326988139543
96.8660309987132		127.62342799417121
181.1703489111204		163.1323135002799
153.64474623536404		101.15695241200606
198.86430140515623		166.74405120037358
174.81142510796118		174.11227968871265
142.13425571857354		144.24002324593215
165.94570124185637		198.76580067250876
96.18532928862584		136.7616721524818
117.01182168880788		143.05054872709894
154.95118926534144		116.62224635150699
135.49024107584867		133.10195688000243
98.89537093820817		101.4505275165609
97.06932498303622		125.64966819113152
129.06842053841436		127.3103379077572
145.73932901072524		194.85266398093125
162.02498255019245		177.5994000122985
185.7258516662872		156.75677756419353
95.5203274135655		180.25206857197676
183.55434537364977		163.18139447771276
162.44989722964732		134.0250728695067
131.20505277130212		106.24986873943742
101.37178250654307		164.7957194470946
131.24478463462208		180.22708558544022
115.4085130917739		197.80950916277743
205.23848670978316		60.27897340057458
141.15006363746608		148.98673712809529
188.46372524475908		199.11184676850348
106.16264715970077		135.2038095868346
127.60802538201429		133.64472621402
191.7249729371413		180.81387822704662
111.67695615675096		151.56675392831215
207.64449808007495		192.79957372057342
134.9523991925136		173.71282576291756
165.96216392118623		222.63435165336725
193.0853942376329		108.17344427188118
180.56125469991065		169.63862357492252
103.22517514409881		137.27033857267773
179.88054191341945		186.39204885712218
79.4458428807141		144.37726202231258
157.83013792695004		147.9119443100672
85.7709261116654		131.9463752130621
165.36942986341242		156.00394469422665
166.50507259682266		142.2675418882325
206.3041575228653		182.04046729631972
183.30175967427223		183.2161388546928
220.2550511547338		189.61824045040817
89.80305329043036		144.56305167413828
198.21491378506838		191.08786467112498
107.67159439131919		163.3393565126537
109.9188473445197		181.15800516453976
235.61166011793986		159.84124991733984
104.45318105562122		68.08016085655575
179.3369272796614		89.1777590981145
127.25579698995585		132.07681284967603
157.53834507639874		174.42155130311556
187.3441958329227		202.86367548599728
100.88559130953858		95.46392816870173
119.05432036724079		68.07611177486987
187.43877932215466		180.27016309144744
117.964859690123		146.57812425591615
172.71441234429926		183.43489140465837
104.19286238799309		132.12774281835522
165.6838585075474		119.92393540565251
144.8463905082878		164.9689318027509
169.60731242698603		197.54548952820278
106.5892731270321		115.44201404934714
112.56810182226727		129.59501822005126
133.3034820378045		163.39834903192434
157.18302966962278		126.63710182214848
137.0315771268716		97.94325005162203
157.28640891905087		199.4782163917424
101.73179337148994		144.04551038935227
92.02223962480767		85.99442800656992
128.9957647132503		102.0211723226056
143.97772521881245		149.28376527134085
176.28317034149103		197.34466068093036
189.48112844117375		190.7457922857576
110.90072190015906		151.6666501536073
169.090891505467		112.4182759014423
64.25033560135934		85.35349863178972
215.12675308951563		108.9847627882456
156.24354189594422		144.44920637070524
196.3586516760915		200.78045009069882
115.21998700797572		99.80641195216225
104.25129132122211		125.39089815420016
183.30614431437638		177.9062975018693
120.5102985851891		75.29759574621968
89.70510607747354		117.75519229027034
159.1877855453616		205.57918330755084
168.52480855429587		182.1815409949768
110.00156306236477		118.42429618109144
116.5236409371925		166.52779796639348
161.5438990307541		142.3415039990667
146.71510547464658		114.47972479737159
79.74336439885869		179.413859809824
190.27986295933778		180.75398775824286
175.2817861821642		140.09301611741645
164.07720817369736		128.09342201964847
200.8805229583967		88.86289309323521
72.68140730249766		95.40208026474718
169.61998893658068		173.84922399852624
147.03685657970038		149.44471991586644
122.5859710393379		152.94673191472472
182.10142925665906		116.24666290136376
120.46037364767163		155.93621148476305
119.81766706869573		99.29870977467021
70.02412005182921		95.3047838502252
112.6045677298921		121.16032716744031
160.98438889580086		112.03746564859266
201.3050094163137		191.39504948812547
141.41143761522673		150.08294985446645
102.77928243307788		113.38780234850573
186.1373218316088		105.54855967878798
105.27407591317368		166.95499200753235
62.717173137752404		145.09877150543326
197.73371795316837		185.9611118884304
90.1951991415823		145.2601958316667
158.3422317011298		113.60369825345153
145.14830290532112		168.12725060387567
124.10042203257967		183.17101743268495
177.61758012397408		180.69834189015543
188.84586744725857		158.9323103686715
148.92275635529808		129.55669761939538
164.45033439955498		142.4130453176781
84.16643318384646		180.04422218080276
210.7326434864813		194.37575279979873
231.1852333670468		173.66545132464003
206.24686015145193		129.49645876181046
59.030127734067335		137.89115080737807
86.5358341146549		79.84193249466159
139.74122403580196		108.71197611842248
116.75192166964021		142.8105033575487
147.942928792665		128.1428302650016
187.56393476464297		162.7181005592498
140.12196306122513		145.4477893134544
107.00773093581326		124.27853832331839
178.04698717949537		151.87093174079132
178.6120829556656		132.76857994566512
115.68701009782119		70.72520922068462
167.81856507655945		226.97901950796432
178.97162841752345		137.35273782521384
208.682366953796		157.8236927243315
111.68315431919744		136.04769210272832
107.5804933024629		146.22288255071817
197.6102601955609		166.64464534776045
111.0668311804907		97.15087295433308
138.64612799702405		190.79337890320784
168.44545418722737		176.3148251298457
116.44335765630282		122.54571189945909
201.73407680686762		170.61536336133884
87.25505432018144		130.50504964593813
117.61345395704812		140.67941630482073
178.0376645582293		85.22134095335106
175.97437959978674		118.66917293773271
147.77490227910647		141.43152262754634
140.89803474898378		109.54991418458836
96.45427025406839		135.0689617227091
210.37598712624572		182.56114578382793
196.90892470934736		212.66977009349455
63.187725396456756		138.75036170154917
122.34644122711335		146.32506744958815
142.75297549535796		126.01104896869924
107.85834193428404		140.30842660942992
118.97631762044004		166.2914261786191
75.50745317324254		78.10875999303062
157.42135540306333		167.89562755174276
172.9727545486629		201.30123488798515
133.01326841652875		175.63224772933378
127.08817070282008		146.9489873744652
134.02046238670425		196.64694038957873
192.00482693196585		165.814864286993
131.95940984979387		142.42625262389856
207.71241895650755		132.4230781277845
100.70452775611793		99.66327318601247
109.62308781043984		135.17093369803277
174.29566848903576		159.80264234149536
115.03852986658838		170.06179958562402
114.66991763788299		107.71594953677165
195.0154724246208		139.233019342472
191.2819756939028		121.19692427891907
108.09311478302996		112.91263688979676
182.7032485749065		190.6491612228184
203.86548039722592		212.87796583498138
200.26034992855244		195.48985827283545
167.27850700382513		197.44627785142632
104.33081072564859		120.40540084922792
217.38834657761905		98.19621510738028
114.41238748066183		98.24953609835188
178.5185598007853		119.83332866441145
172.706406122295		149.95930227514194
124.90806169222328		158.57697491782042
153.49620486703648		130.90976460997106
86.82678030294673		145.1059585294691
159.68368905381377		172.82618671608373
183.93929316859598		201.08676949253376
172.79443995280673		173.70100174828255
109.4742422323018		137.72331833889712
172.32486090548434		115.3503750470907
137.97225012493976		129.2867990623971
168.89912871742868		127.17447917236052
166.1338123853389		102.13787028293044
99.06072881233585		184.89397200431134
175.54475294751055		113.67424608568014
145.78796021567734		127.26860805301473
87.13428966995058		183.87873329220776
178.83466315812007		120.71769233934977
187.43816923355848		123.53172939868782
111.66615925044266		177.88296066609828
76.09840194314654		139.4233915395373
156.41271835776004		166.9612072388108
126.82127876200883		124.9517074434043
114.48227544893068		154.05027769202724
146.2525938029787		181.06601262439
193.41199491821027		123.54918070219304
167.14848454046808		125.59825705017919
128.0719270597601		105.88710248656768
141.4013384081754		122.40452582857418
174.017420636615		191.84211101345366
114.17455050050476		97.7303574556431
173.97426622631988		208.50173118460248
185.29879171476506		137.13781921080613
156.0080592483703		103.23233046179138
153.0020490067331		145.3656845330307
99.28953028373606		89.43996490702885
146.45635369783005		94.9427326428761
136.17960345056397		114.85431547804238
162.3943300646029		170.06850082337272
132.43524556187936		159.80276438290096
177.59216958614456		146.21532841804301
178.7190013696362		188.22837680597058
120.55177116357777		232.0161701319723
177.9046636963089		182.75313488894275
152.72924603454436		122.29460105536508
154.46632419087024		140.48089439780588
149.9338893971572		112.40817810130339
132.07541137906344		145.52545498666225
197.18324213604012		209.13866943246157
171.63403019854888		109.7481682029932
90.51487927419868		146.77634014315478
161.35006373194597		139.28754486305138
100.92711876240801		104.83498031015208
171.02198525642603		160.4545346833193
215.68083014070845		215.3642025432894
184.69076290087466		126.67463088648836
226.64631259980476		152.0736729793137
143.88651484444435		125.3206995022026
227.437500997833		105.83276881585817
80.50591179890137		129.7864245730122
149.20498875843634		152.3257195395343
172.4344226032254		193.30462953929606
216.07224663290995		177.85505655151152
160.5882603975949		175.98424256294106
106.37216179227644		164.41620120149537
105.8807575291652		143.99112507553923
110.4965464408172		142.96764767293385
118.04908048416513		91.56908549018526
213.5798309451373		229.82425519263103
128.3644324228383		155.14199223508237
212.43268251643423		107.35449271935222
224.98215048749591		204.36843213962163
171.1312876189396		96.45996072411103
171.39187462836162		196.81711544690864
97.29238149041834		94.14295873356582
169.73679274606644		135.80557082227654
192.94976473500344		177.029127539861
129.02295230756454		141.10688361204606
107.43799122648862		158.19541358111672
117.560100041043		111.12741556877057
130.27572953595575		164.42623912231252
137.9953866386981		163.32997087253096
166.56374980318205		182.81266571663207
130.54911467025576		139.3071454923421
138.36542106283355		122.81945015187758
197.57032630147867		132.21290615461484
74.4227661848171		124.23170070314775
90.34534837214429		124.0469129253877
191.7758380335895		154.81714697494007
149.33987387735843		140.8584070940035
100.2684861697023		136.33639706160264
185.79015681257323		150.4203076729331
117.98050989630815		217.25636033526445
183.01095358625986		106.32140094156429
137.14170867960433		102.14285570779865
140.89503374782146		125.05366196705779
160.84070665589223		195.98963123003054
89.48512835039512		138.0661941155927
137.0934999205154		176.86932119524903
195.73785789201855		94.8476073185513
130.3613881702281		180.33841750968224
121.93189467262056		83.25329246366906
125.06479453662114		126.37496555689894
144.4207709230818		176.25624825003976
170.99134371000991		231.40173273929216
189.90042037037298		138.20910424376905
221.5108274111995		128.15383460421413
123.71142480858146		99.71185175595055
111.39376657344697		136.81915551779252
184.85881334693107		161.6725057792923
109.958825482474		169.24849834767969
179.85872825185942		142.187592758772
173.9893877053491		154.63766880985008
80.67576276348566		141.14245336240765
155.2649049147118		122.733402521315
95.9790818305276		166.16801252297762
128.04127849029513		157.2742818577071
219.6871002043664		136.01368143371195
79.20698426018785		123.92347608770451
83.12159002474375		150.1722761648498
171.94574659557324		167.3342536893724
188.89917708298202		115.22666056351615
189.18983308404205		166.6187304037991
151.01937891528053		123.02234021796558
192.02607577674212		189.10624748102305
152.39222706430473		154.65481547351905
171.98577284227204		149.5442060971901
103.58398144724978		136.66839016889267
190.16141581307932		131.32394801249785
155.304212494471		143.396376576623
197.0866509592501		191.32767844763626
160.81244117480136		110.47059243992514
162.38365921602573		212.82364625806298
131.93719234203465		118.9665003528332
173.6933150836244		174.65845474428997
141.09270638010736		129.27878680813592
123.21836388350276		172.80647942014133
145.31279735470324		150.94025419179565
115.36947124405118		164.00364218255473
111.97265930614411		141.74733886819288
75.98534656224386		78.63765266779738
79.6496867346745		98.88399769010209
172.2630693182231		164.78056718849936
136.5262615958647		166.10999605993
163.4144915146219		142.03490176210852
159.27018306298697		98.37739085877544
122.09441912933016		191.27937677431422
157.01112294689108		141.84881134905118
141.42368577952934		130.29022623005233
152.05998363205927		227.7216838266334
124.84493826160461		112.57392022801707
178.13995997011904		127.56015115690579
104.29398349745982		102.49777969300851
173.52150068758976		185.28578298076977
157.32957633834755		95.71088175093473
196.42334848358752		145.27710432537413
177.89664479579693		198.17521047203795
210.8399210458036		186.93520474373125
97.76503555124714		183.4195875644313
182.2717375105794		186.65580416404924
105.96883735508925		160.0536968892891
182.7399296349134		197.1997940844596
190.7320518552433		160.75691947151938
152.13514348494343		150.32232050761698
75.97773733190003		134.5534268956329
100.06285424487702		145.1805611615053
119.76876744765934		67.98374296979406
83.37013545281714		131.56229810980608
124.91383593183883		103.98829649581216
110.83916226972626		122.86953285211601
127.2314481396728		164.28187199371058
97.99615732951261		114.3072304254227
106.79715594294197		105.23060022906935
167.3790874414326		185.06904253796318
204.36950642876715		91.28239518416724
194.06823135815029		141.59834348690615
129.0706301611598		189.1215113838313
189.297311190152		127.78867810549923
67.9105126185904		136.55427968682076
186.47927601422168		173.79329818777208
196.62621908114662		114.8272909168853
111.68880099181963		161.45119096685298
174.7364875899935		157.90963694698232
179.16458633022228		209.06924523802823
169.03772958692286		207.05887301845002
148.41457457512456		133.81007411581155
135.02879350433923		148.6418645707675
140.90313734757547		136.11315078650506
154.99173873236901		178.92880491392717
172.724669615987		163.16373335972645
176.15734332606553		175.600782488512
108.40437485840425		85.31298747055767
144.93754900212997		139.6734611746469
154.27248993462027		107.5095299272696
198.6317637785512		116.10331109612497
100.34397578722151		126.02542645118551
75.66829833453627		79.35634669036342
178.5726941395156		155.2309639357889
178.47826653821153		191.19880912417358
122.57695503511154		149.5864031238644
110.79940440040752		172.97830472843305
170.96482233191247		93.33435284280324
94.07944661441643		114.23490487241003
94.86768847582867		139.59744524731758
180.33848287920128		208.4702787357336
174.78879513385266		143.68313580016152
203.91413292761783		160.5859326610622
92.61493553967352		95.97292433256314
66.10462756515301		158.01207394365883
175.96587398520816		153.67195930029703
76.81879568763932		127.35574970539612
88.42330279548648		143.26262890333203
169.67737851578363		175.41482203970327
161.45328192829913		171.74579330229133
175.4246916232172		168.84326859390185
126.7430991087495		125.41420620959164
138.95790510346745		112.35472843395229
94.1293739786467		143.4397224328514
165.8705760013902		117.10820381078746
169.45780191440895		173.75273469015963
153.02266421489776		160.381523976897
132.59210907498678		154.55294211748412
203.4828615689256		213.76228124099876
69.65577079207192		144.15869430788413
149.27955795901164		122.07210840844752
111.6906041504483		80.10619548990238
148.85953114272456		119.33069842689007
121.95864199436389		134.58648813628793
212.14349695492967		188.95524624938895
200.208285037508		185.1582042378152
208.3437551956924		215.98988678217378
131.8056336305836		178.84595925123784
128.2249596170564		126.9978947660451
207.1955062141755		180.24793451063374
125.50994947941251		187.16562640361613
101.02747735907221		202.59194674400123
114.35585275361473		170.03369514290898
200.43093937367283		189.66277723210612
153.40731691656464		136.125193895442
105.48786367962592		131.71093408967445
177.93487624635122		181.49658705376015
183.50995639021875		179.98620051184182
201.81339576773394		144.10106554965813
87.91987490004102		131.7022449632575
177.4953531098912		230.0968015518035
93.67553632906774		150.1891007888189
101.18220436192769		155.8817197160314
188.31187669972644		185.43416290142682
82.17231219010296		121.805245628405
100.05033603872296		184.35531043437965
129.0734721919239		108.12944599309785
112.51925002163603		81.44090856254851
120.7762211414344		121.56447366068643
122.95973324273422		170.14473290272545
107.2023641124025		162.9489419933472
173.9790143651961		162.95253078317336
160.13196186714083		144.26305634248797
129.02032902084682		172.07198272580075
178.56830766098915		212.4935986409477
144.1204269602422		183.80686539607186
98.56954858466554		132.09078886957553
181.45118649181677		61.251080636643024
108.25502903733512		144.4835099955207
175.4570461939117		178.10760967155937
143.52649996481696		149.8549901795056
103.27075950677488		97.89812929844253
180.04539284226246		136.88268946871034
82.1639335218399		114.35264306299538
204.83347144026692		114.24588940747086
181.7640941700649		140.8507649328823
176.97342484383728		154.67164964532537
142.01458252423552		66.15077120880875
189.10226138631558		192.281754196253
175.45999686389553		183.05282408901172
87.91134770144691		82.59139079128337
117.77275067411156		75.48355831293904
211.0591215434169		182.8693252964917
206.40861372942229		175.80208632463
116.51717265293739		124.86046652928903
133.82247413761377		128.07354418517522
130.187839507658		119.76301525479988
197.45438071858473		142.11558044840908
139.4017858998977		147.71057907687364
96.46804222952989		152.47970037103025
118.13129157167194		182.5192573605417
155.16541700850405		140.650782958082
145.17378473221802		134.11142062323248
82.2457356732503		186.3300553173025
107.39578360422603		186.4952851450039
111.4914928873046		99.773271760846
107.21293256390696		120.02525122764384
97.68678411341862		151.29787646838548
134.28674554125294		153.84963041307358
135.13057768634954		104.96820310419571
182.02342377040083		214.46478891962113
85.94725433018634		156.2530341007152
100.2462258693665		123.91060789805671
88.41440401082154		140.90317234895824
145.52584381786875		138.19896209208054
185.04561384559207		202.91499449830897
69.50749907496541		150.65664009426598
121.32505837198552		78.32075619501236
204.78610580735955		176.74396609449263
187.63634526406855		203.99019505437943
123.59621961151936		111.22694625679166
172.9107325986556		161.03415464993213
112.68061419915972		108.21258103039155
89.35973623401465		99.16407050271499
128.84046773638292		158.8207284753688
126.94472027104837		185.8930614585212
160.63521942994504		108.56339291076594
200.05849048844456		169.79034428426522
112.76605691702312		75.57470996682204
164.8974382511921		177.14212650523382
95.68078240154031		73.44133342665742
210.34278487305852		156.50436443464932
142.1172328327186		135.57929597163138
179.90479735772084		176.12945340534455
130.6587678821055		189.80441885531965
189.63430703266502		169.63260927995975
155.69854862710088		159.3440394061531
131.0818954203207		146.28500435433392
178.99321061691862		126.83927338887112
213.71003598983629		159.778828027562
123.57785455060352		136.46390553275953
160.8151717985227		141.3215306336954
138.8196798928003		177.96758940660675
128.7629613343223		130.2035115854532
145.15546267884895		171.07192323228068
168.78333342066261		207.13216245753023
180.17880030318054		203.2467599057054
92.38548322324344		179.5271663595404
162.17711801823395		197.4670025199103
120.7830303118937		96.32847081505757
108.59246718901034		121.72306968688895
163.6706563917767		163.86632559140088
162.63006067972387		149.70999593158513
75.59260697310364		90.06133902470194
199.6699342621116		136.67772150699983
227.5639570010898		169.20591173444012
116.82834556519533		176.74597247420994
105.25266182642406		171.1589521447134
130.71158810541277		156.97175333875387
127.55364368449098		134.6036995798761
88.79125155218821		130.80848545055463
192.90612274329976		161.87675246599923
66.54584079692665		98.00670419906537
102.55658816197318		63.98140648519706
194.02957942478622		155.09704751994894
120.77272680910517		96.67889110802685
182.06192698180922		199.01155650602075
179.75734484101702		171.54016076657786
200.46893025149768		105.22500472085649
148.96677577352747		205.0207907375957
112.86790753216387		152.59408212542533
146.0550812878622		108.70062777656015
115.20269455279913		169.40231570352216
171.5669762995265		188.56660370053805
111.31241473708471		97.60350884674813
133.22872007296195		96.57651526408205
158.53793243548208		152.45713042883906
148.97357178255038		183.65015869587114
160.54924472622218		186.38548269646006
135.66448096142193		122.99083908087786
82.27765314641543		99.98667014212553
149.35274938254207		147.448364753881
176.02647940428858		107.90438502922177
147.58951877590454		164.98485580866284
61.061468644541996		182.4065449385864
110.0468511156373		107.58691726174114
99.45721949158481		137.62312366667854
150.583673766045		139.4000046316097
154.42383991856624		164.88599953370516
110.37131584539372		88.58427327939143
127.53525107796158		157.62886936112304
174.6330734912399		157.52654627477798
187.79273256885637		204.65228726152273
126.3598442551343		205.26383167591726
114.6929573052281		178.65282995063987
185.90234119666798		97.68218620501848
159.5617545706827		194.55994073207535
129.90131333372545		95.92693250872269
183.4808867524731		168.96124252378056
191.64398855389393		165.1967782430125
115.61239016526972		143.65554532866588
149.56031867301326		88.44145513313235
185.5420526809914		175.40705608699847
168.3599426250479		164.66285610693572
111.41710753532442		104.43412933852045
119.96073764217822		105.65996562238682
168.68295898747292		98.62187239796069
67.70174402500784		126.92717415400026
175.99887379183235		165.22999905622066
147.54950628947984		119.39061504940028
176.48901778755692		168.49288138165252
186.78701948119567		160.97803402128906
87.1892004326412		139.8829574830444
71.88171992154832		142.97534132302454
130.12436080507493		138.30587086300704
151.27656957669257		176.40658973246602
196.49343476384934		106.70015791883647
172.22289925844916		160.8952792264377
157.9944184150262		192.0312559766213
148.7259324258787		146.61534166596658
178.20336300066208		132.99449726493145
117.71005664158228		137.57844058177156
98.62860591728678		117.67986655774271
126.89802399806582		98.95180897824474
105.34306245168696		143.1500041182523
186.16887247185292		225.0458299736177
114.58018880726192		126.3189709901172
173.74853326271335		117.3835778120849
154.24832858683197		176.0155693569523
160.71043905278208		131.36554901812295
105.72130438052645		142.0527922060511
169.91189640204445		131.44291661672676
127.72779871841581		157.73732368469135
110.69606403783158		92.25317677546207
164.30116084032338		119.1945998582504
99.41158643706211		154.57625325209025
178.16566625364467		149.01714521294855
77.10904689174225		105.04695935082836
115.9679708986936		93.6583343589939
102.71548307204228		147.70604431329528
171.9143242628311		174.13702211172875
209.90618058152918		194.58349095031633
173.78150286725852		84.14650294243893
122.99315976911718		125.43221262646574
169.33870632852384		191.55984440677173
134.14703845043425		79.52682697356283
141.97703462417076		147.82531000450862
175.13481846836703		169.66494926859272
152.09516274038413		122.59058150498964
93.47152247877382		118.2873263365707
83.56172149532276		103.72775283733837
140.1009247875871		166.24869450765004
171.12928837611832		185.7560299075082
139.737691869805		147.14119364534102
93.99680977684994		112.20161108284958
117.18198254735691		169.57935621306268
126.46721679988654		144.99712353942473
145.8702029534648		186.9372602565594
158.45940158978007		150.17326202145142
90.4125569240008		93.75418022332971
93.70965856416073		117.09681793422935
106.2257056202754		177.86497114386745
170.52618655349124		196.12910291970624
109.95827536405696		122.3183892917053
153.13818083375776		140.01685970285368
198.9673956420197		156.40555404957814
208.09512885096674		167.93251611429247
196.37454900506214		207.2148394547782
104.16610933290586		178.6826757805805
145.17937115166833		134.62574466101842
178.72546924073626		154.5259852721336
141.6210043176962		188.27415966739775
101.51656969848466		97.9516318384878
165.7960672574409		94.08026933395746
84.93264256957467		158.50364563993526
92.91422869014502		121.82379600759121
164.84885700617076		126.9283940463698
189.9592457526502		142.89977735185113
96.46550067185989		126.03790050212918
127.4282473074033		142.77606669913808
171.1836051318098		152.8652489944056
122.86635543453971		137.06823334577803
124.1660088714682		88.85429400470171
120.40282307859195		148.66319169011547
141.47997750038002		108.66765953829093
77.94060311913317		147.401916617623
102.24035643031435		99.53702572843784
208.09956304082627		172.72521543590503
185.39421747878578		177.1642768034258
125.22327074121229		174.21998877807818
105.9091499294444		114.62177041880636
190.57241265613789		199.94538319006918
100.01212141886062		169.1048793850053
170.01189605138487		157.86305409273498
202.21214642891485		170.0655215224997
171.55792890167726		169.0929138665381
167.86802835918135		120.2176909775287
145.96809025063035		177.35429895584136
149.60087292222124		146.1186645483944
147.1969336155031		123.23527012585652
99.70672340212559		98.71888647190427
127.90363584136801		93.59377896419025
120.72138326623713		172.41266298290856
77.91653083496107		155.31649368461154
195.57613306778973		187.85654402818804
186.5764767539805		155.33352918405856
174.07048993073587		191.9263469191587
137.3842246534452		152.54416215127054
192.2700508818494		177.697711054811
155.22806262416225		109.88958999807129
106.50821153281387		106.6003231558714
142.53220204473035		148.49286521484345
120.26357332296094		119.50822828510162
117.47466183896881		113.6336346534531
175.33206212229265		216.5155695187505
185.44686723379533		183.4654794491712
108.80488579792791		133.0744297747966
192.75358429680313		165.42566574178517
189.49055504647865		103.82918233836608
121.8125488124573		181.04230212530467
122.16844150184237		123.63816668993273
165.0946367555145		130.18145048348944
158.3367324202923		167.1010210577951
169.26940867267874		186.68773448742235
183.59280694187441		167.87201638613925
94.33458845510498		133.1688079331134
90.20705134881608		141.4002862477687
211.26582580687398		162.1378747768233
98.47340167944375		143.40818391657953
199.54464459533938		136.34682206693722
175.4090569712639		166.1582652386941
87.38656892757507		159.5686125587785
171.208736599734		208.63560996490475
107.19815993952145		137.93012830574
171.75099759526466		121.28447134765074
